seed: 2715117892
fps: 30
mean: 0.125
std: 0.025
max_delay: 0.1937
['id', 'frame_id', 'arrival_time', 'deadline', 'lost']
total packets: 27107
lost packets: 69
0,0,0,0.141785380688,0.1937,False
0,1,0,0.153732703742,0.1937,False
0,2,0,0.0996351202625,0.1937,False
0,3,0,0.10626895824,0.1937,False
0,4,0,0.120299278141,0.1937,False
0,5,0,0.108638458421,0.1937,False
0,6,0,0.113004924068,0.1937,False
0,7,0,0.10520663837,0.1937,False
0,8,0,0.103759142891,0.1937,False
0,9,0,0.0838591706409,0.1937,False
0,10,0,0.127769715472,0.1937,False
0,11,0,0.145055858651,0.1937,False
0,12,0,0.0954171512903,0.1937,False
0,13,0,0.0976520700241,0.1937,False
0,14,0,0.125863797215,0.1937,False
0,15,0,0.0939671571761,0.1937,False
0,16,0,0.131306460891,0.1937,False
0,17,0,0.124214553703,0.1937,False
0,18,0,0.0962721420874,0.1937,False
0,19,0,0.13527978024,0.1937,False
0,20,1,0.151573038839,0.227033333333,False
0,21,2,0.206961518425,0.260366666667,False
0,22,3,0.219737526943,0.2937,False
0,23,4,0.22780589705,0.327033333333,False
0,24,5,0.302445236531,0.360366666667,False
0,25,5,0.261870565871,0.360366666667,False
0,26,5,0.277474419304,0.360366666667,False
0,27,5,0.306007795456,0.360366666667,False
0,28,5,0.30688473418,0.360366666667,False
0,29,5,0.264220887838,0.360366666667,False
0,30,5,0.307976369606,0.360366666667,False
0,31,5,0.292155386574,0.360366666667,False
0,32,5,0.268317717095,0.360366666667,False
0,33,5,0.326774067814,0.360366666667,False
0,34,5,0.330923243806,0.360366666667,False
0,35,5,0.319056308979,0.360366666667,False
0,36,5,0.319093931922,0.360366666667,False
0,37,5,0.332904162671,0.360366666667,False
0,38,5,0.312464101847,0.360366666667,False
0,39,5,0.258239005228,0.360366666667,False
0,40,5,0.255495053717,0.360366666667,False
0,41,5,0.283742911479,0.360366666667,False
0,42,5,0.320466361504,0.360366666667,False
0,43,5,0.28574481317,0.360366666667,False
0,44,5,0.323620982599,0.360366666667,False
0,45,5,0.276313309588,0.360366666667,False
0,46,5,0.257427687137,0.360366666667,False
0,47,6,0.340003752125,0.3937,False
0,48,7,0.294799036418,0.427033333333,False
0,49,8,0.438494341771,0.460366666667,False
0,50,9,0.438659068929,0.4937,False
0,51,10,0.446307070132,0.527033333333,False
0,52,10,0.450093818502,0.527033333333,False
0,53,10,0.491081086608,0.527033333333,False
0,54,10,0.451103319598,0.527033333333,False
0,55,10,0.465981401353,0.527033333333,False
0,56,10,0.463798561913,0.527033333333,False
0,57,10,0.429024690247,0.527033333333,False
0,58,10,0.427371643287,0.527033333333,False
0,59,10,0.447665692911,0.527033333333,False
0,60,10,0.424098959114,0.527033333333,False
0,61,10,0.471100177074,0.527033333333,False
0,62,10,0.451335340676,0.527033333333,False
0,63,10,0.475365560873,0.527033333333,False
0,64,10,0.436426521003,0.527033333333,False
0,65,10,0.437205609486,0.527033333333,False
0,66,10,0.446694481288,0.527033333333,False
0,67,10,0.477571596439,0.527033333333,False
0,68,10,0.462364072687,0.527033333333,False
0,69,10,0.48154923775,0.527033333333,False
0,70,10,0.426515553674,0.527033333333,False
0,71,10,0.431160604545,0.527033333333,False
0,72,10,0.446573516734,0.527033333333,False
0,73,10,0.461234146306,0.527033333333,False
0,74,10,0.438023056889,0.527033333333,False
0,75,11,0.470276575517,0.560366666667,False
0,76,12,0.519070034155,0.5937,False
0,77,13,0.548988705173,0.627033333333,False
0,78,14,0.621453188885,0.660366666667,False
0,79,15,0.623833460298,0.6937,False
0,80,15,0.615305213477,0.6937,False
0,81,15,0.642813658388,0.6937,False
0,82,15,0.631435062513,0.6937,False
0,83,15,0.630482300712,0.6937,False
0,84,15,0.637042449679,0.6937,False
0,85,15,0.592419163263,0.6937,False
0,86,15,0.631127065869,0.6937,False
0,87,15,0.63891014178,0.6937,False
0,88,15,0.604004546203,0.6937,False
0,89,15,0.627828907421,0.6937,False
0,90,15,0.625879417217,0.6937,False
0,91,15,0.636508690465,0.6937,False
0,92,15,0.642301241662,0.6937,False
0,93,15,0.6300380994,0.6937,False
0,94,15,0.642410160447,0.6937,False
0,95,15,0.622912917615,0.6937,False
0,96,15,0.62825527026,0.6937,False
0,97,15,0.647494117823,0.6937,False
0,98,15,0.61914080732,0.6937,False
0,99,15,0.608475104644,0.6937,False
0,100,15,0.628334467579,0.6937,False
0,101,15,0.652143147337,0.6937,False
0,102,15,0.633309611641,0.6937,False
0,103,16,0.629578561952,0.727033333333,False
0,104,17,0.657573961292,0.760366666667,False
0,105,18,0.756315397909,0.7937,False
0,106,19,0.781422324558,0.827033333333,False
0,107,20,0.762751838092,0.860366666667,False
0,108,20,0.82629151798,0.860366666667,False
0,109,20,0.811954291072,0.860366666667,False
0,110,20,0.74861845363,0.860366666667,False
0,111,20,0.780548202158,0.860366666667,False
0,112,20,0.764719585141,0.860366666667,False
0,113,20,0.797530087223,0.860366666667,False
0,114,20,0.787532868128,0.860366666667,False
0,115,20,0.803723367871,0.860366666667,False
0,116,20,0.764494586101,0.860366666667,False
0,117,20,0.748991576405,0.860366666667,False
0,118,20,0.787382745683,0.860366666667,False
0,119,20,0.85043318281,0.860366666667,False
0,120,20,0.780794933711,0.860366666667,False
0,121,20,0.782040974982,0.860366666667,False
0,122,20,0.803750232224,0.860366666667,False
0,123,20,0.80563257573,0.860366666667,False
0,124,20,0.785356214673,0.860366666667,False
0,125,20,0.805777499321,0.860366666667,False
0,126,20,0.806637799657,0.860366666667,False
0,127,20,0.851551867102,0.860366666667,False
0,128,20,0.810892084493,0.860366666667,False
0,129,20,0.796965613923,0.860366666667,False
0,130,20,0.783589364773,0.860366666667,False
0,131,20,0.778467006053,0.860366666667,False
0,132,21,0.827513167729,0.8937,False
0,133,22,0.836603941368,0.927033333333,False
0,134,23,0.858462398492,0.960366666667,False
0,135,24,0.897291874967,0.9937,False
0,136,25,0.971997217432,1.02703333333,False
0,137,25,0.993553062612,1.02703333333,False
0,138,25,0.922190089629,1.02703333333,False
0,139,25,0.933885643815,1.02703333333,False
0,140,25,0.972634020291,1.02703333333,False
0,141,25,0.962550404184,1.02703333333,False
0,142,25,0.958111593164,1.02703333333,False
0,143,25,0.928441478767,1.02703333333,False
0,144,25,0.976894963946,1.02703333333,False
0,145,25,0.934196444894,1.02703333333,False
0,146,25,0.908320001555,1.02703333333,False
0,147,25,0.971306434562,1.02703333333,False
0,148,25,0.986097174395,1.02703333333,False
0,149,25,0.851698525383,1.02703333333,False
0,150,25,0.967092007799,1.02703333333,False
0,151,25,0.979557329673,1.02703333333,False
0,152,25,0.958385645692,1.02703333333,False
0,153,25,0.943266416574,1.02703333333,False
0,154,25,0.957448525975,1.02703333333,False
0,155,25,0.940315685599,1.02703333333,False
0,156,25,0.973460601233,1.02703333333,False
0,157,25,0.959188535888,1.02703333333,False
0,158,25,0.978107624727,1.02703333333,False
0,159,25,0.927038025107,1.02703333333,False
0,160,26,1.00395510945,1.06036666667,False
0,161,27,1.04515484685,1.0937,False
0,162,28,1.05946602078,1.12703333333,False
0,163,29,1.06196865782,1.16036666667,False
0,164,30,1.10899608865,1.1937,False
0,165,30,1.16465469235,1.1937,False
0,166,30,1.12215062772,1.1937,False
0,167,30,1.12064550302,1.1937,False
0,168,30,1.11085970042,1.1937,False
0,169,30,1.09733710599,1.1937,False
0,170,30,1.10497131302,1.1937,False
0,171,30,1.14529285174,1.1937,False
0,172,30,1.11915149918,1.1937,False
0,173,30,1.11785936553,1.1937,False
0,174,30,1.16911982078,1.1937,False
0,175,30,1.15059879883,1.1937,False
0,176,30,1.09524692171,1.1937,False
0,177,30,1.12397037481,1.1937,False
0,178,30,1.14418866429,1.1937,False
0,179,30,1.14580717996,1.1937,False
0,180,30,1.15207918447,1.1937,False
0,181,30,1.13407549317,1.1937,False
0,182,30,1.17099881377,1.1937,False
0,183,30,1.12799746161,1.1937,False
0,184,30,1.14754440817,1.1937,False
0,185,30,1.1156645947,1.1937,False
0,186,30,1.10449389928,1.1937,False
0,187,30,1.14083547955,1.1937,False
0,188,30,1.08946058003,1.1937,False
0,189,31,1.14095188573,1.22703333333,False
0,190,32,1.18933069941,1.26036666667,False
0,191,33,1.21747964,1.2937,False
0,192,34,1.24770498055,1.32703333333,False
0,193,35,1.30065006878,1.36036666667,False
0,194,35,1.24574752222,1.36036666667,False
0,195,35,1.22578249164,1.36036666667,False
0,196,35,1.32801279058,1.36036666667,False
0,197,35,1.3132968285,1.36036666667,False
0,198,35,1.27981136272,1.36036666667,False
0,199,35,1.29236749746,1.36036666667,False
0,200,35,1.30024512633,1.36036666667,False
0,201,35,1.30440110531,1.36036666667,False
0,202,35,1.31401617031,1.36036666667,False
0,203,35,1.27849677633,1.36036666667,False
0,204,35,1.28664100511,1.36036666667,False
0,205,35,1.29383198691,1.36036666667,False
0,206,35,1.31261534796,1.36036666667,False
0,207,35,1.28301836847,1.36036666667,False
0,208,35,1.3034141242,1.36036666667,False
0,209,35,1.31920009365,1.36036666667,False
0,210,35,1.28523251848,1.36036666667,False
0,211,35,1.29511861325,1.36036666667,False
0,212,35,1.29799147227,1.36036666667,False
0,213,35,1.30666881374,1.36036666667,False
0,214,35,1.34671209294,1.36036666667,False
0,215,35,1.28598028986,1.36036666667,False
0,216,35,1.30002412291,1.36036666667,False
0,217,36,1.33206134946,1.3937,False
0,218,37,1.37953439889,1.42703333333,False
0,219,38,1.41770838228,1.46036666667,False
0,220,39,1.44304681967,1.4937,False
0,221,40,1.45817449346,1.52703333333,False
0,222,40,1.44655987198,1.52703333333,False
0,223,40,1.48994345337,1.52703333333,False
0,224,40,1.43053779359,1.52703333333,False
0,225,40,1.44540014943,1.52703333333,False
0,226,40,1.44428895485,1.52703333333,False
0,227,40,1.44563724751,1.52703333333,False
0,228,40,1.450466226,1.52703333333,False
0,229,40,1.43757008773,1.52703333333,False
0,230,40,1.44534575231,1.52703333333,False
0,231,40,1.48481168878,1.52703333333,False
0,232,40,1.4454713957,1.52703333333,False
0,233,40,1.47664817767,1.52703333333,False
0,234,40,1.47174397789,1.52703333333,False
0,235,40,1.45509244258,1.52703333333,False
0,236,40,1.48636175153,1.52703333333,False
0,237,40,1.47247376372,1.52703333333,False
0,238,40,1.46230105322,1.52703333333,False
0,239,40,1.41857918115,1.52703333333,False
0,240,40,1.48187720262,1.52703333333,False
0,241,40,1.44962130854,1.52703333333,False
0,242,40,1.47218313527,1.52703333333,False
0,243,40,1.45357095229,1.52703333333,False
0,244,40,1.38364443026,1.52703333333,False
0,245,41,1.49971142796,1.56036666667,False
0,246,42,1.48860589055,1.5937,False
0,247,43,1.52889574745,1.62703333333,False
0,248,44,1.55278308909,1.66036666667,False
0,249,45,1.63261767206,1.6937,False
0,250,45,1.62359697228,1.6937,False
0,251,45,1.60756555235,1.6937,False
0,252,45,1.64851112014,1.6937,False
0,253,45,1.62822007071,1.6937,False
0,254,45,1.6380187914,1.6937,False
0,255,45,1.5955994871,1.6937,False
0,256,45,1.63791512312,1.6937,False
0,257,45,1.64568324199,1.6937,False
0,258,45,1.63625298858,1.6937,False
0,259,45,1.60718609924,1.6937,False
0,260,45,1.64766816966,1.6937,False
0,261,45,1.58759035932,1.6937,False
0,262,45,1.59272550908,1.6937,False
0,263,45,1.64087113051,1.6937,False
0,264,45,1.64112533955,1.6937,False
0,265,45,1.6507162294,1.6937,False
0,266,45,1.60639876514,1.6937,False
0,267,45,1.63361712943,1.6937,False
0,268,45,1.60141881812,1.6937,False
0,269,45,1.63031857576,1.6937,False
0,270,45,1.61279325418,1.6937,False
0,271,45,1.64984246113,1.6937,False
0,272,45,1.66209833101,1.6937,False
0,273,46,1.65367496501,1.72703333333,False
0,274,46,1.67998501495,1.72703333333,False
0,275,46,1.65895042172,1.72703333333,False
0,276,47,1.71772624829,1.76036666667,False
0,277,48,1.74712759298,1.7937,False
0,278,49,1.77083314062,1.82703333333,False
0,279,50,1.84010228948,1.86036666667,False
0,280,50,1.78936198168,1.86036666667,False
0,281,50,1.7713535858,1.86036666667,False
0,282,50,1.8192028409,1.86036666667,False
0,283,50,1.76501146102,1.86036666667,False
0,284,50,1.83346118482,1.86036666667,False
0,285,50,1.83260116412,1.86036666667,False
0,286,50,1.81096579429,1.86036666667,False
0,287,50,1.82016183423,1.86036666667,False
0,288,50,1.77725779777,1.86036666667,False
0,289,50,1.78967727264,1.86036666667,False
0,290,50,1.78101099025,1.86036666667,False
0,291,50,1.80716778386,1.86036666667,False
0,292,50,1.80857171035,1.86036666667,False
0,293,50,1.75096985351,1.86036666667,False
0,294,50,1.77142228473,1.86036666667,False
0,295,50,1.81852908733,1.86036666667,False
0,296,50,1.79877804331,1.86036666667,False
0,297,50,1.78119849589,1.86036666667,False
0,298,50,1.77313203402,1.86036666667,False
0,299,50,1.79934405925,1.86036666667,False
0,300,50,1.78957507965,1.86036666667,False
0,301,51,1.80874084759,1.8937,False
0,302,51,1.85896209072,1.8937,False
0,303,51,1.84680867887,1.8937,False
0,304,52,1.87664513257,1.92703333333,False
0,305,52,1.86006281638,1.92703333333,False
0,306,53,1.86089942214,1.96036666667,False
0,307,53,1.88339387826,1.96036666667,False
0,308,54,1.94858755451,1.9937,False
0,309,54,1.93233519487,1.9937,False
0,310,54,1.90570154948,1.9937,False
0,311,54,1.97182930887,1.9937,False
0,312,55,1.92225855386,2.02703333333,False
0,313,55,1.92923297162,2.02703333333,False
0,314,55,1.97893685904,2.02703333333,False
0,315,55,1.92357097502,2.02703333333,False
0,316,55,1.93941057812,2.02703333333,False
0,317,55,1.98166712175,2.02703333333,False
0,318,55,1.98485327797,2.02703333333,False
0,319,55,1.9768328507,2.02703333333,False
0,320,55,1.96746162241,2.02703333333,False
0,321,55,1.98271650979,2.02703333333,False
0,322,55,1.94360452492,2.02703333333,False
0,323,55,1.92995849435,2.02703333333,False
0,324,55,1.92367730801,2.02703333333,False
0,325,55,1.94717243983,2.02703333333,False
0,326,55,1.96409056874,2.02703333333,False
0,327,55,1.96050442256,2.02703333333,False
0,328,55,1.92753152537,2.02703333333,False
0,329,55,1.93354310144,2.02703333333,False
0,330,55,2.0027975727,2.02703333333,False
0,331,55,1.96428258786,2.02703333333,False
0,332,56,1.98163269502,2.06036666667,False
0,333,56,2.00086544369,2.06036666667,False
0,334,56,2.02023996142,2.06036666667,False
0,335,57,2.01470533528,2.0937,False
0,336,57,2.03384866701,2.0937,False
0,337,58,2.03696088118,2.12703333333,False
0,338,58,2.0427975272,2.12703333333,False
0,339,58,2.07621884216,2.12703333333,False
0,340,59,2.09887524318,2.16036666667,False
0,341,59,2.09878946178,2.16036666667,False
0,342,59,2.11211167574,2.16036666667,False
0,343,59,2.05249116225,2.16036666667,False
0,344,60,2.10873137347,2.1937,False
0,345,60,2.10497094956,2.1937,False
0,346,60,2.09840294841,2.1937,False
0,347,60,2.14414166652,2.1937,False
0,348,60,2.13822521678,2.1937,False
0,349,60,2.1349364922,2.1937,False
0,350,60,2.1276259599,2.1937,False
0,351,60,2.1284663476,2.1937,False
0,352,60,2.15526715491,2.1937,False
0,353,60,2.12725379223,2.1937,False
0,354,60,2.09091584742,2.1937,False
0,355,60,2.12208449231,2.1937,False
0,356,60,2.13629829381,2.1937,False
0,357,60,2.14129603154,2.1937,False
0,358,60,2.17923974271,2.1937,False
0,359,61,2.16470957566,2.22703333333,False
0,360,61,2.13485850655,2.22703333333,False
0,361,62,2.21585264683,2.26036666667,False
0,362,63,2.21418790234,2.2937,False
0,363,63,2.20992529118,2.2937,False
0,364,63,2.29495682207,2.2937,True
0,365,63,2.19939612338,2.2937,False
0,366,64,2.2328871568,2.32703333333,False
0,367,64,2.28107291227,2.32703333333,False
0,368,64,2.24863577044,2.32703333333,False
0,369,64,2.25022983628,2.32703333333,False
0,370,64,2.26380623098,2.32703333333,False
0,371,64,2.30357839422,2.32703333333,False
0,372,65,2.28844080867,2.36036666667,False
0,373,65,2.27532691559,2.36036666667,False
0,374,65,2.29091381543,2.36036666667,False
0,375,65,2.3182079931,2.36036666667,False
0,376,65,2.31426480089,2.36036666667,False
0,377,65,2.28616382158,2.36036666667,False
0,378,65,2.30974162277,2.36036666667,False
0,379,65,2.24197612466,2.36036666667,False
0,380,66,2.35522049606,2.3937,False
0,381,67,2.37189995388,2.42703333333,False
0,382,68,2.40354328723,2.46036666667,False
0,383,68,2.37469849577,2.46036666667,False
0,384,68,2.43275337752,2.46036666667,False
0,385,68,2.39961494586,2.46036666667,False
0,386,68,2.37790818583,2.46036666667,False
0,387,69,2.48901081867,2.4937,False
0,388,70,2.43801160025,2.52703333333,False
0,389,70,2.44236429535,2.52703333333,False
0,390,71,2.4501913123,2.56036666667,False
0,391,72,2.51357978212,2.5937,False
0,392,73,2.56118808037,2.62703333333,False
0,393,73,2.52843377601,2.62703333333,False
0,394,73,2.51140405057,2.62703333333,False
0,395,74,2.59772502743,2.66036666667,False
0,396,74,2.55546480341,2.66036666667,False
0,397,74,2.62658571822,2.66036666667,False
0,398,74,2.59213261974,2.66036666667,False
0,399,74,2.56721092923,2.66036666667,False
0,400,74,2.62074481331,2.66036666667,False
0,401,74,2.60022178978,2.66036666667,False
0,402,74,2.60039504596,2.66036666667,False
0,403,74,2.62020847018,2.66036666667,False
0,404,74,2.59670243252,2.66036666667,False
0,405,74,2.57453431046,2.66036666667,False
0,406,74,2.60011938364,2.66036666667,False
0,407,74,2.57198068509,2.66036666667,False
0,408,74,2.5621608578,2.66036666667,False
0,409,74,2.60490686787,2.66036666667,False
0,410,74,2.57761761841,2.66036666667,False
0,411,74,2.61736475196,2.66036666667,False
0,412,74,2.55788096765,2.66036666667,False
0,413,74,2.6055593726,2.66036666667,False
0,414,75,2.61473910787,2.6937,False
0,415,75,2.61244980093,2.6937,False
0,416,75,2.66378377853,2.6937,False
0,417,75,2.59570220908,2.6937,False
0,418,75,2.64178463759,2.6937,False
0,419,75,2.66866418094,2.6937,False
0,420,76,2.66795306319,2.72703333333,False
0,421,76,2.69469414483,2.72703333333,False
0,422,76,2.66275557834,2.72703333333,False
0,423,76,2.69902755768,2.72703333333,False
0,424,76,2.67296502016,2.72703333333,False
0,425,76,2.70415207079,2.72703333333,False
0,426,76,2.63511233363,2.72703333333,False
0,427,76,2.63411630148,2.72703333333,False
0,428,76,2.68415338464,2.72703333333,False
0,429,76,2.68967881929,2.72703333333,False
0,430,76,2.66863178231,2.72703333333,False
0,431,76,2.68215112873,2.72703333333,False
0,432,77,2.70323902882,2.76036666667,False
0,433,77,2.6950810975,2.76036666667,False
0,434,77,2.68798017037,2.76036666667,False
0,435,77,2.71537034839,2.76036666667,False
0,436,77,2.71141590036,2.76036666667,False
0,437,77,2.7002236554,2.76036666667,False
0,438,77,2.70640695169,2.76036666667,False
0,439,77,2.66520522784,2.76036666667,False
0,440,77,2.69225547631,2.76036666667,False
0,441,77,2.70644415427,2.76036666667,False
0,442,77,2.68297769193,2.76036666667,False
0,443,77,2.6922586321,2.76036666667,False
0,444,77,2.68103661621,2.76036666667,False
0,445,78,2.7161451435,2.7937,False
0,446,78,2.68035869765,2.7937,False
0,447,78,2.7325406127,2.7937,False
0,448,78,2.72636940604,2.7937,False
0,449,79,2.76421494706,2.82703333333,False
0,450,79,2.78585303671,2.82703333333,False
0,451,79,2.74026700793,2.82703333333,False
0,452,79,2.76139212802,2.82703333333,False
0,453,79,2.78044260849,2.82703333333,False
0,454,79,2.72012779841,2.82703333333,False
0,455,79,2.76552968371,2.82703333333,False
0,456,79,2.74962443046,2.82703333333,False
0,457,79,2.74264301275,2.82703333333,False
0,458,79,2.7069697926,2.82703333333,False
0,459,79,2.80662085885,2.82703333333,False
0,460,79,2.77651057981,2.82703333333,False
0,461,79,2.73029545626,2.82703333333,False
0,462,79,2.77009977675,2.82703333333,False
0,463,79,2.7964394809,2.82703333333,False
0,464,79,2.71963868498,2.82703333333,False
0,465,79,2.74624175278,2.82703333333,False
0,466,79,2.76964023523,2.82703333333,False
0,467,79,2.76541591087,2.82703333333,False
0,468,79,2.77049673022,2.82703333333,False
0,469,79,2.73693979276,2.82703333333,False
0,470,79,2.74305324138,2.82703333333,False
0,471,79,2.72582768984,2.82703333333,False
0,472,79,2.7554598083,2.82703333333,False
0,473,79,2.73462626328,2.82703333333,False
0,474,79,2.73068088885,2.82703333333,False
0,475,79,2.77856493172,2.82703333333,False
0,476,79,2.75379655481,2.82703333333,False
0,477,79,2.7530213679,2.82703333333,False
0,478,79,2.72831340772,2.82703333333,False
0,479,79,2.77316172863,2.82703333333,False
0,480,79,2.74409939244,2.82703333333,False
0,481,79,2.73272427183,2.82703333333,False
0,482,79,2.73884145924,2.82703333333,False
0,483,79,2.74797114958,2.82703333333,False
0,484,79,2.71262105465,2.82703333333,False
0,485,79,2.78208919165,2.82703333333,False
0,486,79,2.76773952732,2.82703333333,False
0,487,79,2.77070021848,2.82703333333,False
0,488,79,2.71402481338,2.82703333333,False
0,489,79,2.74735885575,2.82703333333,False
0,490,79,2.73804385498,2.82703333333,False
0,491,79,2.80598714512,2.82703333333,False
0,492,79,2.75506443702,2.82703333333,False
0,493,79,2.73774581097,2.82703333333,False
0,494,79,2.73185351516,2.82703333333,False
0,495,79,2.73946093636,2.82703333333,False
0,496,79,2.73881186257,2.82703333333,False
0,497,79,2.74568129549,2.82703333333,False
0,498,79,2.74895647505,2.82703333333,False
0,499,79,2.75729791101,2.82703333333,False
0,500,79,2.73006827539,2.82703333333,False
0,501,79,2.8104045308,2.82703333333,False
0,502,79,2.76320623455,2.82703333333,False
0,503,79,2.78321386623,2.82703333333,False
0,504,79,2.73202212775,2.82703333333,False
0,505,80,2.79449907815,2.86036666667,False
0,506,80,2.74960911475,2.86036666667,False
0,507,80,2.834993849,2.86036666667,False
0,508,80,2.81362453935,2.86036666667,False
0,509,80,2.81386225174,2.86036666667,False
0,510,80,2.74916741529,2.86036666667,False
0,511,80,2.7423273683,2.86036666667,False
0,512,80,2.76990875901,2.86036666667,False
0,513,80,2.83246358873,2.86036666667,False
0,514,80,2.81786295012,2.86036666667,False
0,515,80,2.78481923691,2.86036666667,False
0,516,80,2.78662405725,2.86036666667,False
0,517,80,2.78814454567,2.86036666667,False
0,518,81,2.84005527993,2.8937,False
0,519,81,2.81740693306,2.8937,False
0,520,81,2.79649767757,2.8937,False
0,521,81,2.80929934477,2.8937,False
0,522,81,2.82872556831,2.8937,False
0,523,81,2.80238161462,2.8937,False
0,524,81,2.80537642989,2.8937,False
0,525,81,2.83105697954,2.8937,False
0,526,81,2.83500924514,2.8937,False
0,527,81,2.81611658014,2.8937,False
0,528,82,2.85854556552,2.92703333333,False
0,529,82,2.87098794141,2.92703333333,False
0,530,82,2.83695820254,2.92703333333,False
0,531,82,2.82959635321,2.92703333333,False
0,532,82,2.87605815805,2.92703333333,False
0,533,82,2.87247286755,2.92703333333,False
0,534,82,2.85013320292,2.92703333333,False
0,535,82,2.8753656693,2.92703333333,False
0,536,82,2.85374298029,2.92703333333,False
0,537,82,2.84211230459,2.92703333333,False
0,538,83,2.91515805172,2.96036666667,False
0,539,83,2.93998614501,2.96036666667,False
0,540,83,2.89495753638,2.96036666667,False
0,541,83,2.88504131444,2.96036666667,False
0,542,83,2.88085960671,2.96036666667,False
0,543,83,2.86757903146,2.96036666667,False
0,544,84,2.90373628561,2.9937,False
0,545,84,2.94010175331,2.9937,False
0,546,84,2.89786168922,2.9937,False
0,547,84,2.91827742552,2.9937,False
0,548,84,2.9065378801,2.9937,False
0,549,84,2.93173523164,2.9937,False
0,550,84,2.92776776544,2.9937,False
0,551,84,2.87847349589,2.9937,False
0,552,84,2.8939151718,2.9937,False
0,553,84,2.88925385767,2.9937,False
0,554,84,2.93114895763,2.9937,False
0,555,84,2.94862130701,2.9937,False
0,556,84,2.95419887479,2.9937,False
0,557,84,2.95299568788,2.9937,False
0,558,84,2.92981459708,2.9937,False
0,559,84,2.89477713349,2.9937,False
0,560,84,2.95175617336,2.9937,False
0,561,84,2.90113148018,2.9937,False
0,562,84,2.93453901903,2.9937,False
0,563,84,2.92269198309,2.9937,False
0,564,84,2.87887858969,2.9937,False
0,565,84,2.90602160177,2.9937,False
0,566,84,2.94454992412,2.9937,False
0,567,84,2.94022451371,2.9937,False
0,568,84,2.92816573516,2.9937,False
0,569,84,2.90943081494,2.9937,False
0,570,84,2.92335498308,2.9937,False
0,571,84,2.94746712397,2.9937,False
0,572,84,2.94124822478,2.9937,False
0,573,84,2.94300198168,2.9937,False
0,574,84,2.98175291565,2.9937,False
0,575,84,2.90366546509,2.9937,False
0,576,84,2.89083272317,2.9937,False
0,577,84,2.92937753526,2.9937,False
0,578,84,2.95362145849,2.9937,False
0,579,84,2.92455137279,2.9937,False
0,580,84,2.94283596885,2.9937,False
0,581,84,2.93578717073,2.9937,False
0,582,84,2.88697342286,2.9937,False
0,583,84,2.87951028446,2.9937,False
0,584,84,2.89840220044,2.9937,False
0,585,84,2.95263493234,2.9937,False
0,586,84,2.88990233741,2.9937,False
0,587,84,2.93261701234,2.9937,False
0,588,84,2.97096865908,2.9937,False
0,589,84,2.94410904733,2.9937,False
0,590,84,2.93380774294,2.9937,False
0,591,84,2.92319369354,2.9937,False
0,592,84,2.90413334363,2.9937,False
0,593,84,2.94141755703,2.9937,False
0,594,84,2.90197633589,2.9937,False
0,595,84,2.92202121668,2.9937,False
0,596,84,2.92813177052,2.9937,False
0,597,84,2.90521080069,2.9937,False
0,598,84,2.88921670241,2.9937,False
0,599,84,2.90164374251,2.9937,False
0,600,84,2.89147066134,2.9937,False
0,601,84,2.93424489905,2.9937,False
0,602,84,2.9316969554,2.9937,False
0,603,84,2.94195483367,2.9937,False
0,604,84,2.88217770216,2.9937,False
0,605,84,2.93839430015,2.9937,False
0,606,84,2.9494978788,2.9937,False
0,607,84,2.9078506737,2.9937,False
0,608,84,2.96574241069,2.9937,False
0,609,84,2.92778587786,2.9937,False
0,610,84,2.9086678135,2.9937,False
0,611,84,2.92557462353,2.9937,False
0,612,84,2.92620744815,2.9937,False
0,613,84,2.96010256225,2.9937,False
0,614,84,2.93537630333,2.9937,False
0,615,84,2.90360125974,2.9937,False
0,616,84,2.96367458705,2.9937,False
0,617,84,2.93630872572,2.9937,False
0,618,84,2.93567882862,2.9937,False
0,619,84,2.85774315592,2.9937,False
0,620,84,2.93192344417,2.9937,False
0,621,84,2.88185739088,2.9937,False
0,622,85,2.97788571485,3.02703333333,False
0,623,85,2.94858609953,3.02703333333,False
0,624,85,2.95161878635,3.02703333333,False
0,625,85,2.96808102084,3.02703333333,False
0,626,85,2.97394917286,3.02703333333,False
0,627,85,2.92619307159,3.02703333333,False
0,628,85,2.96904826551,3.02703333333,False
0,629,85,2.95294982929,3.02703333333,False
0,630,85,2.94694303591,3.02703333333,False
0,631,85,2.89353737347,3.02703333333,False
0,632,85,2.95713400158,3.02703333333,False
0,633,86,3.04569904642,3.06036666667,False
0,634,86,2.98872928366,3.06036666667,False
0,635,86,2.99365331296,3.06036666667,False
0,636,86,3.00909494776,3.06036666667,False
0,637,86,3.00528732794,3.06036666667,False
0,638,87,3.03665568101,3.0937,False
0,639,87,3.03290374924,3.0937,False
0,640,87,3.04451945117,3.0937,False
0,641,87,3.06181168807,3.0937,False
0,642,87,3.0732204222,3.0937,False
0,643,88,3.04828642422,3.12703333333,False
0,644,88,3.0660658708,3.12703333333,False
0,645,89,3.08575162394,3.16036666667,False
0,646,89,3.07361536728,3.16036666667,False
0,647,89,3.08128653741,3.16036666667,False
0,648,89,3.14568577764,3.16036666667,False
0,649,89,3.07352677538,3.16036666667,False
0,650,89,3.08860563307,3.16036666667,False
0,651,89,3.09085753721,3.16036666667,False
0,652,89,3.06813265917,3.16036666667,False
0,653,89,3.08706829368,3.16036666667,False
0,654,89,3.12701750923,3.16036666667,False
0,655,89,3.11035024716,3.16036666667,False
0,656,89,3.12332635433,3.16036666667,False
0,657,89,3.09364413991,3.16036666667,False
0,658,89,3.10582416258,3.16036666667,False
0,659,89,3.10337233951,3.16036666667,False
0,660,89,3.10389843568,3.16036666667,False
0,661,89,3.08038747413,3.16036666667,False
0,662,89,3.08945752777,3.16036666667,False
0,663,89,3.07226213857,3.16036666667,False
0,664,89,3.07816491729,3.16036666667,False
0,665,89,3.11430712265,3.16036666667,False
0,666,89,3.08064128573,3.16036666667,False
0,667,89,3.11090508702,3.16036666667,False
0,668,89,3.08440036638,3.16036666667,False
0,669,89,3.12087370985,3.16036666667,False
0,670,89,3.10055868858,3.16036666667,False
0,671,89,3.14183854849,3.16036666667,False
0,672,89,3.10324935162,3.16036666667,False
0,673,89,3.10533923398,3.16036666667,False
0,674,89,3.09250132437,3.16036666667,False
0,675,89,3.08877559961,3.16036666667,False
0,676,89,3.07722809694,3.16036666667,False
0,677,89,3.05873970923,3.16036666667,False
0,678,89,3.08840747364,3.16036666667,False
0,679,89,3.10029006397,3.16036666667,False
0,680,89,3.09455007949,3.16036666667,False
0,681,89,3.10575880872,3.16036666667,False
0,682,89,3.12873960595,3.16036666667,False
0,683,89,3.12045589755,3.16036666667,False
0,684,89,3.1012342698,3.16036666667,False
0,685,89,3.10195091013,3.16036666667,False
0,686,89,3.0838159221,3.16036666667,False
0,687,89,3.0878360026,3.16036666667,False
0,688,89,3.04234386552,3.16036666667,False
0,689,89,3.08304253798,3.16036666667,False
0,690,89,3.07506044311,3.16036666667,False
0,691,89,3.13479645266,3.16036666667,False
0,692,89,3.0732887167,3.16036666667,False
0,693,89,3.09151695834,3.16036666667,False
0,694,89,3.08074789635,3.16036666667,False
0,695,89,3.12553021433,3.16036666667,False
0,696,89,3.12311042254,3.16036666667,False
0,697,89,3.14387351408,3.16036666667,False
0,698,89,3.07944865113,3.16036666667,False
0,699,89,3.11130460168,3.16036666667,False
0,700,89,3.07688270685,3.16036666667,False
0,701,89,3.09209018661,3.16036666667,False
0,702,89,3.10858761979,3.16036666667,False
0,703,89,3.09141703046,3.16036666667,False
0,704,89,3.12761132911,3.16036666667,False
0,705,89,3.07211994105,3.16036666667,False
0,706,89,3.03552700989,3.16036666667,False
0,707,89,3.07450577861,3.16036666667,False
0,708,89,3.09593684735,3.16036666667,False
0,709,89,3.13358015774,3.16036666667,False
0,710,89,3.07125245671,3.16036666667,False
0,711,89,3.08795600955,3.16036666667,False
0,712,89,3.09642447318,3.16036666667,False
0,713,89,3.0640634199,3.16036666667,False
0,714,89,3.08402159613,3.16036666667,False
0,715,89,3.07887244684,3.16036666667,False
0,716,89,3.10280534789,3.16036666667,False
0,717,89,3.06789336803,3.16036666667,False
0,718,89,3.08470041574,3.16036666667,False
0,719,89,3.07113475693,3.16036666667,False
0,720,89,3.0917300746,3.16036666667,False
0,721,89,3.09397590739,3.16036666667,False
0,722,89,3.08743624389,3.16036666667,False
0,723,89,3.10015616261,3.16036666667,False
0,724,89,3.08434279785,3.16036666667,False
0,725,89,3.12771354705,3.16036666667,False
0,726,89,3.09910884655,3.16036666667,False
0,727,89,3.08151119927,3.16036666667,False
0,728,90,3.12514743461,3.1937,False
0,729,90,3.09037281022,3.1937,False
0,730,91,3.19387759974,3.22703333333,False
0,731,91,3.15975563238,3.22703333333,False
0,732,92,3.15896768311,3.26036666667,False
0,733,93,3.21807141065,3.2937,False
0,734,94,3.25782159288,3.32703333333,False
0,735,94,3.3000216402,3.32703333333,False
0,736,94,3.26640047435,3.32703333333,False
0,737,94,3.2475908356,3.32703333333,False
0,738,94,3.24895928612,3.32703333333,False
0,739,94,3.23815649649,3.32703333333,False
0,740,94,3.25122931663,3.32703333333,False
0,741,94,3.20681838314,3.32703333333,False
0,742,94,3.23387753544,3.32703333333,False
0,743,94,3.24039386983,3.32703333333,False
0,744,94,3.2091444858,3.32703333333,False
0,745,94,3.24682091299,3.32703333333,False
0,746,94,3.26249512802,3.32703333333,False
0,747,94,3.25918332932,3.32703333333,False
0,748,94,3.24759281905,3.32703333333,False
0,749,94,3.31574507404,3.32703333333,False
0,750,94,3.24906823579,3.32703333333,False
0,751,94,3.23415358307,3.32703333333,False
0,752,94,3.21540724122,3.32703333333,False
0,753,94,3.2591553155,3.32703333333,False
0,754,94,3.28752811002,3.32703333333,False
0,755,94,3.28781147033,3.32703333333,False
0,756,94,3.24676859663,3.32703333333,False
0,757,94,3.28020629594,3.32703333333,False
0,758,94,3.22582490339,3.32703333333,False
0,759,94,3.29032680651,3.32703333333,False
0,760,94,3.25642011647,3.32703333333,False
0,761,94,3.27666386381,3.32703333333,False
0,762,94,3.24891743636,3.32703333333,False
0,763,94,3.24453841436,3.32703333333,False
0,764,94,3.26470921036,3.32703333333,False
0,765,94,3.28978950705,3.32703333333,False
0,766,94,3.26755544419,3.32703333333,False
0,767,94,3.27834151869,3.32703333333,False
0,768,94,3.26885156765,3.32703333333,False
0,769,94,3.25936967129,3.32703333333,False
0,770,94,3.28580583712,3.32703333333,False
0,771,94,3.24073527748,3.32703333333,False
0,772,94,3.27400176671,3.32703333333,False
0,773,94,3.23623963008,3.32703333333,False
0,774,94,3.22726258292,3.32703333333,False
0,775,94,3.22867830268,3.32703333333,False
0,776,94,3.22909944722,3.32703333333,False
0,777,94,3.27278571645,3.32703333333,False
0,778,94,3.26995481196,3.32703333333,False
0,779,94,3.25831748878,3.32703333333,False
0,780,94,3.24968323296,3.32703333333,False
0,781,94,3.29169236648,3.32703333333,False
0,782,94,3.21313319588,3.32703333333,False
0,783,94,3.28522822122,3.32703333333,False
0,784,94,3.22796001843,3.32703333333,False
0,785,94,3.29081416154,3.32703333333,False
0,786,94,3.26585437042,3.32703333333,False
0,787,94,3.2853592375,3.32703333333,False
0,788,94,3.2712041433,3.32703333333,False
0,789,94,3.22054314296,3.32703333333,False
0,790,94,3.2736486184,3.32703333333,False
0,791,94,3.2519358655,3.32703333333,False
0,792,94,3.28886391344,3.32703333333,False
0,793,94,3.24167960357,3.32703333333,False
0,794,94,3.24976670186,3.32703333333,False
0,795,94,3.25651316305,3.32703333333,False
0,796,94,3.2622897447,3.32703333333,False
0,797,94,3.2880767785,3.32703333333,False
0,798,94,3.20459961754,3.32703333333,False
0,799,94,3.24767959311,3.32703333333,False
0,800,94,3.29070075156,3.32703333333,False
0,801,94,3.26638511618,3.32703333333,False
0,802,94,3.25966637284,3.32703333333,False
0,803,94,3.27568988139,3.32703333333,False
0,804,94,3.23640890676,3.32703333333,False
0,805,94,3.26319438136,3.32703333333,False
0,806,94,3.23229680414,3.32703333333,False
0,807,94,3.23475660212,3.32703333333,False
0,808,94,3.30025649122,3.32703333333,False
0,809,94,3.22591551004,3.32703333333,False
0,810,94,3.20365080997,3.32703333333,False
0,811,94,3.2233137184,3.32703333333,False
0,812,94,3.2591583741,3.32703333333,False
0,813,94,3.29389337526,3.32703333333,False
0,814,95,3.31847226163,3.36036666667,False
0,815,95,3.29601281049,3.36036666667,False
0,816,95,3.31540496424,3.36036666667,False
0,817,96,3.32364259589,3.3937,False
0,818,96,3.38978907803,3.3937,False
0,819,97,3.37551902154,3.42703333333,False
0,820,98,3.3719528602,3.46036666667,False
0,821,99,3.39317856967,3.4937,False
0,822,99,3.44048053072,3.4937,False
0,823,99,3.43841731827,3.4937,False
0,824,99,3.41566350087,3.4937,False
0,825,99,3.45872452659,3.4937,False
0,826,99,3.42794273613,3.4937,False
0,827,99,3.4219014647,3.4937,False
0,828,99,3.45037960125,3.4937,False
0,829,99,3.42469470859,3.4937,False
0,830,99,3.41860326662,3.4937,False
0,831,99,3.44989374239,3.4937,False
0,832,99,3.43411813097,3.4937,False
0,833,99,3.44058074036,3.4937,False
0,834,99,3.46225324309,3.4937,False
0,835,99,3.44437025587,3.4937,False
0,836,99,3.41910143089,3.4937,False
0,837,99,3.36041111155,3.4937,False
0,838,99,3.44299522923,3.4937,False
0,839,99,3.41947878449,3.4937,False
0,840,99,3.42227950967,3.4937,False
0,841,99,3.44858880083,3.4937,False
0,842,99,3.45683800415,3.4937,False
0,843,99,3.43927704508,3.4937,False
0,844,99,3.38609466228,3.4937,False
0,845,99,3.42464976308,3.4937,False
0,846,99,3.46435854871,3.4937,False
0,847,99,3.41707992604,3.4937,False
0,848,99,3.43992235472,3.4937,False
0,849,99,3.40955482193,3.4937,False
0,850,99,3.42061023281,3.4937,False
0,851,99,3.38729249816,3.4937,False
0,852,99,3.44645978446,3.4937,False
0,853,99,3.4085441979,3.4937,False
0,854,99,3.44753699551,3.4937,False
0,855,99,3.38908811325,3.4937,False
0,856,99,3.44661541248,3.4937,False
0,857,99,3.41156631696,3.4937,False
0,858,99,3.42078026744,3.4937,False
0,859,99,3.3833352082,3.4937,False
0,860,99,3.47364737807,3.4937,False
0,861,99,3.40185058888,3.4937,False
0,862,99,3.43502690882,3.4937,False
0,863,99,3.38407407487,3.4937,False
0,864,99,3.45237257628,3.4937,False
0,865,99,3.40641380367,3.4937,False
0,866,99,3.40107437246,3.4937,False
0,867,99,3.40028845284,3.4937,False
0,868,99,3.423630765,3.4937,False
0,869,99,3.45333758233,3.4937,False
0,870,99,3.44687327189,3.4937,False
0,871,99,3.38471388908,3.4937,False
0,872,99,3.43560207992,3.4937,False
0,873,99,3.48456520465,3.4937,False
0,874,99,3.47212160914,3.4937,False
0,875,99,3.3905650515,3.4937,False
0,876,99,3.45828049459,3.4937,False
0,877,99,3.41015610247,3.4937,False
0,878,99,3.42595882634,3.4937,False
0,879,99,3.44832260026,3.4937,False
0,880,99,3.40155469014,3.4937,False
0,881,99,3.45294714924,3.4937,False
0,882,99,3.42587630545,3.4937,False
0,883,99,3.43874330012,3.4937,False
0,884,99,3.38353553977,3.4937,False
0,885,99,3.41353917632,3.4937,False
0,886,99,3.4006017816,3.4937,False
0,887,99,3.36386400075,3.4937,False
0,888,99,3.43298313477,3.4937,False
0,889,99,3.43155640532,3.4937,False
0,890,99,3.38316966344,3.4937,False
0,891,99,3.41714026932,3.4937,False
0,892,99,3.4469972388,3.4937,False
0,893,99,3.42990065916,3.4937,False
0,894,99,3.48696222213,3.4937,False
0,895,99,3.4064057211,3.4937,False
0,896,99,3.41067754995,3.4937,False
0,897,99,3.45008317632,3.4937,False
0,898,100,3.4334484418,3.52703333333,False
0,899,100,3.50564839525,3.52703333333,False
0,900,100,3.47155390214,3.52703333333,False
0,901,100,3.51890653039,3.52703333333,False
0,902,101,3.4705309503,3.56036666667,False
0,903,101,3.48811554123,3.56036666667,False
0,904,101,3.46534649746,3.56036666667,False
0,905,102,3.51623292818,3.5937,False
0,906,102,3.53734563252,3.5937,False
0,907,103,3.55700351165,3.62703333333,False
0,908,103,3.593880384,3.62703333333,False
0,909,104,3.58565285876,3.66036666667,False
0,910,104,3.59462595661,3.66036666667,False
0,911,104,3.52638007231,3.66036666667,False
0,912,104,3.60340695336,3.66036666667,False
0,913,104,3.59315480393,3.66036666667,False
0,914,104,3.58072829433,3.66036666667,False
0,915,104,3.58092761047,3.66036666667,False
0,916,104,3.6212383229,3.66036666667,False
0,917,104,3.6044477523,3.66036666667,False
0,918,104,3.53074294304,3.66036666667,False
0,919,104,3.61509736393,3.66036666667,False
0,920,104,3.54515082402,3.66036666667,False
0,921,104,3.61476298384,3.66036666667,False
0,922,104,3.56583221716,3.66036666667,False
0,923,104,3.60923671643,3.66036666667,False
0,924,104,3.63866331081,3.66036666667,False
0,925,104,3.5947054408,3.66036666667,False
0,926,104,3.58665696348,3.66036666667,False
0,927,104,3.57759083972,3.66036666667,False
0,928,104,3.59939028899,3.66036666667,False
0,929,104,3.56244313533,3.66036666667,False
0,930,104,3.59283550005,3.66036666667,False
0,931,104,3.58751170804,3.66036666667,False
0,932,104,3.58658622215,3.66036666667,False
0,933,104,3.57950942485,3.66036666667,False
0,934,104,3.56632619693,3.66036666667,False
0,935,104,3.56703006243,3.66036666667,False
0,936,104,3.62301804389,3.66036666667,False
0,937,104,3.60142807818,3.66036666667,False
0,938,104,3.57980092135,3.66036666667,False
0,939,104,3.61816845443,3.66036666667,False
0,940,104,3.5909288346,3.66036666667,False
0,941,104,3.53773928766,3.66036666667,False
0,942,104,3.60871693761,3.66036666667,False
0,943,104,3.5885218629,3.66036666667,False
0,944,104,3.55728744396,3.66036666667,False
0,945,104,3.57749938054,3.66036666667,False
0,946,104,3.56815618796,3.66036666667,False
0,947,104,3.60060560193,3.66036666667,False
0,948,104,3.59200066415,3.66036666667,False
0,949,104,3.58717629429,3.66036666667,False
0,950,104,3.56892869229,3.66036666667,False
0,951,104,3.55843564846,3.66036666667,False
0,952,104,3.58965091189,3.66036666667,False
0,953,104,3.62345684472,3.66036666667,False
0,954,104,3.6070933028,3.66036666667,False
0,955,104,3.56342686284,3.66036666667,False
0,956,104,3.58485138643,3.66036666667,False
0,957,104,3.56476374288,3.66036666667,False
0,958,104,3.59371901055,3.66036666667,False
0,959,104,3.5767323866,3.66036666667,False
0,960,104,3.59636957277,3.66036666667,False
0,961,104,3.57834391937,3.66036666667,False
0,962,104,3.54671735052,3.66036666667,False
0,963,104,3.55884517854,3.66036666667,False
0,964,104,3.60645494136,3.66036666667,False
0,965,104,3.58027928853,3.66036666667,False
0,966,104,3.58345453942,3.66036666667,False
0,967,104,3.585938638,3.66036666667,False
0,968,104,3.56461537928,3.66036666667,False
0,969,104,3.57345003537,3.66036666667,False
0,970,104,3.63497789704,3.66036666667,False
0,971,104,3.56983036784,3.66036666667,False
0,972,104,3.59314142474,3.66036666667,False
0,973,104,3.60248661752,3.66036666667,False
0,974,104,3.59773412718,3.66036666667,False
0,975,104,3.58049625983,3.66036666667,False
0,976,104,3.60649721089,3.66036666667,False
0,977,104,3.61727248152,3.66036666667,False
0,978,104,3.63852786677,3.66036666667,False
0,979,104,3.59395696257,3.66036666667,False
0,980,104,3.61726607877,3.66036666667,False
0,981,104,3.59513667954,3.66036666667,False
0,982,104,3.58247147899,3.66036666667,False
0,983,104,3.60119042297,3.66036666667,False
0,984,104,3.55435744662,3.66036666667,False
0,985,104,3.6154084416,3.66036666667,False
0,986,104,3.60402312827,3.66036666667,False
0,987,104,3.56524741331,3.66036666667,False
0,988,105,3.66640443357,3.6937,False
0,989,105,3.65655369477,3.6937,False
0,990,105,3.59121359427,3.6937,False
0,991,105,3.62694701788,3.6937,False
0,992,106,3.66490716245,3.72703333333,False
0,993,106,3.70357056747,3.72703333333,False
0,994,107,3.66968584405,3.76036666667,False
0,995,107,3.71702900783,3.76036666667,False
0,996,108,3.71025127475,3.7937,False
0,997,108,3.75433272601,3.7937,False
0,998,109,3.78166880423,3.82703333333,False
0,999,109,3.79491995282,3.82703333333,False
0,1000,109,3.79869523595,3.82703333333,False
0,1001,109,3.76183367331,3.82703333333,False
0,1002,109,3.67963073468,3.82703333333,False
0,1003,109,3.72993803983,3.82703333333,False
0,1004,109,3.78415998387,3.82703333333,False
0,1005,109,3.72980223331,3.82703333333,False
0,1006,109,3.73267702409,3.82703333333,False
0,1007,109,3.7333084658,3.82703333333,False
0,1008,109,3.73813148119,3.82703333333,False
0,1009,109,3.7238487902,3.82703333333,False
0,1010,109,3.77044057978,3.82703333333,False
0,1011,109,3.7396594015,3.82703333333,False
0,1012,109,3.72564941839,3.82703333333,False
0,1013,109,3.74026125922,3.82703333333,False
0,1014,109,3.74456424424,3.82703333333,False
0,1015,109,3.77720259255,3.82703333333,False
0,1016,109,3.77318553005,3.82703333333,False
0,1017,109,3.75923258912,3.82703333333,False
0,1018,109,3.79750702246,3.82703333333,False
0,1019,109,3.7527847231,3.82703333333,False
0,1020,109,3.785292968,3.82703333333,False
0,1021,109,3.7277477684,3.82703333333,False
0,1022,109,3.79737137497,3.82703333333,False
0,1023,109,3.72511179001,3.82703333333,False
0,1024,109,3.69344717108,3.82703333333,False
0,1025,109,3.7758123811,3.82703333333,False
0,1026,109,3.76986307723,3.82703333333,False
0,1027,109,3.73275771262,3.82703333333,False
0,1028,109,3.72615526478,3.82703333333,False
0,1029,109,3.75629495902,3.82703333333,False
0,1030,109,3.75054297161,3.82703333333,False
0,1031,109,3.74903598355,3.82703333333,False
0,1032,109,3.77409580237,3.82703333333,False
0,1033,109,3.77459704985,3.82703333333,False
0,1034,109,3.757559889,3.82703333333,False
0,1035,109,3.76841431675,3.82703333333,False
0,1036,109,3.80843869176,3.82703333333,False
0,1037,109,3.73599725809,3.82703333333,False
0,1038,109,3.76538952061,3.82703333333,False
0,1039,109,3.77305346117,3.82703333333,False
0,1040,109,3.75366899785,3.82703333333,False
0,1041,109,3.73658289193,3.82703333333,False
0,1042,109,3.8085029705,3.82703333333,False
0,1043,109,3.72822999167,3.82703333333,False
0,1044,109,3.72624298585,3.82703333333,False
0,1045,109,3.75922018767,3.82703333333,False
0,1046,109,3.74712163462,3.82703333333,False
0,1047,109,3.79100211682,3.82703333333,False
0,1048,109,3.79274031853,3.82703333333,False
0,1049,109,3.72839750236,3.82703333333,False
0,1050,109,3.78099876492,3.82703333333,False
0,1051,109,3.76230436169,3.82703333333,False
0,1052,109,3.78609797603,3.82703333333,False
0,1053,109,3.7521408722,3.82703333333,False
0,1054,109,3.71185007707,3.82703333333,False
0,1055,109,3.72121573693,3.82703333333,False
0,1056,109,3.7219328737,3.82703333333,False
0,1057,109,3.75998241763,3.82703333333,False
0,1058,109,3.73285461936,3.82703333333,False
0,1059,109,3.79582888742,3.82703333333,False
0,1060,109,3.80331775997,3.82703333333,False
0,1061,109,3.71361506962,3.82703333333,False
0,1062,109,3.75421832348,3.82703333333,False
0,1063,109,3.73418247071,3.82703333333,False
0,1064,109,3.75575478322,3.82703333333,False
0,1065,109,3.80555429937,3.82703333333,False
0,1066,109,3.75643698061,3.82703333333,False
0,1067,109,3.76756992439,3.82703333333,False
0,1068,109,3.73368529214,3.82703333333,False
0,1069,109,3.77327633011,3.82703333333,False
0,1070,109,3.76634646376,3.82703333333,False
0,1071,109,3.75585101672,3.82703333333,False
0,1072,109,3.78876423246,3.82703333333,False
0,1073,110,3.79818049184,3.86036666667,False
0,1074,110,3.80273110132,3.86036666667,False
0,1075,110,3.7724377864,3.86036666667,False
0,1076,110,3.79941187805,3.86036666667,False
0,1077,110,3.75527113695,3.86036666667,False
0,1078,111,3.79508570213,3.8937,False
0,1079,111,3.81189376906,3.8937,False
0,1080,111,3.84231157285,3.8937,False
0,1081,112,3.85233664029,3.92703333333,False
0,1082,112,3.85105689365,3.92703333333,False
0,1083,113,3.90456429598,3.96036666667,False
0,1084,113,3.91920068732,3.96036666667,False
0,1085,114,3.86037092446,3.9937,False
0,1086,114,3.96885184959,3.9937,False
0,1087,114,3.87615882441,3.9937,False
0,1088,114,3.94565502595,3.9937,False
0,1089,114,3.92910846049,3.9937,False
0,1090,114,3.91565305033,3.9937,False
0,1091,114,3.96993239535,3.9937,False
0,1092,114,3.93340163808,3.9937,False
0,1093,114,3.87513122378,3.9937,False
0,1094,114,3.89526787055,3.9937,False
0,1095,114,3.92416680885,3.9937,False
0,1096,114,3.91544756067,3.9937,False
0,1097,114,3.89775547563,3.9937,False
0,1098,114,3.93677166773,3.9937,False
0,1099,114,3.95695847784,3.9937,False
0,1100,114,3.90504853591,3.9937,False
0,1101,114,3.92972777777,3.9937,False
0,1102,114,3.96577746523,3.9937,False
0,1103,114,3.90469831176,3.9937,False
0,1104,114,3.92364144908,3.9937,False
0,1105,114,3.87587927601,3.9937,False
0,1106,114,3.91099507539,3.9937,False
0,1107,114,3.90942442013,3.9937,False
0,1108,114,3.88886782519,3.9937,False
0,1109,114,3.93926435652,3.9937,False
0,1110,114,3.89153361964,3.9937,False
0,1111,114,3.92398096031,3.9937,False
0,1112,114,3.97676034551,3.9937,False
0,1113,114,3.91514602949,3.9937,False
0,1114,114,3.95807407282,3.9937,False
0,1115,114,3.96027800387,3.9937,False
0,1116,114,3.90124884707,3.9937,False
0,1117,114,3.91349435356,3.9937,False
0,1118,114,3.87010396591,3.9937,False
0,1119,114,3.88196122743,3.9937,False
0,1120,114,3.91736391503,3.9937,False
0,1121,114,3.8913459675,3.9937,False
0,1122,114,3.88335985583,3.9937,False
0,1123,114,3.91235266225,3.9937,False
0,1124,114,3.96043759857,3.9937,False
0,1125,114,3.96403464758,3.9937,False
0,1126,114,3.96350464045,3.9937,False
0,1127,114,3.91458253274,3.9937,False
0,1128,114,3.96578844693,3.9937,False
0,1129,114,3.90792788784,3.9937,False
0,1130,114,3.91231051109,3.9937,False
0,1131,114,3.92783747964,3.9937,False
0,1132,114,3.8874800319,3.9937,False
0,1133,114,3.90163113306,3.9937,False
0,1134,114,3.91832748571,3.9937,False
0,1135,114,3.91761446398,3.9937,False
0,1136,114,3.93364030155,3.9937,False
0,1137,114,3.91216446376,3.9937,False
0,1138,114,3.95734631635,3.9937,False
0,1139,114,3.91026969477,3.9937,False
0,1140,114,3.96228916492,3.9937,False
0,1141,114,3.94280883298,3.9937,False
0,1142,114,3.95469486005,3.9937,False
0,1143,114,3.95846943283,3.9937,False
0,1144,114,3.91622419872,3.9937,False
0,1145,114,3.91983946084,3.9937,False
0,1146,114,3.93247120277,3.9937,False
0,1147,114,3.8788588513,3.9937,False
0,1148,114,3.98105611401,3.9937,False
0,1149,114,3.93535218265,3.9937,False
0,1150,114,3.95952418228,3.9937,False
0,1151,114,3.94055862881,3.9937,False
0,1152,114,3.90240851149,3.9937,False
0,1153,114,3.92230398122,3.9937,False
0,1154,114,3.93212364535,3.9937,False
0,1155,114,3.92335014918,3.9937,False
0,1156,114,3.89786536125,3.9937,False
0,1157,114,3.88780259052,3.9937,False
0,1158,114,3.95231997414,3.9937,False
0,1159,114,3.9556384952,3.9937,False
0,1160,115,3.96515340247,4.02703333333,False
0,1161,115,3.97524104277,4.02703333333,False
0,1162,115,3.94111973451,4.02703333333,False
0,1163,115,3.97181649523,4.02703333333,False
0,1164,115,3.91200427044,4.02703333333,False
0,1165,115,3.96655899997,4.02703333333,False
0,1166,116,3.99617557634,4.06036666667,False
0,1167,116,3.96346685685,4.06036666667,False
0,1168,116,3.98760235814,4.06036666667,False
0,1169,116,3.99524786175,4.06036666667,False
0,1170,117,3.99182126176,4.0937,False
0,1171,117,3.96642210331,4.0937,False
0,1172,118,4.09721659011,4.12703333333,False
0,1173,118,4.0641675675,4.12703333333,False
0,1174,118,4.08023354506,4.12703333333,False
0,1175,119,4.0733270792,4.16036666667,False
0,1176,119,4.06066387202,4.16036666667,False
0,1177,119,4.06284689124,4.16036666667,False
0,1178,119,4.06221644765,4.16036666667,False
0,1179,119,4.06668047959,4.16036666667,False
0,1180,119,4.08593118581,4.16036666667,False
0,1181,119,4.0777631527,4.16036666667,False
0,1182,119,4.14207012446,4.16036666667,False
0,1183,119,4.11545692528,4.16036666667,False
0,1184,119,4.07507248206,4.16036666667,False
0,1185,119,4.14564305851,4.16036666667,False
0,1186,119,4.10563093628,4.16036666667,False
0,1187,119,4.0732935822,4.16036666667,False
0,1188,119,4.06016989542,4.16036666667,False
0,1189,119,4.1408384946,4.16036666667,False
0,1190,119,4.0962079641,4.16036666667,False
0,1191,119,4.13034026465,4.16036666667,False
0,1192,119,4.09612730065,4.16036666667,False
0,1193,119,4.07523858696,4.16036666667,False
0,1194,119,4.11112525102,4.16036666667,False
0,1195,119,4.12196820192,4.16036666667,False
0,1196,119,4.14227765994,4.16036666667,False
0,1197,119,4.08959765021,4.16036666667,False
0,1198,119,4.06418131558,4.16036666667,False
0,1199,119,4.08833012016,4.16036666667,False
0,1200,119,4.09567654604,4.16036666667,False
0,1201,119,4.07510166858,4.16036666667,False
0,1202,119,4.0960681172,4.16036666667,False
0,1203,119,4.02747122976,4.16036666667,False
0,1204,119,4.10902961029,4.16036666667,False
0,1205,119,4.12856770992,4.16036666667,False
0,1206,119,4.1077237666,4.16036666667,False
0,1207,119,4.12373470419,4.16036666667,False
0,1208,119,4.07278950052,4.16036666667,False
0,1209,119,4.08740402437,4.16036666667,False
0,1210,119,4.11029328733,4.16036666667,False
0,1211,119,4.07134295126,4.16036666667,False
0,1212,119,4.11923660643,4.16036666667,False
0,1213,119,4.08102697594,4.16036666667,False
0,1214,119,4.05380298659,4.16036666667,False
0,1215,119,4.07496640895,4.16036666667,False
0,1216,119,4.10785489735,4.16036666667,False
0,1217,119,4.08625646663,4.16036666667,False
0,1218,119,4.07803979461,4.16036666667,False
0,1219,119,4.10383210691,4.16036666667,False
0,1220,119,4.07905865504,4.16036666667,False
0,1221,119,4.11288868678,4.16036666667,False
0,1222,119,4.09086907317,4.16036666667,False
0,1223,119,4.12332752513,4.16036666667,False
0,1224,119,4.08520327563,4.16036666667,False
0,1225,119,4.10190339931,4.16036666667,False
0,1226,119,4.03812163037,4.16036666667,False
0,1227,119,4.07393131127,4.16036666667,False
0,1228,119,4.08473750016,4.16036666667,False
0,1229,119,4.10378498817,4.16036666667,False
0,1230,119,4.07625908989,4.16036666667,False
0,1231,119,4.07642405225,4.16036666667,False
0,1232,119,4.10056165127,4.16036666667,False
0,1233,119,4.0527028236,4.16036666667,False
0,1234,119,4.07567122196,4.16036666667,False
0,1235,119,4.07906283125,4.16036666667,False
0,1236,119,4.10697162392,4.16036666667,False
0,1237,119,4.10252574521,4.16036666667,False
0,1238,119,4.11641839445,4.16036666667,False
0,1239,119,4.10304274281,4.16036666667,False
0,1240,119,4.08163873575,4.16036666667,False
0,1241,119,4.07729962189,4.16036666667,False
0,1242,119,4.06975841609,4.16036666667,False
0,1243,119,4.06957692263,4.16036666667,False
0,1244,119,4.07116962803,4.16036666667,False
0,1245,119,4.09783785655,4.16036666667,False
0,1246,119,4.09290979482,4.16036666667,False
0,1247,119,4.04963835227,4.16036666667,False
0,1248,120,4.13377790243,4.1937,False
0,1249,120,4.11419116093,4.1937,False
0,1250,120,4.10542823886,4.1937,False
0,1251,120,4.1096450444,4.1937,False
0,1252,120,4.14108321959,4.1937,False
0,1253,120,4.1010280801,4.1937,False
0,1254,121,4.15646853987,4.22703333333,False
0,1255,121,4.15015094161,4.22703333333,False
0,1256,121,4.17824712991,4.22703333333,False
0,1257,122,4.21476565353,4.26036666667,False
0,1258,122,4.19733952135,4.26036666667,False
0,1259,122,4.19662985731,4.26036666667,False
0,1260,123,4.22750359629,4.2937,False
0,1261,123,4.27268663335,4.2937,False
0,1262,123,4.24067522083,4.2937,False
0,1263,124,4.27302523403,4.32703333333,False
0,1264,124,4.27222179679,4.32703333333,False
0,1265,124,4.23810926449,4.32703333333,False
0,1266,124,4.21130701844,4.32703333333,False
0,1267,124,4.26889156467,4.32703333333,False
0,1268,124,4.31238499962,4.32703333333,False
0,1269,124,4.26390120625,4.32703333333,False
0,1270,124,4.26337278286,4.32703333333,False
0,1271,124,4.28521134757,4.32703333333,False
0,1272,124,4.26797473144,4.32703333333,False
0,1273,124,4.29905036971,4.32703333333,False
0,1274,124,4.29027998305,4.32703333333,False
0,1275,124,4.22629702441,4.32703333333,False
0,1276,124,4.27847211464,4.32703333333,False
0,1277,124,4.26718602455,4.32703333333,False
0,1278,124,4.25858779582,4.32703333333,False
0,1279,124,4.27307986492,4.32703333333,False
0,1280,124,4.23359148857,4.32703333333,False
0,1281,124,4.26450858347,4.32703333333,False
0,1282,124,4.26005184724,4.32703333333,False
0,1283,124,4.25865101302,4.32703333333,False
0,1284,124,4.26280950858,4.32703333333,False
0,1285,124,4.3157386687,4.32703333333,False
0,1286,124,4.24435724927,4.32703333333,False
0,1287,124,4.27147288655,4.32703333333,False
0,1288,124,4.21662013594,4.32703333333,False
0,1289,124,4.27897486171,4.32703333333,False
0,1290,124,4.28100499094,4.32703333333,False
0,1291,124,4.277939803,4.32703333333,False
0,1292,124,4.26615261218,4.32703333333,False
0,1293,124,4.28429596366,4.32703333333,False
0,1294,124,4.21835247941,4.32703333333,False
0,1295,124,4.3001922618,4.32703333333,False
0,1296,124,4.27074468384,4.32703333333,False
0,1297,124,4.27491058485,4.32703333333,False
0,1298,124,4.22699454679,4.32703333333,False
0,1299,124,4.25330892289,4.32703333333,False
0,1300,124,4.22592163215,4.32703333333,False
0,1301,124,4.21111205149,4.32703333333,False
0,1302,124,4.2671147612,4.32703333333,False
0,1303,124,4.21228820617,4.32703333333,False
0,1304,124,4.24955077616,4.32703333333,False
0,1305,124,4.25753528081,4.32703333333,False
0,1306,124,4.24940823664,4.32703333333,False
0,1307,124,4.26017584576,4.32703333333,False
0,1308,124,4.22050696065,4.32703333333,False
0,1309,124,4.24075616264,4.32703333333,False
0,1310,124,4.23702474109,4.32703333333,False
0,1311,124,4.2866766013,4.32703333333,False
0,1312,124,4.21154850023,4.32703333333,False
0,1313,124,4.2338865796,4.32703333333,False
0,1314,124,4.25725608003,4.32703333333,False
0,1315,124,4.20960326387,4.32703333333,False
0,1316,124,4.25411011124,4.32703333333,False
0,1317,124,4.242564161,4.32703333333,False
0,1318,124,4.24196932496,4.32703333333,False
0,1319,124,4.27014491686,4.32703333333,False
0,1320,124,4.23048496484,4.32703333333,False
0,1321,124,4.26888205877,4.32703333333,False
0,1322,124,4.25925385906,4.32703333333,False
0,1323,124,4.26949624208,4.32703333333,False
0,1324,124,4.27026148059,4.32703333333,False
0,1325,124,4.28402832499,4.32703333333,False
0,1326,124,4.22842325722,4.32703333333,False
0,1327,124,4.2531966958,4.32703333333,False
0,1328,124,4.24840460928,4.32703333333,False
0,1329,124,4.24055054492,4.32703333333,False
0,1330,124,4.20252651297,4.32703333333,False
0,1331,124,4.27786596351,4.32703333333,False
0,1332,124,4.23609047354,4.32703333333,False
0,1333,124,4.27948398737,4.32703333333,False
0,1334,124,4.24377727951,4.32703333333,False
0,1335,124,4.27866720641,4.32703333333,False
0,1336,124,4.21046625671,4.32703333333,False
0,1337,124,4.22791710974,4.32703333333,False
0,1338,124,4.28813287363,4.32703333333,False
0,1339,125,4.30520541164,4.36036666667,False
0,1340,125,4.28823441848,4.36036666667,False
0,1341,125,4.26956818695,4.36036666667,False
0,1342,125,4.34353109399,4.36036666667,False
0,1343,125,4.32114746837,4.36036666667,False
0,1344,126,4.3246127361,4.3937,False
0,1345,126,4.32604262229,4.3937,False
0,1346,126,4.34575494802,4.3937,False
0,1347,127,4.30227134692,4.42703333333,False
0,1348,127,4.40814884832,4.42703333333,False
0,1349,128,4.35134180055,4.46036666667,False
0,1350,128,4.38682941664,4.46036666667,False
0,1351,128,4.35160804885,4.46036666667,False
0,1352,129,4.46490384831,4.4937,False
0,1353,129,4.44264918103,4.4937,False
0,1354,129,4.46345420578,4.4937,False
0,1355,129,4.45184723804,4.4937,False
0,1356,129,4.44817929509,4.4937,False
0,1357,129,4.40590133334,4.4937,False
0,1358,129,4.44967967617,4.4937,False
0,1359,129,4.418312224,4.4937,False
0,1360,129,4.43230125578,4.4937,False
0,1361,129,4.44719973315,4.4937,False
0,1362,129,4.39710219019,4.4937,False
0,1363,129,4.42871220838,4.4937,False
0,1364,129,4.4045173567,4.4937,False
0,1365,129,4.42852688892,4.4937,False
0,1366,129,4.44066237862,4.4937,False
0,1367,129,4.43348849276,4.4937,False
0,1368,129,4.43123579922,4.4937,False
0,1369,129,4.41579058839,4.4937,False
0,1370,129,4.42582160184,4.4937,False
0,1371,129,4.38862892536,4.4937,False
0,1372,129,4.41715223117,4.4937,False
0,1373,129,4.43897687198,4.4937,False
0,1374,129,4.46749544116,4.4937,False
0,1375,129,4.46576344879,4.4937,False
0,1376,129,4.41097703144,4.4937,False
0,1377,129,4.43999646913,4.4937,False
0,1378,129,4.45413641128,4.4937,False
0,1379,129,4.42738259814,4.4937,False
0,1380,129,4.40445607846,4.4937,False
0,1381,129,4.44578648113,4.4937,False
0,1382,129,4.43031692365,4.4937,False
0,1383,129,4.44423226478,4.4937,False
0,1384,129,4.45254461082,4.4937,False
0,1385,129,4.42280399414,4.4937,False
0,1386,129,4.40561848612,4.4937,False
0,1387,129,4.39859933202,4.4937,False
0,1388,129,4.4530078484,4.4937,False
0,1389,129,4.401827168,4.4937,False
0,1390,129,4.42626238403,4.4937,False
0,1391,129,4.42237799981,4.4937,False
0,1392,129,4.41455227211,4.4937,False
0,1393,129,4.4580982793,4.4937,False
0,1394,129,4.48699224106,4.4937,False
0,1395,129,4.43949071755,4.4937,False
0,1396,129,4.40716527194,4.4937,False
0,1397,129,4.4058831902,4.4937,False
0,1398,129,4.4789293406,4.4937,False
0,1399,129,4.43056382775,4.4937,False
0,1400,129,4.46051718217,4.4937,False
0,1401,129,4.46659074003,4.4937,False
0,1402,129,4.4153310148,4.4937,False
0,1403,129,4.41744919175,4.4937,False
0,1404,129,4.44748360971,4.4937,False
0,1405,129,4.38354526917,4.4937,False
0,1406,129,4.42029999488,4.4937,False
0,1407,129,4.44923892489,4.4937,False
0,1408,129,4.40945840232,4.4937,False
0,1409,129,4.39477155526,4.4937,False
0,1410,129,4.39973844794,4.4937,False
0,1411,129,4.41099198517,4.4937,False
0,1412,129,4.41453984117,4.4937,False
0,1413,129,4.37492209357,4.4937,False
0,1414,129,4.44614306871,4.4937,False
0,1415,129,4.37257915724,4.4937,False
0,1416,129,4.39209207984,4.4937,False
0,1417,129,4.43151203101,4.4937,False
0,1418,129,4.41469989154,4.4937,False
0,1419,129,4.37891996726,4.4937,False
0,1420,129,4.45360663103,4.4937,False
0,1421,129,4.41457733925,4.4937,False
0,1422,129,4.44694064619,4.4937,False
0,1423,129,4.37984732202,4.4937,False
0,1424,129,4.4500804763,4.4937,False
0,1425,129,4.41077264913,4.4937,False
0,1426,129,4.44965693388,4.4937,False
0,1427,129,4.43543490149,4.4937,False
0,1428,130,4.430938506,4.52703333333,False
0,1429,130,4.45633759464,4.52703333333,False
0,1430,130,4.45985118618,4.52703333333,False
0,1431,130,4.46326598587,4.52703333333,False
0,1432,130,4.47217848826,4.52703333333,False
0,1433,130,4.48144093652,4.52703333333,False
0,1434,130,4.43671850085,4.52703333333,False
0,1435,130,4.44655544335,4.52703333333,False
0,1436,131,4.52135523454,4.56036666667,False
0,1437,131,4.49629899793,4.56036666667,False
0,1438,131,4.45935032894,4.56036666667,False
0,1439,131,4.50530994793,4.56036666667,False
0,1440,132,4.5495260093,4.5937,False
0,1441,132,4.54033098005,4.5937,False
0,1442,132,4.53289562457,4.5937,False
0,1443,133,4.5744962648,4.62703333333,False
0,1444,133,4.54659579479,4.62703333333,False
0,1445,133,4.57585062009,4.62703333333,False
0,1446,134,4.62362569654,4.66036666667,False
0,1447,134,4.59203895808,4.66036666667,False
0,1448,134,4.59689597838,4.66036666667,False
0,1449,134,4.58823465583,4.66036666667,False
0,1450,134,4.574937885,4.66036666667,False
0,1451,134,4.63447770939,4.66036666667,False
0,1452,134,4.63207269365,4.66036666667,False
0,1453,134,4.57902424137,4.66036666667,False
0,1454,134,4.60245596722,4.66036666667,False
0,1455,134,4.60936574406,4.66036666667,False
0,1456,134,4.60612560076,4.66036666667,False
0,1457,134,4.60384275138,4.66036666667,False
0,1458,134,4.61293967436,4.66036666667,False
0,1459,134,4.59837176015,4.66036666667,False
0,1460,134,4.56349567447,4.66036666667,False
0,1461,134,4.60921239694,4.66036666667,False
0,1462,134,4.57880342224,4.66036666667,False
0,1463,134,4.62008509411,4.66036666667,False
0,1464,134,4.59097755701,4.66036666667,False
0,1465,134,4.58655220404,4.66036666667,False
0,1466,134,4.54913037125,4.66036666667,False
0,1467,134,4.61019109722,4.66036666667,False
0,1468,134,4.60761406839,4.66036666667,False
0,1469,134,4.58835573191,4.66036666667,False
0,1470,134,4.54625824548,4.66036666667,False
0,1471,134,4.59708428174,4.66036666667,False
0,1472,134,4.63108056582,4.66036666667,False
0,1473,134,4.57398571569,4.66036666667,False
0,1474,134,4.60060886785,4.66036666667,False
0,1475,134,4.60775670194,4.66036666667,False
0,1476,134,4.55485929415,4.66036666667,False
0,1477,134,4.61059542583,4.66036666667,False
0,1478,134,4.61540434083,4.66036666667,False
0,1479,134,4.60409631787,4.66036666667,False
0,1480,134,4.5844697251,4.66036666667,False
0,1481,134,4.58072105719,4.66036666667,False
0,1482,134,4.57738429644,4.66036666667,False
0,1483,134,4.60643049726,4.66036666667,False
0,1484,134,4.59792925095,4.66036666667,False
0,1485,134,4.61023290383,4.66036666667,False
0,1486,134,4.59987192525,4.66036666667,False
0,1487,134,4.60959155807,4.66036666667,False
0,1488,134,4.55548479039,4.66036666667,False
0,1489,134,4.56120807748,4.66036666667,False
0,1490,134,4.57953704554,4.66036666667,False
0,1491,134,4.57016038376,4.66036666667,False
0,1492,134,4.60596254511,4.66036666667,False
0,1493,134,4.61182106001,4.66036666667,False
0,1494,134,4.62084225267,4.66036666667,False
0,1495,134,4.6022349325,4.66036666667,False
0,1496,134,4.59749591742,4.66036666667,False
0,1497,134,4.60258151924,4.66036666667,False
0,1498,134,4.59055177128,4.66036666667,False
0,1499,134,4.58715511738,4.66036666667,False
0,1500,134,4.5952212409,4.66036666667,False
0,1501,134,4.58273798975,4.66036666667,False
0,1502,134,4.56650849781,4.66036666667,False
0,1503,134,4.55449291429,4.66036666667,False
0,1504,134,4.58985651276,4.66036666667,False
0,1505,134,4.58919654831,4.66036666667,False
0,1506,134,4.60015580736,4.66036666667,False
0,1507,134,4.6016484206,4.66036666667,False
0,1508,134,4.62145795696,4.66036666667,False
0,1509,134,4.57555453378,4.66036666667,False
0,1510,134,4.59241402023,4.66036666667,False
0,1511,134,4.60950818286,4.66036666667,False
0,1512,134,4.62777696317,4.66036666667,False
0,1513,134,4.5965997301,4.66036666667,False
0,1514,134,4.60553371815,4.66036666667,False
0,1515,134,4.60233492388,4.66036666667,False
0,1516,134,4.5711425817,4.66036666667,False
0,1517,134,4.61211307957,4.66036666667,False
0,1518,134,4.57911670596,4.66036666667,False
0,1519,134,4.61049101691,4.66036666667,False
0,1520,134,4.61794618038,4.66036666667,False
0,1521,134,4.59399091538,4.66036666667,False
0,1522,134,4.57657396987,4.66036666667,False
0,1523,134,4.58145970492,4.66036666667,False
0,1524,135,4.64095678245,4.6937,False
0,1525,135,4.61975323638,4.6937,False
0,1526,135,4.6189599534,4.6937,False
0,1527,135,4.60837370684,4.6937,False
0,1528,135,4.62429523109,4.6937,False
0,1529,135,4.63542810798,4.6937,False
0,1530,135,4.61550050156,4.6937,False
0,1531,136,4.66766270054,4.72703333333,False
0,1532,136,4.71465537857,4.72703333333,False
0,1533,136,4.6458720404,4.72703333333,False
0,1534,136,4.6944463605,4.72703333333,False
0,1535,137,4.65826323242,4.76036666667,False
0,1536,137,4.7376119107,4.76036666667,False
0,1537,137,4.74904310409,4.76036666667,False
0,1538,138,4.73979324631,4.7937,False
0,1539,138,4.71909014631,4.7937,False
0,1540,138,4.71559249269,4.7937,False
0,1541,138,4.68438321999,4.7937,False
0,1542,139,4.72610196783,4.82703333333,False
0,1543,139,4.74009731187,4.82703333333,False
0,1544,139,4.68912797677,4.82703333333,False
0,1545,139,4.76957242294,4.82703333333,False
0,1546,139,4.76817581213,4.82703333333,False
0,1547,139,4.73860644476,4.82703333333,False
0,1548,139,4.72920262673,4.82703333333,False
0,1549,139,4.80275141582,4.82703333333,False
0,1550,139,4.76572332536,4.82703333333,False
0,1551,139,4.74761899039,4.82703333333,False
0,1552,139,4.76718294053,4.82703333333,False
0,1553,139,4.72887776479,4.82703333333,False
0,1554,139,4.74000549955,4.82703333333,False
0,1555,139,4.75736880574,4.82703333333,False
0,1556,139,4.75235729908,4.82703333333,False
0,1557,139,4.82643168416,4.82703333333,False
0,1558,139,4.75020807564,4.82703333333,False
0,1559,139,4.73265154341,4.82703333333,False
0,1560,139,4.76758481232,4.82703333333,False
0,1561,139,4.75464025333,4.82703333333,False
0,1562,139,4.78195404735,4.82703333333,False
0,1563,139,4.75480787248,4.82703333333,False
0,1564,139,4.71928194728,4.82703333333,False
0,1565,139,4.73326235571,4.82703333333,False
0,1566,139,4.76949439797,4.82703333333,False
0,1567,139,4.79349946895,4.82703333333,False
0,1568,139,4.78312291159,4.82703333333,False
0,1569,139,4.73762008962,4.82703333333,False
0,1570,139,4.72030285278,4.82703333333,False
0,1571,139,4.74871649703,4.82703333333,False
0,1572,139,4.79129696578,4.82703333333,False
0,1573,139,4.75263402835,4.82703333333,False
0,1574,139,4.74170039051,4.82703333333,False
0,1575,139,4.77611046155,4.82703333333,False
0,1576,139,4.73827020709,4.82703333333,False
0,1577,139,4.76798959841,4.82703333333,False
0,1578,139,4.74386155228,4.82703333333,False
0,1579,139,4.75094569677,4.82703333333,False
0,1580,139,4.75988292514,4.82703333333,False
0,1581,139,4.80393251059,4.82703333333,False
0,1582,139,4.78109182752,4.82703333333,False
0,1583,139,4.75794474535,4.82703333333,False
0,1584,139,4.73735854388,4.82703333333,False
0,1585,139,4.78285520279,4.82703333333,False
0,1586,139,4.79342953234,4.82703333333,False
0,1587,139,4.72305902707,4.82703333333,False
0,1588,139,4.75293470296,4.82703333333,False
0,1589,139,4.76082916648,4.82703333333,False
0,1590,139,4.78486089424,4.82703333333,False
0,1591,139,4.75545081109,4.82703333333,False
0,1592,139,4.75224113603,4.82703333333,False
0,1593,139,4.72698636362,4.82703333333,False
0,1594,139,4.7405876221,4.82703333333,False
0,1595,139,4.78115669322,4.82703333333,False
0,1596,139,4.77773961624,4.82703333333,False
0,1597,139,4.74038146896,4.82703333333,False
0,1598,139,4.73889485265,4.82703333333,False
0,1599,139,4.71999215139,4.82703333333,False
0,1600,139,4.77601588956,4.82703333333,False
0,1601,139,4.79881522249,4.82703333333,False
0,1602,139,4.79364723292,4.82703333333,False
0,1603,139,4.78891029114,4.82703333333,False
0,1604,139,4.76184179568,4.82703333333,False
0,1605,139,4.73284835486,4.82703333333,False
0,1606,139,4.79755816547,4.82703333333,False
0,1607,139,4.74235729024,4.82703333333,False
0,1608,139,4.78757948843,4.82703333333,False
0,1609,139,4.7188528633,4.82703333333,False
0,1610,139,4.7720980747,4.82703333333,False
0,1611,139,4.73429199148,4.82703333333,False
0,1612,139,4.78978641518,4.82703333333,False
0,1613,139,4.77697311288,4.82703333333,False
0,1614,139,4.78454027964,4.82703333333,False
0,1615,139,4.74121785225,4.82703333333,False
0,1616,139,4.76962031515,4.82703333333,False
0,1617,139,4.78157374802,4.82703333333,False
0,1618,139,4.74847155404,4.82703333333,False
0,1619,139,4.79938611665,4.82703333333,False
0,1620,139,4.77961432235,4.82703333333,False
0,1621,139,4.81872910362,4.82703333333,False
0,1622,140,4.78741313913,4.86036666667,False
0,1623,140,4.79088912615,4.86036666667,False
0,1624,140,4.7820510051,4.86036666667,False
0,1625,140,4.80239880539,4.86036666667,False
0,1626,140,4.8249347088,4.86036666667,False
0,1627,140,4.75722959949,4.86036666667,False
0,1628,140,4.79275006378,4.86036666667,False
0,1629,141,4.81773827154,4.8937,False
0,1630,141,4.87681162722,4.8937,False
0,1631,141,4.82179133859,4.8937,False
0,1632,141,4.77239202736,4.8937,False
0,1633,142,4.86283112058,4.92703333333,False
0,1634,142,4.85165625382,4.92703333333,False
0,1635,142,4.82619371085,4.92703333333,False
0,1636,143,4.91373901472,4.96036666667,False
0,1637,143,4.88989337166,4.96036666667,False
0,1638,143,4.91273674007,4.96036666667,False
0,1639,144,4.92078398681,4.9937,False
0,1640,144,4.91813665091,4.9937,False
0,1641,144,4.89722335081,4.9937,False
0,1642,144,4.86229378187,4.9937,False
0,1643,144,4.9133741485,4.9937,False
0,1644,144,4.92001979996,4.9937,False
0,1645,144,4.98537848411,4.9937,False
0,1646,144,4.91539482295,4.9937,False
0,1647,144,4.93334569713,4.9937,False
0,1648,144,4.87335356458,4.9937,False
0,1649,144,4.94615536372,4.9937,False
0,1650,144,4.96532553399,4.9937,False
0,1651,144,4.91321419572,4.9937,False
0,1652,144,4.94451288974,4.9937,False
0,1653,144,4.94484016207,4.9937,False
0,1654,144,4.94948064529,4.9937,False
0,1655,144,4.91940372028,4.9937,False
0,1656,144,4.9046742981,4.9937,False
0,1657,144,4.92143941012,4.9937,False
0,1658,144,4.95966417381,4.9937,False
0,1659,144,4.93166734687,4.9937,False
0,1660,144,4.88946015199,4.9937,False
0,1661,144,4.88985923989,4.9937,False
0,1662,144,4.97437627428,4.9937,False
0,1663,144,4.89081617,4.9937,False
0,1664,144,4.88756254981,4.9937,False
0,1665,144,4.90680806319,4.9937,False
0,1666,144,4.93647995025,4.9937,False
0,1667,144,4.94172078504,4.9937,False
0,1668,144,4.90908547049,4.9937,False
0,1669,144,4.92404234673,4.9937,False
0,1670,144,4.91243840399,4.9937,False
0,1671,144,4.91446253514,4.9937,False
0,1672,144,4.9303928986,4.9937,False
0,1673,144,4.88474160554,4.9937,False
0,1674,144,4.96398797785,4.9937,False
0,1675,144,4.92777389167,4.9937,False
0,1676,144,4.93776633709,4.9937,False
0,1677,144,4.91708175919,4.9937,False
0,1678,144,4.90770603417,4.9937,False
0,1679,144,4.89666178362,4.9937,False
0,1680,144,4.9088345425,4.9937,False
0,1681,144,4.95458073518,4.9937,False
0,1682,144,4.90727175985,4.9937,False
0,1683,144,4.92721438889,4.9937,False
0,1684,144,4.99624957298,4.9937,True
0,1685,144,4.9220484345,4.9937,False
0,1686,144,4.93786910074,4.9937,False
0,1687,144,4.91053413891,4.9937,False
0,1688,144,4.93414589125,4.9937,False
0,1689,144,4.91076803013,4.9937,False
0,1690,144,4.88828851852,4.9937,False
0,1691,144,4.89902945685,4.9937,False
0,1692,144,4.90225972712,4.9937,False
0,1693,144,4.92948407711,4.9937,False
0,1694,144,4.93026117807,4.9937,False
0,1695,144,4.90065351336,4.9937,False
0,1696,144,4.95532693664,4.9937,False
0,1697,144,4.91008181477,4.9937,False
0,1698,144,4.93739948109,4.9937,False
0,1699,144,4.92668790178,4.9937,False
0,1700,144,4.9125969725,4.9937,False
0,1701,144,4.92711217543,4.9937,False
0,1702,144,4.926623211,4.9937,False
0,1703,144,4.94104662245,4.9937,False
0,1704,144,4.96214790056,4.9937,False
0,1705,144,4.99263499982,4.9937,False
0,1706,144,4.90613784442,4.9937,False
0,1707,144,4.89456752958,4.9937,False
0,1708,144,4.89971214173,4.9937,False
0,1709,144,4.91901638557,4.9937,False
0,1710,144,4.9345050811,4.9937,False
0,1711,144,4.92883027414,4.9937,False
0,1712,144,4.91499583015,4.9937,False
0,1713,144,4.94815638793,4.9937,False
0,1714,144,4.97254470965,4.9937,False
0,1715,144,4.92343974957,4.9937,False
0,1716,144,4.92969859837,4.9937,False
0,1717,144,4.96095598246,4.9937,False
0,1718,145,4.96028646841,5.02703333333,False
0,1719,145,4.98772521763,5.02703333333,False
0,1720,145,4.94893722263,5.02703333333,False
0,1721,145,4.92002708555,5.02703333333,False
0,1722,145,4.97326647129,5.02703333333,False
0,1723,145,5.00983873203,5.02703333333,False
0,1724,145,4.93444994097,5.02703333333,False
0,1725,145,4.93486025704,5.02703333333,False
0,1726,146,5.0247613652,5.06036666667,False
0,1727,146,4.99157523994,5.06036666667,False
0,1728,146,4.98341971417,5.06036666667,False
0,1729,146,4.98034994635,5.06036666667,False
0,1730,146,4.94683533872,5.06036666667,False
0,1731,147,5.00065038402,5.0937,False
0,1732,147,5.00592602249,5.0937,False
0,1733,147,5.0125699114,5.0937,False
0,1734,147,5.0171978517,5.0937,False
0,1735,148,5.0598882725,5.12703333333,False
0,1736,148,5.00841859986,5.12703333333,False
0,1737,148,5.0483900794,5.12703333333,False
0,1738,148,5.05172441754,5.12703333333,False
0,1739,149,5.10173438997,5.16036666667,False
0,1740,149,5.10824732182,5.16036666667,False
0,1741,149,5.08849191545,5.16036666667,False
0,1742,149,5.05275197388,5.16036666667,False
0,1743,149,5.07185493372,5.16036666667,False
0,1744,149,5.09641980185,5.16036666667,False
0,1745,149,5.11620256653,5.16036666667,False
0,1746,149,5.05652765583,5.16036666667,False
0,1747,149,5.07359420782,5.16036666667,False
0,1748,149,5.067859969,5.16036666667,False
0,1749,149,5.07173577925,5.16036666667,False
0,1750,149,5.1173177914,5.16036666667,False
0,1751,149,5.09853500248,5.16036666667,False
0,1752,149,5.07473303098,5.16036666667,False
0,1753,149,5.1223814599,5.16036666667,False
0,1754,149,5.07448666752,5.16036666667,False
0,1755,149,5.07373895675,5.16036666667,False
0,1756,149,5.07260808817,5.16036666667,False
0,1757,149,5.06787212441,5.16036666667,False
0,1758,149,5.06622363967,5.16036666667,False
0,1759,149,5.09531971421,5.16036666667,False
0,1760,149,5.08887253781,5.16036666667,False
0,1761,149,5.09072521734,5.16036666667,False
0,1762,149,5.08992329206,5.16036666667,False
0,1763,149,5.09002564768,5.16036666667,False
0,1764,149,5.05941252777,5.16036666667,False
0,1765,149,5.0987137649,5.16036666667,False
0,1766,149,5.1148519878,5.16036666667,False
0,1767,149,5.08141690499,5.16036666667,False
0,1768,149,5.07476746977,5.16036666667,False
0,1769,149,5.07727433901,5.16036666667,False
0,1770,149,5.08597270571,5.16036666667,False
0,1771,149,5.11246373993,5.16036666667,False
0,1772,149,5.13724658133,5.16036666667,False
0,1773,149,5.1089665215,5.16036666667,False
0,1774,149,5.09446538944,5.16036666667,False
0,1775,149,5.06932719765,5.16036666667,False
0,1776,149,5.09764556687,5.16036666667,False
0,1777,149,5.10599133024,5.16036666667,False
0,1778,149,5.07345080735,5.16036666667,False
0,1779,149,5.07817080419,5.16036666667,False
0,1780,149,5.06550865242,5.16036666667,False
0,1781,149,5.10715490674,5.16036666667,False
0,1782,149,5.0766179633,5.16036666667,False
0,1783,149,5.1328307216,5.16036666667,False
0,1784,149,5.08942331171,5.16036666667,False
0,1785,149,5.11087440423,5.16036666667,False
0,1786,149,5.12475017799,5.16036666667,False
0,1787,149,5.078373955,5.16036666667,False
0,1788,149,5.0560930735,5.16036666667,False
0,1789,149,5.06472517328,5.16036666667,False
0,1790,149,5.09766813153,5.16036666667,False
0,1791,149,5.07319110806,5.16036666667,False
0,1792,149,5.06700043121,5.16036666667,False
0,1793,149,5.0917635641,5.16036666667,False
0,1794,149,5.08973459546,5.16036666667,False
0,1795,149,5.068355444,5.16036666667,False
0,1796,149,5.1183207755,5.16036666667,False
0,1797,149,5.07750893549,5.16036666667,False
0,1798,149,5.10272010417,5.16036666667,False
0,1799,149,5.07879601834,5.16036666667,False
0,1800,149,5.14594953086,5.16036666667,False
0,1801,149,5.07328857714,5.16036666667,False
0,1802,149,5.05752562591,5.16036666667,False
0,1803,149,5.07960357387,5.16036666667,False
0,1804,149,5.09611880206,5.16036666667,False
0,1805,149,5.09729074547,5.16036666667,False
0,1806,149,5.09616231308,5.16036666667,False
0,1807,149,5.0717058398,5.16036666667,False
0,1808,149,5.08306227965,5.16036666667,False
0,1809,149,5.13575171928,5.16036666667,False
0,1810,149,5.07923158942,5.16036666667,False
0,1811,149,5.09189221412,5.16036666667,False
0,1812,149,5.10430840865,5.16036666667,False
0,1813,149,5.08051480973,5.16036666667,False
0,1814,149,5.11537993814,5.16036666667,False
0,1815,149,5.03786993839,5.16036666667,False
0,1816,149,5.08544584755,5.16036666667,False
0,1817,149,5.02466024978,5.16036666667,False
0,1818,149,5.10157525273,5.16036666667,False
0,1819,149,5.1064659261,5.16036666667,False
0,1820,149,5.11001069955,5.16036666667,False
0,1821,149,5.05812716657,5.16036666667,False
0,1822,150,5.14471944853,5.1937,False
0,1823,150,5.18128806451,5.1937,False
0,1824,150,5.08953219998,5.1937,False
0,1825,150,5.13803144345,5.1937,False
0,1826,150,5.10009161886,5.1937,False
0,1827,150,5.11293347938,5.1937,False
0,1828,151,5.11694850465,5.22703333333,False
0,1829,151,5.15066389944,5.22703333333,False
0,1830,151,5.1884837922,5.22703333333,False
0,1831,152,5.19543438148,5.26036666667,False
0,1832,152,5.18246860911,5.26036666667,False
0,1833,152,5.15592942643,5.26036666667,False
0,1834,152,5.2111806591,5.26036666667,False
0,1835,152,5.182987188,5.26036666667,False
0,1836,152,5.19193414667,5.26036666667,False
0,1837,152,5.1657187245,5.26036666667,False
0,1838,153,5.22856963666,5.2937,False
0,1839,153,5.23225211875,5.2937,False
0,1840,153,5.25841210348,5.2937,False
0,1841,153,5.20060887077,5.2937,False
0,1842,154,5.30092955393,5.32703333333,False
0,1843,154,5.25910929859,5.32703333333,False
0,1844,154,5.24397463172,5.32703333333,False
0,1845,154,5.2425207138,5.32703333333,False
0,1846,154,5.29315435221,5.32703333333,False
0,1847,154,5.30081064789,5.32703333333,False
0,1848,154,5.29822640682,5.32703333333,False
0,1849,154,5.27368349907,5.32703333333,False
0,1850,154,5.27923048956,5.32703333333,False
0,1851,154,5.23554459917,5.32703333333,False
0,1852,154,5.23578188774,5.32703333333,False
0,1853,154,5.2766676603,5.32703333333,False
0,1854,154,5.22140771625,5.32703333333,False
0,1855,154,5.28880874901,5.32703333333,False
0,1856,154,5.25348284741,5.32703333333,False
0,1857,154,5.26043231693,5.32703333333,False
0,1858,154,5.22950025307,5.32703333333,False
0,1859,154,5.23622742884,5.32703333333,False
0,1860,154,5.19650165394,5.32703333333,False
0,1861,154,5.2476240072,5.32703333333,False
0,1862,154,5.23023474616,5.32703333333,False
0,1863,154,5.29589625162,5.32703333333,False
0,1864,154,5.24332816629,5.32703333333,False
0,1865,154,5.27844369912,5.32703333333,False
0,1866,154,5.26426378839,5.32703333333,False
0,1867,154,5.21476898394,5.32703333333,False
0,1868,154,5.266176357,5.32703333333,False
0,1869,154,5.26626296926,5.32703333333,False
0,1870,154,5.26453809322,5.32703333333,False
0,1871,154,5.27115651679,5.32703333333,False
0,1872,154,5.2840211387,5.32703333333,False
0,1873,154,5.25504111367,5.32703333333,False
0,1874,154,5.30482559671,5.32703333333,False
0,1875,154,5.28057722314,5.32703333333,False
0,1876,154,5.24156403872,5.32703333333,False
0,1877,154,5.23168557722,5.32703333333,False
0,1878,154,5.23909048501,5.32703333333,False
0,1879,154,5.26628284155,5.32703333333,False
0,1880,154,5.24027199528,5.32703333333,False
0,1881,154,5.23164472039,5.32703333333,False
0,1882,154,5.26148076918,5.32703333333,False
0,1883,154,5.28159259735,5.32703333333,False
0,1884,154,5.26468061731,5.32703333333,False
0,1885,154,5.2705013298,5.32703333333,False
0,1886,154,5.25512303623,5.32703333333,False
0,1887,154,5.26026554913,5.32703333333,False
0,1888,154,5.25139757213,5.32703333333,False
0,1889,154,5.25695047309,5.32703333333,False
0,1890,154,5.24798897168,5.32703333333,False
0,1891,154,5.27716776862,5.32703333333,False
0,1892,154,5.28311789203,5.32703333333,False
0,1893,154,5.27325341613,5.32703333333,False
0,1894,154,5.28792089715,5.32703333333,False
0,1895,154,5.30866924118,5.32703333333,False
0,1896,154,5.25599386069,5.32703333333,False
0,1897,154,5.23779760624,5.32703333333,False
0,1898,154,5.27632114505,5.32703333333,False
0,1899,154,5.26798066101,5.32703333333,False
0,1900,154,5.27808234263,5.32703333333,False
0,1901,154,5.24068739001,5.32703333333,False
0,1902,154,5.24991011095,5.32703333333,False
0,1903,154,5.25280885851,5.32703333333,False
0,1904,154,5.26065414369,5.32703333333,False
0,1905,154,5.25410601655,5.32703333333,False
0,1906,154,5.24423767749,5.32703333333,False
0,1907,154,5.27559130336,5.32703333333,False
0,1908,154,5.28121735103,5.32703333333,False
0,1909,154,5.2435403151,5.32703333333,False
0,1910,154,5.24017009083,5.32703333333,False
0,1911,154,5.26127689539,5.32703333333,False
0,1912,154,5.27817309749,5.32703333333,False
0,1913,154,5.21079893979,5.32703333333,False
0,1914,154,5.25967278129,5.32703333333,False
0,1915,154,5.28695398615,5.32703333333,False
0,1916,154,5.25849886899,5.32703333333,False
0,1917,154,5.26074248929,5.32703333333,False
0,1918,154,5.24003196645,5.32703333333,False
0,1919,154,5.26610762815,5.32703333333,False
0,1920,154,5.30777677675,5.32703333333,False
0,1921,154,5.25992342053,5.32703333333,False
0,1922,154,5.24519665688,5.32703333333,False
0,1923,154,5.24667885346,5.32703333333,False
0,1924,154,5.31332288388,5.32703333333,False
0,1925,155,5.28917162844,5.36036666667,False
0,1926,155,5.24869909607,5.36036666667,False
0,1927,155,5.29515606883,5.36036666667,False
0,1928,155,5.29473464615,5.36036666667,False
0,1929,155,5.30451764768,5.36036666667,False
0,1930,155,5.31971334556,5.36036666667,False
0,1931,155,5.30186703225,5.36036666667,False
0,1932,155,5.30146830312,5.36036666667,False
0,1933,155,5.29387107108,5.36036666667,False
0,1934,155,5.27887671143,5.36036666667,False
0,1935,155,5.28352654712,5.36036666667,False
0,1936,155,5.30020210538,5.36036666667,False
0,1937,155,5.28628256139,5.36036666667,False
0,1938,155,5.30546735617,5.36036666667,False
0,1939,156,5.3011948845,5.3937,False
0,1940,156,5.34990498564,5.3937,False
0,1941,156,5.33505942575,5.3937,False
0,1942,156,5.32071673679,5.3937,False
0,1943,156,5.30174315861,5.3937,False
0,1944,156,5.33080923259,5.3937,False
0,1945,156,5.30052779931,5.3937,False
0,1946,156,5.31771064168,5.3937,False
0,1947,156,5.32471662407,5.3937,False
0,1948,157,5.35271632037,5.42703333333,False
0,1949,157,5.28679849414,5.42703333333,False
0,1950,157,5.3786856268,5.42703333333,False
0,1951,157,5.34520037652,5.42703333333,False
0,1952,157,5.40908652743,5.42703333333,False
0,1953,158,5.39173009895,5.46036666667,False
0,1954,158,5.4288136877,5.46036666667,False
0,1955,158,5.32709666785,5.46036666667,False
0,1956,158,5.37715265894,5.46036666667,False
0,1957,158,5.41832799494,5.46036666667,False
0,1958,159,5.38256457811,5.4937,False
0,1959,159,5.43380479416,5.4937,False
0,1960,159,5.34480418983,5.4937,False
0,1961,159,5.45839529036,5.4937,False
0,1962,159,5.41323537578,5.4937,False
0,1963,159,5.40292773225,5.4937,False
0,1964,159,5.41895352123,5.4937,False
0,1965,159,5.44512064236,5.4937,False
0,1966,159,5.42438005054,5.4937,False
0,1967,159,5.41811236322,5.4937,False
0,1968,159,5.3954705864,5.4937,False
0,1969,159,5.41575010316,5.4937,False
0,1970,159,5.42477741752,5.4937,False
0,1971,159,5.46673371689,5.4937,False
0,1972,159,5.42844853094,5.4937,False
0,1973,159,5.40488562968,5.4937,False
0,1974,159,5.41951336291,5.4937,False
0,1975,159,5.43704439081,5.4937,False
0,1976,159,5.41467424039,5.4937,False
0,1977,159,5.4227242503,5.4937,False
0,1978,159,5.45259298459,5.4937,False
0,1979,159,5.4292680204,5.4937,False
0,1980,159,5.40336086884,5.4937,False
0,1981,159,5.49677910069,5.4937,True
0,1982,159,5.44639197527,5.4937,False
0,1983,159,5.39839298233,5.4937,False
0,1984,159,5.37412638532,5.4937,False
0,1985,159,5.4246437194,5.4937,False
0,1986,159,5.43967809232,5.4937,False
0,1987,159,5.44056710865,5.4937,False
0,1988,159,5.44568660015,5.4937,False
0,1989,159,5.41993823446,5.4937,False
0,1990,159,5.44549567431,5.4937,False
0,1991,159,5.43993866784,5.4937,False
0,1992,159,5.39814790133,5.4937,False
0,1993,159,5.42742162435,5.4937,False
0,1994,159,5.40174614847,5.4937,False
0,1995,159,5.42419821272,5.4937,False
0,1996,159,5.42154225391,5.4937,False
0,1997,159,5.46326396447,5.4937,False
0,1998,159,5.41064173578,5.4937,False
0,1999,159,5.43232441508,5.4937,False
0,2000,159,5.39445284151,5.4937,False
0,2001,159,5.45164718636,5.4937,False
0,2002,159,5.44748543343,5.4937,False
0,2003,159,5.42642872082,5.4937,False
0,2004,159,5.40387013166,5.4937,False
0,2005,159,5.40478899127,5.4937,False
0,2006,159,5.39460093156,5.4937,False
0,2007,159,5.41486264111,5.4937,False
0,2008,159,5.43969892276,5.4937,False
0,2009,159,5.42071056354,5.4937,False
0,2010,159,5.41228522807,5.4937,False
0,2011,159,5.41068306891,5.4937,False
0,2012,159,5.38467147356,5.4937,False
0,2013,159,5.4883960726,5.4937,False
0,2014,159,5.43164295997,5.4937,False
0,2015,159,5.42588894424,5.4937,False
0,2016,159,5.42103552632,5.4937,False
0,2017,159,5.40073585597,5.4937,False
0,2018,159,5.38386833544,5.4937,False
0,2019,159,5.40843559605,5.4937,False
0,2020,159,5.37522231033,5.4937,False
0,2021,159,5.41026589709,5.4937,False
0,2022,159,5.46609369036,5.4937,False
0,2023,159,5.4120561398,5.4937,False
0,2024,159,5.47593260836,5.4937,False
0,2025,159,5.38188436434,5.4937,False
0,2026,159,5.48477319515,5.4937,False
0,2027,159,5.40511678813,5.4937,False
0,2028,159,5.42685885001,5.4937,False
0,2029,159,5.45234006503,5.4937,False
0,2030,159,5.4134594193,5.4937,False
0,2031,159,5.43271827226,5.4937,False
0,2032,159,5.43314048951,5.4937,False
0,2033,159,5.44928059014,5.4937,False
0,2034,159,5.41941892987,5.4937,False
0,2035,159,5.43847473004,5.4937,False
0,2036,159,5.4168266276,5.4937,False
0,2037,159,5.40126668184,5.4937,False
0,2038,159,5.44315638337,5.4937,False
0,2039,159,5.40819211062,5.4937,False
0,2040,159,5.39356094026,5.4937,False
0,2041,159,5.38944788638,5.4937,False
0,2042,159,5.40732064183,5.4937,False
0,2043,159,5.44100715533,5.4937,False
0,2044,159,5.42649330631,5.4937,False
0,2045,159,5.4470140323,5.4937,False
0,2046,159,5.46641778909,5.4937,False
0,2047,159,5.40499544113,5.4937,False
0,2048,159,5.37060086134,5.4937,False
0,2049,159,5.44212465176,5.4937,False
0,2050,159,5.3968290082,5.4937,False
0,2051,160,5.47231224569,5.52703333333,False
0,2052,160,5.44686330364,5.52703333333,False
0,2053,160,5.45279680962,5.52703333333,False
0,2054,160,5.43696682252,5.52703333333,False
0,2055,160,5.41675615016,5.52703333333,False
0,2056,160,5.45692402158,5.52703333333,False
0,2057,160,5.44484168079,5.52703333333,False
0,2058,160,5.47132058449,5.52703333333,False
0,2059,160,5.45846910214,5.52703333333,False
0,2060,160,5.46618221894,5.52703333333,False
0,2061,160,5.49181315264,5.52703333333,False
0,2062,160,5.46626730366,5.52703333333,False
0,2063,160,5.4729998348,5.52703333333,False
0,2064,160,5.46171581172,5.52703333333,False
0,2065,160,5.47512501041,5.52703333333,False
0,2066,160,5.46521486341,5.52703333333,False
0,2067,160,5.45797072542,5.52703333333,False
0,2068,161,5.48201647685,5.56036666667,False
0,2069,161,5.5459319064,5.56036666667,False
0,2070,161,5.48909490283,5.56036666667,False
0,2071,161,5.46494088857,5.56036666667,False
0,2072,161,5.45182419514,5.56036666667,False
0,2073,161,5.44397140755,5.56036666667,False
0,2074,161,5.49987152889,5.56036666667,False
0,2075,161,5.4729091681,5.56036666667,False
0,2076,161,5.48654287726,5.56036666667,False
0,2077,162,5.54414215047,5.5937,False
0,2078,162,5.56904217853,5.5937,False
0,2079,162,5.52014618954,5.5937,False
0,2080,162,5.56312103284,5.5937,False
0,2081,163,5.55629280405,5.62703333333,False
0,2082,163,5.57880634374,5.62703333333,False
0,2083,163,5.58167131442,5.62703333333,False
0,2084,163,5.54208743932,5.62703333333,False
0,2085,163,5.54106734314,5.62703333333,False
0,2086,163,5.53659115515,5.62703333333,False
0,2087,163,5.5510240401,5.62703333333,False
0,2088,164,5.55700747461,5.66036666667,False
0,2089,164,5.63739796504,5.66036666667,False
0,2090,164,5.59860250297,5.66036666667,False
0,2091,164,5.62698964992,5.66036666667,False
0,2092,164,5.58930174499,5.66036666667,False
0,2093,164,5.60283015932,5.66036666667,False
0,2094,164,5.55551197419,5.66036666667,False
0,2095,164,5.59635565783,5.66036666667,False
0,2096,164,5.62722213091,5.66036666667,False
0,2097,164,5.53046853955,5.66036666667,False
0,2098,164,5.62014678394,5.66036666667,False
0,2099,164,5.60143497927,5.66036666667,False
0,2100,164,5.56032577432,5.66036666667,False
0,2101,164,5.62665254175,5.66036666667,False
0,2102,164,5.56138988687,5.66036666667,False
0,2103,164,5.59178279966,5.66036666667,False
0,2104,164,5.59914969205,5.66036666667,False
0,2105,164,5.64060013662,5.66036666667,False
0,2106,164,5.55537481152,5.66036666667,False
0,2107,164,5.55779120231,5.66036666667,False
0,2108,164,5.57031831402,5.66036666667,False
0,2109,164,5.62019296516,5.66036666667,False
0,2110,164,5.62691045302,5.66036666667,False
0,2111,164,5.55274024883,5.66036666667,False
0,2112,164,5.58176235486,5.66036666667,False
0,2113,164,5.61185727308,5.66036666667,False
0,2114,164,5.5567794296,5.66036666667,False
0,2115,164,5.59843394108,5.66036666667,False
0,2116,164,5.62555573626,5.66036666667,False
0,2117,164,5.53999640616,5.66036666667,False
0,2118,164,5.57537749541,5.66036666667,False
0,2119,164,5.62621705356,5.66036666667,False
0,2120,164,5.57370736819,5.66036666667,False
0,2121,164,5.58199976861,5.66036666667,False
0,2122,164,5.60669515543,5.66036666667,False
0,2123,164,5.60259983829,5.66036666667,False
0,2124,164,5.60649055018,5.66036666667,False
0,2125,164,5.58953263667,5.66036666667,False
0,2126,164,5.61438485735,5.66036666667,False
0,2127,164,5.60319126674,5.66036666667,False
0,2128,164,5.57502513032,5.66036666667,False
0,2129,164,5.5958365302,5.66036666667,False
0,2130,164,5.54863719809,5.66036666667,False
0,2131,164,5.64117824321,5.66036666667,False
0,2132,164,5.5994279129,5.66036666667,False
0,2133,164,5.53298742707,5.66036666667,False
0,2134,164,5.60346390116,5.66036666667,False
0,2135,164,5.58644049743,5.66036666667,False
0,2136,164,5.60383514515,5.66036666667,False
0,2137,164,5.60530328259,5.66036666667,False
0,2138,164,5.5820767581,5.66036666667,False
0,2139,164,5.61773919008,5.66036666667,False
0,2140,164,5.6009619568,5.66036666667,False
0,2141,164,5.57283987117,5.66036666667,False
0,2142,164,5.61463879553,5.66036666667,False
0,2143,164,5.60000331859,5.66036666667,False
0,2144,164,5.61224473538,5.66036666667,False
0,2145,164,5.60571094425,5.66036666667,False
0,2146,164,5.58211374401,5.66036666667,False
0,2147,164,5.6068498841,5.66036666667,False
0,2148,164,5.59462694352,5.66036666667,False
0,2149,164,5.57847257437,5.66036666667,False
0,2150,164,5.57345475474,5.66036666667,False
0,2151,164,5.61458969556,5.66036666667,False
0,2152,164,5.59747745507,5.66036666667,False
0,2153,164,5.60245704792,5.66036666667,False
0,2154,164,5.55780045261,5.66036666667,False
0,2155,164,5.59237301154,5.66036666667,False
0,2156,164,5.57233143732,5.66036666667,False
0,2157,164,5.6012493505,5.66036666667,False
0,2158,164,5.55718866005,5.66036666667,False
0,2159,164,5.60016988886,5.66036666667,False
0,2160,164,5.58548084346,5.66036666667,False
0,2161,164,5.6242222889,5.66036666667,False
0,2162,164,5.53744927642,5.66036666667,False
0,2163,164,5.57830657112,5.66036666667,False
0,2164,164,5.60220080552,5.66036666667,False
0,2165,164,5.60865224316,5.66036666667,False
0,2166,164,5.57550607005,5.66036666667,False
0,2167,164,5.59034023861,5.66036666667,False
0,2168,164,5.58782981412,5.66036666667,False
0,2169,164,5.61803148348,5.66036666667,False
0,2170,164,5.54876444343,5.66036666667,False
0,2171,164,5.62000855621,5.66036666667,False
0,2172,164,5.5560879735,5.66036666667,False
0,2173,164,5.5846363079,5.66036666667,False
0,2174,164,5.60551287589,5.66036666667,False
0,2175,164,5.5519866125,5.66036666667,False
0,2176,164,5.60676372363,5.66036666667,False
0,2177,165,5.62817642111,5.6937,False
0,2178,165,5.64130666402,5.6937,False
0,2179,165,5.58951746705,5.6937,False
0,2180,165,5.6669960404,5.6937,False
0,2181,165,5.65893925284,5.6937,False
0,2182,165,5.62460613776,5.6937,False
0,2183,165,5.64040100025,5.6937,False
0,2184,165,5.61619684038,5.6937,False
0,2185,165,5.63410270299,5.6937,False
0,2186,165,5.64916050267,5.6937,False
0,2187,165,5.6331698144,5.6937,False
0,2188,165,5.59506911865,5.6937,False
0,2189,165,5.62514619326,5.6937,False
0,2190,165,5.60016893629,5.6937,False
0,2191,165,5.60932421241,5.6937,False
0,2192,165,5.61008016675,5.6937,False
0,2193,165,5.63492567639,5.6937,False
0,2194,165,5.64243123039,5.6937,False
0,2195,165,5.62743949169,5.6937,False
0,2196,165,5.65027958897,5.6937,False
0,2197,165,5.6160233088,5.6937,False
0,2198,166,5.70018719488,5.72703333333,False
0,2199,166,5.65707794807,5.72703333333,False
0,2200,166,5.63926902103,5.72703333333,False
0,2201,166,5.6491380199,5.72703333333,False
0,2202,166,5.65818156086,5.72703333333,False
0,2203,166,5.64675050594,5.72703333333,False
0,2204,166,5.58692928711,5.72703333333,False
0,2205,166,5.66179105924,5.72703333333,False
0,2206,167,5.67664457135,5.76036666667,False
0,2207,167,5.74797122381,5.76036666667,False
0,2208,167,5.6831129862,5.76036666667,False
0,2209,167,5.68050771556,5.76036666667,False
0,2210,167,5.71478261234,5.76036666667,False
0,2211,168,5.72168661842,5.7937,False
0,2212,168,5.7153739106,5.7937,False
0,2213,168,5.66526195686,5.7937,False
0,2214,168,5.68374348678,5.7937,False
0,2215,168,5.70615704979,5.7937,False
0,2216,168,5.72797132897,5.7937,False
0,2217,168,5.72323079765,5.7937,False
0,2218,168,5.74123583127,5.7937,False
0,2219,168,5.74670058605,5.7937,False
0,2220,168,5.68483669376,5.7937,False
0,2221,169,5.73127310543,5.82703333333,False
0,2222,169,5.76405224975,5.82703333333,False
0,2223,169,5.76819897419,5.82703333333,False
0,2224,169,5.76911079959,5.82703333333,False
0,2225,169,5.76283715858,5.82703333333,False
0,2226,169,5.78787067061,5.82703333333,False
0,2227,169,5.75899957682,5.82703333333,False
0,2228,169,5.75695581105,5.82703333333,False
0,2229,169,5.76136567922,5.82703333333,False
0,2230,169,5.70499641743,5.82703333333,False
0,2231,169,5.80498869742,5.82703333333,False
0,2232,169,5.74878628458,5.82703333333,False
0,2233,169,5.81243985959,5.82703333333,False
0,2234,169,5.77146309087,5.82703333333,False
0,2235,169,5.72552686839,5.82703333333,False
0,2236,169,5.80006496048,5.82703333333,False
0,2237,169,5.76965817133,5.82703333333,False
0,2238,169,5.78382627568,5.82703333333,False
0,2239,169,5.74091497497,5.82703333333,False
0,2240,169,5.76580269415,5.82703333333,False
0,2241,169,5.76255310184,5.82703333333,False
0,2242,169,5.79890815184,5.82703333333,False
0,2243,169,5.73761749972,5.82703333333,False
0,2244,169,5.73636475399,5.82703333333,False
0,2245,169,5.75370724591,5.82703333333,False
0,2246,169,5.74083925822,5.82703333333,False
0,2247,169,5.74121694019,5.82703333333,False
0,2248,169,5.74004503703,5.82703333333,False
0,2249,169,5.75204774805,5.82703333333,False
0,2250,169,5.80311152027,5.82703333333,False
0,2251,169,5.7479746444,5.82703333333,False
0,2252,169,5.7782589795,5.82703333333,False
0,2253,169,5.75940078709,5.82703333333,False
0,2254,169,5.73200854137,5.82703333333,False
0,2255,169,5.75868661719,5.82703333333,False
0,2256,169,5.77258545511,5.82703333333,False
0,2257,169,5.74494801445,5.82703333333,False
0,2258,169,5.74458223702,5.82703333333,False
0,2259,169,5.72782194764,5.82703333333,False
0,2260,169,5.75959596986,5.82703333333,False
0,2261,169,5.78117858035,5.82703333333,False
0,2262,169,5.74005075441,5.82703333333,False
0,2263,169,5.75131386342,5.82703333333,False
0,2264,169,5.75606214157,5.82703333333,False
0,2265,169,5.7162674244,5.82703333333,False
0,2266,169,5.76437902353,5.82703333333,False
0,2267,169,5.72948260484,5.82703333333,False
0,2268,169,5.75471023034,5.82703333333,False
0,2269,169,5.76492383793,5.82703333333,False
0,2270,169,5.76271126322,5.82703333333,False
0,2271,169,5.75282321571,5.82703333333,False
0,2272,169,5.76247562531,5.82703333333,False
0,2273,169,5.79006940708,5.82703333333,False
0,2274,169,5.77106916012,5.82703333333,False
0,2275,169,5.77050361712,5.82703333333,False
0,2276,169,5.77288920286,5.82703333333,False
0,2277,169,5.72363352897,5.82703333333,False
0,2278,169,5.72773015191,5.82703333333,False
0,2279,169,5.72178135309,5.82703333333,False
0,2280,169,5.75175972115,5.82703333333,False
0,2281,169,5.76156462587,5.82703333333,False
0,2282,169,5.79436189121,5.82703333333,False
0,2283,169,5.73856548725,5.82703333333,False
0,2284,169,5.71190859056,5.82703333333,False
0,2285,169,5.78647682009,5.82703333333,False
0,2286,169,5.75655283079,5.82703333333,False
0,2287,169,5.77573245221,5.82703333333,False
0,2288,169,5.77306267974,5.82703333333,False
0,2289,169,5.78599155065,5.82703333333,False
0,2290,169,5.72317571009,5.82703333333,False
0,2291,169,5.74081535752,5.82703333333,False
0,2292,169,5.81068797051,5.82703333333,False
0,2293,169,5.75221425951,5.82703333333,False
0,2294,169,5.76782609731,5.82703333333,False
0,2295,169,5.80726897203,5.82703333333,False
0,2296,169,5.75118652888,5.82703333333,False
0,2297,169,5.76828151444,5.82703333333,False
0,2298,169,5.75078303554,5.82703333333,False
0,2299,169,5.80047863397,5.82703333333,False
0,2300,169,5.731516221,5.82703333333,False
0,2301,169,5.7264712289,5.82703333333,False
0,2302,169,5.80235366118,5.82703333333,False
0,2303,169,5.71627585957,5.82703333333,False
0,2304,169,5.77655127311,5.82703333333,False
0,2305,169,5.79693884481,5.82703333333,False
0,2306,169,5.78704276918,5.82703333333,False
0,2307,169,5.75310908153,5.82703333333,False
0,2308,169,5.7516018823,5.82703333333,False
0,2309,169,5.77338973425,5.82703333333,False
0,2310,169,5.76059728767,5.82703333333,False
0,2311,169,5.7369830648,5.82703333333,False
0,2312,169,5.75987627062,5.82703333333,False
0,2313,169,5.73270737124,5.82703333333,False
0,2314,169,5.77467341596,5.82703333333,False
0,2315,169,5.75614068773,5.82703333333,False
0,2316,169,5.78373111231,5.82703333333,False
0,2317,169,5.72265522629,5.82703333333,False
0,2318,169,5.75297871286,5.82703333333,False
0,2319,169,5.75343371425,5.82703333333,False
0,2320,169,5.76726935384,5.82703333333,False
0,2321,169,5.78930194408,5.82703333333,False
0,2322,169,5.73863641908,5.82703333333,False
0,2323,169,5.7614982699,5.82703333333,False
0,2324,170,5.81785993943,5.86036666667,False
0,2325,170,5.79670967029,5.86036666667,False
0,2326,170,5.81596097251,5.86036666667,False
0,2327,170,5.77164193236,5.86036666667,False
0,2328,170,5.7613397606,5.86036666667,False
0,2329,170,5.78394103049,5.86036666667,False
0,2330,170,5.80707000299,5.86036666667,False
0,2331,170,5.77509564421,5.86036666667,False
0,2332,170,5.7616674874,5.86036666667,False
0,2333,170,5.81363105483,5.86036666667,False
0,2334,170,5.77203956785,5.86036666667,False
0,2335,170,5.79343478771,5.86036666667,False
0,2336,170,5.83466963648,5.86036666667,False
0,2337,170,5.7826438683,5.86036666667,False
0,2338,170,5.79704634507,5.86036666667,False
0,2339,170,5.80803268806,5.86036666667,False
0,2340,170,5.8083938894,5.86036666667,False
0,2341,170,5.79415576283,5.86036666667,False
0,2342,170,5.76283685818,5.86036666667,False
0,2343,171,5.85337957341,5.8937,False
0,2344,171,5.82835528204,5.8937,False
0,2345,171,5.86014696852,5.8937,False
0,2346,171,5.82174937885,5.8937,False
0,2347,171,5.8326793082,5.8937,False
0,2348,171,5.77107100672,5.8937,False
0,2349,171,5.80864751995,5.8937,False
0,2350,171,5.84410069798,5.8937,False
0,2351,171,5.81847892789,5.8937,False
0,2352,171,5.83844309551,5.8937,False
0,2353,171,5.80877173984,5.8937,False
0,2354,172,5.87011012673,5.92703333333,False
0,2355,172,5.84395313923,5.92703333333,False
0,2356,172,5.88623455488,5.92703333333,False
0,2357,172,5.8436511867,5.92703333333,False
0,2358,173,5.89874900943,5.96036666667,False
0,2359,173,5.8625997508,5.96036666667,False
0,2360,173,5.91120023313,5.96036666667,False
0,2361,173,5.94656185245,5.96036666667,False
0,2362,173,5.90452620739,5.96036666667,False
0,2363,173,5.90736925984,5.96036666667,False
0,2364,173,5.8803801082,5.96036666667,False
0,2365,173,5.88446243529,5.96036666667,False
0,2366,174,5.95855405564,5.9937,False
0,2367,174,5.96534695869,5.9937,False
0,2368,174,5.93029296773,5.9937,False
0,2369,174,5.92854957059,5.9937,False
0,2370,174,5.97895380079,5.9937,False
0,2371,174,5.91794738193,5.9937,False
0,2372,174,5.91119248317,5.9937,False
0,2373,174,5.87502973208,5.9937,False
0,2374,174,5.91528754212,5.9937,False
0,2375,174,5.9105326054,5.9937,False
0,2376,174,5.94233750269,5.9937,False
0,2377,174,5.95397867846,5.9937,False
0,2378,174,5.88657235043,5.9937,False
0,2379,174,5.89578902841,5.9937,False
0,2380,174,5.90490963504,5.9937,False
0,2381,174,5.92160340653,5.9937,False
0,2382,174,5.8997050298,5.9937,False
0,2383,174,5.90057642673,5.9937,False
0,2384,174,5.88808464306,5.9937,False
0,2385,174,5.87737182162,5.9937,False
0,2386,174,5.89132687101,5.9937,False
0,2387,174,5.91606932363,5.9937,False
0,2388,174,5.97217973322,5.9937,False
0,2389,174,5.98967177095,5.9937,False
0,2390,174,5.91830908765,5.9937,False
0,2391,174,5.99917653997,5.9937,True
0,2392,174,5.85981568507,5.9937,False
0,2393,174,5.95354856948,5.9937,False
0,2394,174,5.9190185574,5.9937,False
0,2395,174,5.87725909289,5.9937,False
0,2396,174,5.91163391673,5.9937,False
0,2397,174,5.91182022509,5.9937,False
0,2398,174,5.90865448771,5.9937,False
0,2399,174,5.95537904342,5.9937,False
0,2400,174,5.93596919744,5.9937,False
0,2401,174,5.92606232706,5.9937,False
0,2402,174,5.87728271328,5.9937,False
0,2403,174,5.92320806492,5.9937,False
0,2404,174,5.87727238135,5.9937,False
0,2405,174,5.96986208697,5.9937,False
0,2406,174,5.91719882882,5.9937,False
0,2407,174,5.92330084395,5.9937,False
0,2408,174,5.91671797483,5.9937,False
0,2409,174,5.91330255919,5.9937,False
0,2410,174,5.95995630609,5.9937,False
0,2411,174,5.92721957007,5.9937,False
0,2412,174,5.8895313089,5.9937,False
0,2413,174,5.9291219351,5.9937,False
0,2414,174,5.9593481417,5.9937,False
0,2415,174,5.92560984265,5.9937,False
0,2416,174,5.98295777243,5.9937,False
0,2417,174,5.94124269108,5.9937,False
0,2418,174,5.93403461281,5.9937,False
0,2419,174,5.96340308033,5.9937,False
0,2420,174,5.89591966813,5.9937,False
0,2421,174,5.92066109746,5.9937,False
0,2422,174,5.94392604735,5.9937,False
0,2423,174,5.94306231534,5.9937,False
0,2424,174,5.89453952696,5.9937,False
0,2425,174,5.92688762659,5.9937,False
0,2426,174,5.88321104986,5.9937,False
0,2427,174,5.91010971641,5.9937,False
0,2428,174,5.89312320845,5.9937,False
0,2429,174,5.91708736007,5.9937,False
0,2430,174,5.94080106274,5.9937,False
0,2431,174,5.92457041297,5.9937,False
0,2432,174,5.92594798836,5.9937,False
0,2433,174,5.98000798267,5.9937,False
0,2434,174,5.9309249301,5.9937,False
0,2435,174,5.93060347943,5.9937,False
0,2436,174,5.9289449135,5.9937,False
0,2437,174,5.89622354732,5.9937,False
0,2438,174,5.95637187787,5.9937,False
0,2439,174,5.90801539929,5.9937,False
0,2440,174,5.91241731118,5.9937,False
0,2441,174,5.93725534814,5.9937,False
0,2442,174,5.93083142946,5.9937,False
0,2443,174,5.90202401178,5.9937,False
0,2444,174,5.97065354672,5.9937,False
0,2445,174,5.91374580236,5.9937,False
0,2446,174,5.94788497606,5.9937,False
0,2447,174,5.94285083801,5.9937,False
0,2448,174,5.93053058367,5.9937,False
0,2449,174,5.92832073466,5.9937,False
0,2450,174,5.91140221412,5.9937,False
0,2451,174,5.97598667194,5.9937,False
0,2452,174,5.92247852484,5.9937,False
0,2453,174,5.90853365889,5.9937,False
0,2454,174,5.95886008112,5.9937,False
0,2455,174,5.92323585189,5.9937,False
0,2456,174,5.92972329156,5.9937,False
0,2457,174,5.86790427177,5.9937,False
0,2458,174,5.88967161389,5.9937,False
0,2459,174,5.96072741047,5.9937,False
0,2460,174,5.91498959654,5.9937,False
0,2461,174,5.93273042063,5.9937,False
0,2462,174,5.92256263103,5.9937,False
0,2463,175,5.97758776341,6.02703333333,False
0,2464,175,5.92868147634,6.02703333333,False
0,2465,175,5.96382000361,6.02703333333,False
0,2466,175,5.93876687584,6.02703333333,False
0,2467,175,6.01703981342,6.02703333333,False
0,2468,175,5.9544455706,6.02703333333,False
0,2469,175,5.95073627324,6.02703333333,False
0,2470,175,6.02309754832,6.02703333333,False
0,2471,175,5.96895326207,6.02703333333,False
0,2472,175,5.98786576764,6.02703333333,False
0,2473,175,5.93461355548,6.02703333333,False
0,2474,175,5.99072553223,6.02703333333,False
0,2475,175,5.93612394144,6.02703333333,False
0,2476,175,5.9625120401,6.02703333333,False
0,2477,175,5.98953582863,6.02703333333,False
0,2478,175,5.94758704148,6.02703333333,False
0,2479,175,5.99277675961,6.02703333333,False
0,2480,175,5.96719193628,6.02703333333,False
0,2481,176,5.93297422676,6.06036666667,False
0,2482,176,5.96674842036,6.06036666667,False
0,2483,176,5.99152226268,6.06036666667,False
0,2484,176,5.9961954986,6.06036666667,False
0,2485,176,6.0166727797,6.06036666667,False
0,2486,176,6.01196342719,6.06036666667,False
0,2487,176,5.99472803021,6.06036666667,False
0,2488,176,5.97084480459,6.06036666667,False
0,2489,176,5.9872955715,6.06036666667,False
0,2490,177,6.01936406687,6.0937,False
0,2491,177,5.98274439722,6.0937,False
0,2492,177,6.01847598634,6.0937,False
0,2493,177,6.01634105353,6.0937,False
0,2494,177,6.0092386663,6.0937,False
0,2495,177,6.00450319648,6.0937,False
0,2496,177,6.01593359141,6.0937,False
0,2497,177,6.00649785944,6.0937,False
0,2498,178,6.00950002709,6.12703333333,False
0,2499,178,6.04419386854,6.12703333333,False
0,2500,178,6.06737630441,6.12703333333,False
0,2501,178,6.03353138074,6.12703333333,False
0,2502,178,6.04416401041,6.12703333333,False
0,2503,178,6.05932408254,6.12703333333,False
0,2504,178,6.05729433322,6.12703333333,False
0,2505,178,6.04097974355,6.12703333333,False
0,2506,178,6.0780993508,6.12703333333,False
0,2507,178,6.07296605325,6.12703333333,False
0,2508,179,6.10238090907,6.16036666667,False
0,2509,179,6.0659283195,6.16036666667,False
0,2510,179,6.09676465273,6.16036666667,False
0,2511,179,6.08246801007,6.16036666667,False
0,2512,179,6.10022546365,6.16036666667,False
0,2513,179,6.07070202789,6.16036666667,False
0,2514,179,6.12189262034,6.16036666667,False
0,2515,179,6.09238140667,6.16036666667,False
0,2516,179,6.09493252207,6.16036666667,False
0,2517,179,6.10132019949,6.16036666667,False
0,2518,179,6.11445034673,6.16036666667,False
0,2519,179,6.07706534853,6.16036666667,False
0,2520,179,6.07000152837,6.16036666667,False
0,2521,179,6.07965253608,6.16036666667,False
0,2522,179,6.10416498136,6.16036666667,False
0,2523,179,6.07415911728,6.16036666667,False
0,2524,179,6.07480786333,6.16036666667,False
0,2525,179,6.08889490458,6.16036666667,False
0,2526,179,6.05807461646,6.16036666667,False
0,2527,179,6.06973629732,6.16036666667,False
0,2528,179,6.09186295856,6.16036666667,False
0,2529,179,6.11201392654,6.16036666667,False
0,2530,179,6.06322588786,6.16036666667,False
0,2531,179,6.07420001271,6.16036666667,False
0,2532,179,6.1077807194,6.16036666667,False
0,2533,179,6.12854968027,6.16036666667,False
0,2534,179,6.05930107978,6.16036666667,False
0,2535,179,6.08920473965,6.16036666667,False
0,2536,179,6.09231775203,6.16036666667,False
0,2537,179,6.12133517297,6.16036666667,False
0,2538,179,6.08352201032,6.16036666667,False
0,2539,179,6.06565430312,6.16036666667,False
0,2540,179,6.10183303851,6.16036666667,False
0,2541,179,6.09367674146,6.16036666667,False
0,2542,179,6.13162226323,6.16036666667,False
0,2543,179,6.07844171269,6.16036666667,False
0,2544,179,6.10497799647,6.16036666667,False
0,2545,179,6.03613351143,6.16036666667,False
0,2546,179,6.08058234867,6.16036666667,False
0,2547,179,6.07205648681,6.16036666667,False
0,2548,179,6.1026984819,6.16036666667,False
0,2549,179,6.12929183618,6.16036666667,False
0,2550,179,6.07224047446,6.16036666667,False
0,2551,179,6.11029685175,6.16036666667,False
0,2552,179,6.07306755939,6.16036666667,False
0,2553,179,6.06876232162,6.16036666667,False
0,2554,179,6.07730665313,6.16036666667,False
0,2555,179,6.08717708077,6.16036666667,False
0,2556,179,6.07746383328,6.16036666667,False
0,2557,179,6.12608180067,6.16036666667,False
0,2558,179,6.09108776044,6.16036666667,False
0,2559,179,6.07921737353,6.16036666667,False
0,2560,179,6.09371436537,6.16036666667,False
0,2561,179,6.08903832384,6.16036666667,False
0,2562,179,6.10829078714,6.16036666667,False
0,2563,179,6.05676480605,6.16036666667,False
0,2564,179,6.10336070112,6.16036666667,False
0,2565,179,6.14732722095,6.16036666667,False
0,2566,179,6.0652542786,6.16036666667,False
0,2567,179,6.12114635131,6.16036666667,False
0,2568,179,6.08833340049,6.16036666667,False
0,2569,179,6.05973151548,6.16036666667,False
0,2570,179,6.09717872532,6.16036666667,False
0,2571,179,6.09815622742,6.16036666667,False
0,2572,179,6.09623873257,6.16036666667,False
0,2573,179,6.09570213929,6.16036666667,False
0,2574,179,6.10236803437,6.16036666667,False
0,2575,179,6.03347456688,6.16036666667,False
0,2576,179,6.12760972625,6.16036666667,False
0,2577,179,6.08812311001,6.16036666667,False
0,2578,179,6.10932000481,6.16036666667,False
0,2579,179,6.13332162234,6.16036666667,False
0,2580,179,6.11196876123,6.16036666667,False
0,2581,179,6.12554080008,6.16036666667,False
0,2582,179,6.08277104406,6.16036666667,False
0,2583,179,6.05282812782,6.16036666667,False
0,2584,179,6.07316828461,6.16036666667,False
0,2585,179,6.11704035032,6.16036666667,False
0,2586,179,6.08621781615,6.16036666667,False
0,2587,179,6.09718032598,6.16036666667,False
0,2588,179,6.10741152571,6.16036666667,False
0,2589,179,6.06578929052,6.16036666667,False
0,2590,179,6.12667456297,6.16036666667,False
0,2591,179,6.12179630065,6.16036666667,False
0,2592,179,6.09535979553,6.16036666667,False
0,2593,179,6.12186325644,6.16036666667,False
0,2594,179,6.12636518176,6.16036666667,False
0,2595,179,6.12678763427,6.16036666667,False
0,2596,179,6.08106557554,6.16036666667,False
0,2597,179,6.05920284589,6.16036666667,False
0,2598,179,6.08483449964,6.16036666667,False
0,2599,179,6.11385401474,6.16036666667,False
0,2600,179,6.1175668185,6.16036666667,False
0,2601,179,6.0893940428,6.16036666667,False
0,2602,179,6.10516976077,6.16036666667,False
0,2603,179,6.13142470462,6.16036666667,False
0,2604,179,6.06024623902,6.16036666667,False
0,2605,179,6.12531757313,6.16036666667,False
0,2606,179,6.1033707314,6.16036666667,False
0,2607,179,6.07038027789,6.16036666667,False
0,2608,179,6.08768736144,6.16036666667,False
0,2609,179,6.06492157629,6.16036666667,False
0,2610,179,6.0706874778,6.16036666667,False
0,2611,179,6.07374804195,6.16036666667,False
0,2612,179,6.07110147831,6.16036666667,False
0,2613,179,6.09564227223,6.16036666667,False
0,2614,179,6.13677300005,6.16036666667,False
0,2615,179,6.06787970828,6.16036666667,False
0,2616,179,6.05179626888,6.16036666667,False
0,2617,179,6.05650606613,6.16036666667,False
0,2618,179,6.03738297159,6.16036666667,False
0,2619,179,6.09555014545,6.16036666667,False
0,2620,179,6.14148611766,6.16036666667,False
0,2621,180,6.13195924297,6.1937,False
0,2622,180,6.12869019953,6.1937,False
0,2623,180,6.06831689225,6.1937,False
0,2624,180,6.09334843919,6.1937,False
0,2625,180,6.12686450845,6.1937,False
0,2626,180,6.1776369573,6.1937,False
0,2627,180,6.09252897282,6.1937,False
0,2628,180,6.15209344961,6.1937,False
0,2629,180,6.1313720853,6.1937,False
0,2630,180,6.13984184022,6.1937,False
0,2631,180,6.16642659482,6.1937,False
0,2632,180,6.1161243004,6.1937,False
0,2633,180,6.13400626572,6.1937,False
0,2634,180,6.12231140343,6.1937,False
0,2635,180,6.13928666429,6.1937,False
0,2636,180,6.10482193968,6.1937,False
0,2637,180,6.13106591628,6.1937,False
0,2638,180,6.14386419183,6.1937,False
0,2639,180,6.11208148184,6.1937,False
0,2640,180,6.085753455,6.1937,False
0,2641,181,6.14813323428,6.22703333333,False
0,2642,181,6.16594662507,6.22703333333,False
0,2643,181,6.16818183259,6.22703333333,False
0,2644,181,6.11190790715,6.22703333333,False
0,2645,181,6.12028362118,6.22703333333,False
0,2646,181,6.15653524807,6.22703333333,False
0,2647,181,6.20923048934,6.22703333333,False
0,2648,181,6.15368169374,6.22703333333,False
0,2649,181,6.19397664443,6.22703333333,False
0,2650,181,6.16504772779,6.22703333333,False
0,2651,181,6.15896416788,6.22703333333,False
0,2652,182,6.19342912242,6.26036666667,False
0,2653,182,6.23371633265,6.26036666667,False
0,2654,182,6.14695101268,6.26036666667,False
0,2655,182,6.1766071012,6.26036666667,False
0,2656,183,6.20787101423,6.2937,False
0,2657,183,6.23475105074,6.2937,False
0,2658,183,6.20002255972,6.2937,False
0,2659,183,6.22145557462,6.2937,False
0,2660,183,6.20046359269,6.2937,False
0,2661,183,6.21597410499,6.2937,False
0,2662,183,6.25255156487,6.2937,False
0,2663,184,6.25768233571,6.32703333333,False
0,2664,184,6.29177963949,6.32703333333,False
0,2665,184,6.29204932863,6.32703333333,False
0,2666,184,6.22310679159,6.32703333333,False
0,2667,184,6.27350032466,6.32703333333,False
0,2668,184,6.22559102748,6.32703333333,False
0,2669,184,6.273600667,6.32703333333,False
0,2670,184,6.27962235545,6.32703333333,False
0,2671,184,6.22506530979,6.32703333333,False
0,2672,184,6.30361784151,6.32703333333,False
0,2673,184,6.2620842287,6.32703333333,False
0,2674,184,6.21710399316,6.32703333333,False
0,2675,184,6.24931856431,6.32703333333,False
0,2676,184,6.29952946274,6.32703333333,False
0,2677,184,6.21684670734,6.32703333333,False
0,2678,184,6.24342020341,6.32703333333,False
0,2679,184,6.26227011555,6.32703333333,False
0,2680,184,6.25049756474,6.32703333333,False
0,2681,184,6.24342811271,6.32703333333,False
0,2682,184,6.25760212291,6.32703333333,False
0,2683,184,6.25453864603,6.32703333333,False
0,2684,184,6.23635662142,6.32703333333,False
0,2685,184,6.30168915216,6.32703333333,False
0,2686,184,6.27062452855,6.32703333333,False
0,2687,184,6.21864656835,6.32703333333,False
0,2688,184,6.22245680991,6.32703333333,False
0,2689,184,6.25678808022,6.32703333333,False
0,2690,184,6.25677631754,6.32703333333,False
0,2691,184,6.22633312628,6.32703333333,False
0,2692,184,6.27965369965,6.32703333333,False
0,2693,184,6.26535344675,6.32703333333,False
0,2694,184,6.25201027408,6.32703333333,False
0,2695,184,6.26321217157,6.32703333333,False
0,2696,184,6.26567637824,6.32703333333,False
0,2697,184,6.258107629,6.32703333333,False
0,2698,184,6.26079663126,6.32703333333,False
0,2699,184,6.28323391791,6.32703333333,False
0,2700,184,6.26370167341,6.32703333333,False
0,2701,184,6.25083976483,6.32703333333,False
0,2702,184,6.30892290062,6.32703333333,False
0,2703,184,6.27606529123,6.32703333333,False
0,2704,184,6.27394058204,6.32703333333,False
0,2705,184,6.22845036921,6.32703333333,False
0,2706,184,6.25352622418,6.32703333333,False
0,2707,184,6.26116300752,6.32703333333,False
0,2708,184,6.25936046051,6.32703333333,False
0,2709,184,6.27619071485,6.32703333333,False
0,2710,184,6.26456336513,6.32703333333,False
0,2711,184,6.26429403011,6.32703333333,False
0,2712,184,6.26766340756,6.32703333333,False
0,2713,184,6.25939940614,6.32703333333,False
0,2714,184,6.26418598609,6.32703333333,False
0,2715,184,6.23091819293,6.32703333333,False
0,2716,184,6.2970672959,6.32703333333,False
0,2717,184,6.30161150237,6.32703333333,False
0,2718,184,6.29924496858,6.32703333333,False
0,2719,184,6.26781750446,6.32703333333,False
0,2720,184,6.25343386318,6.32703333333,False
0,2721,184,6.23919913156,6.32703333333,False
0,2722,184,6.24976263037,6.32703333333,False
0,2723,184,6.26534265618,6.32703333333,False
0,2724,184,6.23516368537,6.32703333333,False
0,2725,184,6.22707254295,6.32703333333,False
0,2726,184,6.269905387,6.32703333333,False
0,2727,184,6.25302579617,6.32703333333,False
0,2728,184,6.25030980354,6.32703333333,False
0,2729,184,6.2687175216,6.32703333333,False
0,2730,184,6.25252666225,6.32703333333,False
0,2731,184,6.2363877595,6.32703333333,False
0,2732,184,6.26632365397,6.32703333333,False
0,2733,184,6.24608013412,6.32703333333,False
0,2734,184,6.26394010592,6.32703333333,False
0,2735,184,6.25292717874,6.32703333333,False
0,2736,184,6.24648325021,6.32703333333,False
0,2737,184,6.22442535656,6.32703333333,False
0,2738,184,6.24692071208,6.32703333333,False
0,2739,184,6.25935870484,6.32703333333,False
0,2740,184,6.2898324327,6.32703333333,False
0,2741,184,6.22555386943,6.32703333333,False
0,2742,184,6.25692777637,6.32703333333,False
0,2743,184,6.27252743908,6.32703333333,False
0,2744,184,6.25372926196,6.32703333333,False
0,2745,184,6.27133929194,6.32703333333,False
0,2746,184,6.25101486183,6.32703333333,False
0,2747,184,6.26544261503,6.32703333333,False
0,2748,184,6.26268215683,6.32703333333,False
0,2749,184,6.22970190091,6.32703333333,False
0,2750,184,6.21255482284,6.32703333333,False
0,2751,184,6.23868975117,6.32703333333,False
0,2752,184,6.25054710098,6.32703333333,False
0,2753,184,6.25321676978,6.32703333333,False
0,2754,184,6.27490787471,6.32703333333,False
0,2755,184,6.26727643982,6.32703333333,False
0,2756,184,6.27315017724,6.32703333333,False
0,2757,184,6.24281817619,6.32703333333,False
0,2758,184,6.23012855215,6.32703333333,False
0,2759,184,6.26646299214,6.32703333333,False
0,2760,184,6.29268041876,6.32703333333,False
0,2761,184,6.27137772112,6.32703333333,False
0,2762,184,6.27545433237,6.32703333333,False
0,2763,184,6.27526935111,6.32703333333,False
0,2764,184,6.24733104144,6.32703333333,False
0,2765,184,6.27902027629,6.32703333333,False
0,2766,184,6.28892894012,6.32703333333,False
0,2767,184,6.2635303668,6.32703333333,False
0,2768,184,6.21731937775,6.32703333333,False
0,2769,184,6.24551205946,6.32703333333,False
0,2770,184,6.22572300318,6.32703333333,False
0,2771,184,6.25401804102,6.32703333333,False
0,2772,184,6.24560241593,6.32703333333,False
0,2773,184,6.24923696316,6.32703333333,False
0,2774,184,6.22441033564,6.32703333333,False
0,2775,185,6.33305653689,6.36036666667,False
0,2776,185,6.31085787602,6.36036666667,False
0,2777,185,6.33152960448,6.36036666667,False
0,2778,185,6.28662525673,6.36036666667,False
0,2779,185,6.32544672519,6.36036666667,False
0,2780,185,6.27120513529,6.36036666667,False
0,2781,185,6.28727616578,6.36036666667,False
0,2782,185,6.32496555037,6.36036666667,False
0,2783,185,6.25584419486,6.36036666667,False
0,2784,185,6.27311186533,6.36036666667,False
0,2785,185,6.31016456062,6.36036666667,False
0,2786,185,6.29978556235,6.36036666667,False
0,2787,185,6.26042157127,6.36036666667,False
0,2788,185,6.30971587753,6.36036666667,False
0,2789,185,6.26240973661,6.36036666667,False
0,2790,185,6.31836643715,6.36036666667,False
0,2791,185,6.29772408452,6.36036666667,False
0,2792,185,6.30732141834,6.36036666667,False
0,2793,185,6.28335352405,6.36036666667,False
0,2794,186,6.33039363364,6.3937,False
0,2795,186,6.35696385071,6.3937,False
0,2796,186,6.33381479127,6.3937,False
0,2797,186,6.33995110885,6.3937,False
0,2798,186,6.32877222973,6.3937,False
0,2799,186,6.30332121899,6.3937,False
0,2800,186,6.29554846184,6.3937,False
0,2801,186,6.31530214551,6.3937,False
0,2802,186,6.34631298724,6.3937,False
0,2803,186,6.29577240109,6.3937,False
0,2804,186,6.27937529329,6.3937,False
0,2805,187,6.351693447,6.42703333333,False
0,2806,187,6.33328898708,6.42703333333,False
0,2807,187,6.31706441321,6.42703333333,False
0,2808,187,6.3528319627,6.42703333333,False
0,2809,187,6.37918448568,6.42703333333,False
0,2810,188,6.37253843133,6.46036666667,False
0,2811,188,6.40566746988,6.46036666667,False
0,2812,188,6.38073634997,6.46036666667,False
0,2813,188,6.36948748316,6.46036666667,False
0,2814,188,6.37638280163,6.46036666667,False
0,2815,188,6.42182360694,6.46036666667,False
0,2816,189,6.45258204788,6.4937,False
0,2817,189,6.41614641749,6.4937,False
0,2818,189,6.41140235901,6.4937,False
0,2819,189,6.43501343381,6.4937,False
0,2820,189,6.41673575987,6.4937,False
0,2821,189,6.44837571767,6.4937,False
0,2822,189,6.46335058478,6.4937,False
0,2823,189,6.43611184276,6.4937,False
0,2824,189,6.43463430743,6.4937,False
0,2825,189,6.44714915819,6.4937,False
0,2826,189,6.42370321175,6.4937,False
0,2827,189,6.45563086097,6.4937,False
0,2828,189,6.42265627349,6.4937,False
0,2829,189,6.41328681447,6.4937,False
0,2830,189,6.44910627561,6.4937,False
0,2831,189,6.43689491954,6.4937,False
0,2832,189,6.40331267968,6.4937,False
0,2833,189,6.46462584589,6.4937,False
0,2834,189,6.40875904339,6.4937,False
0,2835,189,6.41007355029,6.4937,False
0,2836,189,6.39321131087,6.4937,False
0,2837,189,6.39080436353,6.4937,False
0,2838,189,6.44683025992,6.4937,False
0,2839,189,6.37817194326,6.4937,False
0,2840,189,6.41272116152,6.4937,False
0,2841,189,6.40504571918,6.4937,False
0,2842,189,6.4446422692,6.4937,False
0,2843,189,6.39907454771,6.4937,False
0,2844,189,6.43955493488,6.4937,False
0,2845,189,6.41328666112,6.4937,False
0,2846,189,6.41381715569,6.4937,False
0,2847,189,6.37409423388,6.4937,False
0,2848,189,6.41703032634,6.4937,False
0,2849,189,6.39350322721,6.4937,False
0,2850,189,6.45109961797,6.4937,False
0,2851,189,6.42694035773,6.4937,False
0,2852,189,6.45645176671,6.4937,False
0,2853,189,6.42587106882,6.4937,False
0,2854,189,6.42052023427,6.4937,False
0,2855,189,6.42732586833,6.4937,False
0,2856,189,6.41993867281,6.4937,False
0,2857,189,6.40363473668,6.4937,False
0,2858,189,6.42113937046,6.4937,False
0,2859,189,6.44126121283,6.4937,False
0,2860,189,6.43758720057,6.4937,False
0,2861,189,6.43056822414,6.4937,False
0,2862,189,6.39518115044,6.4937,False
0,2863,189,6.42596729906,6.4937,False
0,2864,189,6.41163136655,6.4937,False
0,2865,189,6.36419348638,6.4937,False
0,2866,189,6.45146840897,6.4937,False
0,2867,189,6.47126491927,6.4937,False
0,2868,189,6.43919019706,6.4937,False
0,2869,189,6.43158069822,6.4937,False
0,2870,189,6.47278311333,6.4937,False
0,2871,189,6.40694384811,6.4937,False
0,2872,189,6.45003865556,6.4937,False
0,2873,189,6.40000297783,6.4937,False
0,2874,189,6.42844498028,6.4937,False
0,2875,189,6.45106172108,6.4937,False
0,2876,189,6.42520977976,6.4937,False
0,2877,189,6.42559702095,6.4937,False
0,2878,189,6.44513041778,6.4937,False
0,2879,189,6.39396709496,6.4937,False
0,2880,189,6.40607386798,6.4937,False
0,2881,189,6.44822146118,6.4937,False
0,2882,189,6.48708917023,6.4937,False
0,2883,189,6.41753959458,6.4937,False
0,2884,189,6.40298704212,6.4937,False
0,2885,189,6.37291807152,6.4937,False
0,2886,189,6.44244693926,6.4937,False
0,2887,189,6.41384107648,6.4937,False
0,2888,189,6.44258415866,6.4937,False
0,2889,189,6.44282936359,6.4937,False
0,2890,189,6.41810503556,6.4937,False
0,2891,189,6.40228065065,6.4937,False
0,2892,189,6.40017154566,6.4937,False
0,2893,189,6.40674703734,6.4937,False
0,2894,189,6.41209831486,6.4937,False
0,2895,189,6.41608801734,6.4937,False
0,2896,189,6.38926399264,6.4937,False
0,2897,189,6.42261564803,6.4937,False
0,2898,189,6.40314395656,6.4937,False
0,2899,189,6.44748677248,6.4937,False
0,2900,189,6.43991656844,6.4937,False
0,2901,189,6.44552507552,6.4937,False
0,2902,189,6.43450306889,6.4937,False
0,2903,189,6.39886087353,6.4937,False
0,2904,189,6.4799419349,6.4937,False
0,2905,189,6.4344938913,6.4937,False
0,2906,189,6.42433515124,6.4937,False
0,2907,189,6.42147232427,6.4937,False
0,2908,189,6.39622662249,6.4937,False
0,2909,189,6.41892042511,6.4937,False
0,2910,189,6.4374092899,6.4937,False
0,2911,189,6.39203585732,6.4937,False
0,2912,189,6.42096743185,6.4937,False
0,2913,189,6.44821452598,6.4937,False
0,2914,189,6.43768273949,6.4937,False
0,2915,189,6.42843386709,6.4937,False
0,2916,189,6.42834708647,6.4937,False
0,2917,189,6.43452872449,6.4937,False
0,2918,189,6.4151263832,6.4937,False
0,2919,189,6.43603454034,6.4937,False
0,2920,189,6.45474155259,6.4937,False
0,2921,189,6.42842681522,6.4937,False
0,2922,189,6.45067166627,6.4937,False
0,2923,189,6.45453841731,6.4937,False
0,2924,189,6.41361082521,6.4937,False
0,2925,189,6.38048256632,6.4937,False
0,2926,189,6.44867437238,6.4937,False
0,2927,189,6.39411183259,6.4937,False
0,2928,189,6.43098806979,6.4937,False
0,2929,189,6.39913783885,6.4937,False
0,2930,189,6.4813941616,6.4937,False
0,2931,189,6.40977725948,6.4937,False
0,2932,189,6.40435650761,6.4937,False
0,2933,189,6.45165206734,6.4937,False
0,2934,189,6.39913315576,6.4937,False
0,2935,189,6.3878628431,6.4937,False
0,2936,189,6.4320362883,6.4937,False
0,2937,189,6.40835594256,6.4937,False
0,2938,189,6.43889686429,6.4937,False
0,2939,190,6.4507517567,6.52703333333,False
0,2940,190,6.43409696769,6.52703333333,False
0,2941,190,6.48751482385,6.52703333333,False
0,2942,190,6.46325458502,6.52703333333,False
0,2943,190,6.46659457975,6.52703333333,False
0,2944,190,6.45477345622,6.52703333333,False
0,2945,190,6.47495633669,6.52703333333,False
0,2946,190,6.40316727237,6.52703333333,False
0,2947,190,6.49360035188,6.52703333333,False
0,2948,190,6.46444511754,6.52703333333,False
0,2949,190,6.43198703992,6.52703333333,False
0,2950,190,6.45912968558,6.52703333333,False
0,2951,190,6.46112162129,6.52703333333,False
0,2952,190,6.47694631257,6.52703333333,False
0,2953,191,6.48396011027,6.56036666667,False
0,2954,191,6.5266813473,6.56036666667,False
0,2955,191,6.49342908849,6.56036666667,False
0,2956,191,6.47322193827,6.56036666667,False
0,2957,191,6.52305357311,6.56036666667,False
0,2958,191,6.502052957,6.56036666667,False
0,2959,191,6.47843029742,6.56036666667,False
0,2960,191,6.48398563684,6.56036666667,False
0,2961,192,6.5253350978,6.5937,False
0,2962,192,6.54028243714,6.5937,False
0,2963,192,6.54853147464,6.5937,False
0,2964,192,6.51758457063,6.5937,False
0,2965,192,6.54496775465,6.5937,False
0,2966,192,6.51630482499,6.5937,False
0,2967,192,6.50003409946,6.5937,False
0,2968,192,6.56812242301,6.5937,False
0,2969,192,6.50976563015,6.5937,False
0,2970,192,6.51350932845,6.5937,False
0,2971,192,6.53438807484,6.5937,False
0,2972,192,6.50749264097,6.5937,False
0,2973,192,6.50501751418,6.5937,False
0,2974,192,6.54707655973,6.5937,False
0,2975,192,6.52026052449,6.5937,False
0,2976,192,6.54465829133,6.5937,False
0,2977,192,6.55007863164,6.5937,False
0,2978,192,6.56691439725,6.5937,False
0,2979,193,6.50617202299,6.62703333333,False
0,2980,193,6.53388588871,6.62703333333,False
0,2981,193,6.54924426711,6.62703333333,False
0,2982,193,6.57794062101,6.62703333333,False
0,2983,193,6.53689743082,6.62703333333,False
0,2984,193,6.55856240756,6.62703333333,False
0,2985,193,6.56199867522,6.62703333333,False
0,2986,193,6.54601760962,6.62703333333,False
0,2987,193,6.51693332055,6.62703333333,False
0,2988,193,6.58764945544,6.62703333333,False
0,2989,194,6.59662945286,6.66036666667,False
0,2990,194,6.61931184512,6.66036666667,False
0,2991,194,6.56371962929,6.66036666667,False
0,2992,194,6.56707779615,6.66036666667,False
0,2993,194,6.56533166848,6.66036666667,False
0,2994,194,6.59119889778,6.66036666667,False
0,2995,194,6.56279100227,6.66036666667,False
0,2996,194,6.65450863331,6.66036666667,False
0,2997,194,6.55394265232,6.66036666667,False
0,2998,194,6.59812634604,6.66036666667,False
0,2999,194,6.56664516513,6.66036666667,False
0,3000,194,6.60597105837,6.66036666667,False
0,3001,194,6.53136874159,6.66036666667,False
0,3002,194,6.62590681135,6.66036666667,False
0,3003,194,6.58685436838,6.66036666667,False
0,3004,194,6.54786989171,6.66036666667,False
0,3005,194,6.55458579191,6.66036666667,False
0,3006,194,6.56173907443,6.66036666667,False
0,3007,194,6.59872679336,6.66036666667,False
0,3008,194,6.59855391881,6.66036666667,False
0,3009,194,6.5769084711,6.66036666667,False
0,3010,194,6.5608784409,6.66036666667,False
0,3011,194,6.58237977299,6.66036666667,False
0,3012,194,6.53232656975,6.66036666667,False
0,3013,194,6.62613078752,6.66036666667,False
0,3014,194,6.56618404142,6.66036666667,False
0,3015,194,6.60100712456,6.66036666667,False
0,3016,194,6.61568212276,6.66036666667,False
0,3017,194,6.5676276468,6.66036666667,False
0,3018,194,6.62702907634,6.66036666667,False
0,3019,194,6.60422554163,6.66036666667,False
0,3020,194,6.60400704311,6.66036666667,False
0,3021,194,6.56664293511,6.66036666667,False
0,3022,194,6.54643064585,6.66036666667,False
0,3023,194,6.59558120457,6.66036666667,False
0,3024,194,6.5702647159,6.66036666667,False
0,3025,194,6.60129970571,6.66036666667,False
0,3026,194,6.60168644839,6.66036666667,False
0,3027,194,6.60451566489,6.66036666667,False
0,3028,194,6.6215611754,6.66036666667,False
0,3029,194,6.58521703934,6.66036666667,False
0,3030,194,6.57452632298,6.66036666667,False
0,3031,194,6.56672008369,6.66036666667,False
0,3032,194,6.577983362,6.66036666667,False
0,3033,194,6.61319955563,6.66036666667,False
0,3034,194,6.57042472707,6.66036666667,False
0,3035,194,6.6109616937,6.66036666667,False
0,3036,194,6.56737563486,6.66036666667,False
0,3037,194,6.57762396109,6.66036666667,False
0,3038,194,6.60662126176,6.66036666667,False
0,3039,194,6.59754841925,6.66036666667,False
0,3040,194,6.61252899322,6.66036666667,False
0,3041,194,6.56577150395,6.66036666667,False
0,3042,194,6.60877247137,6.66036666667,False
0,3043,194,6.6042078926,6.66036666667,False
0,3044,194,6.5634832373,6.66036666667,False
0,3045,194,6.58619459175,6.66036666667,False
0,3046,194,6.56762989945,6.66036666667,False
0,3047,194,6.60328880079,6.66036666667,False
0,3048,194,6.58490851194,6.66036666667,False
0,3049,194,6.60907423203,6.66036666667,False
0,3050,194,6.57172544011,6.66036666667,False
0,3051,194,6.5632609251,6.66036666667,False
0,3052,194,6.62625519183,6.66036666667,False
0,3053,194,6.63244663725,6.66036666667,False
0,3054,194,6.55282923436,6.66036666667,False
0,3055,194,6.57596578908,6.66036666667,False
0,3056,194,6.57167561652,6.66036666667,False
0,3057,194,6.60364492512,6.66036666667,False
0,3058,194,6.63931548226,6.66036666667,False
0,3059,194,6.56125620581,6.66036666667,False
0,3060,194,6.60907540318,6.66036666667,False
0,3061,194,6.63607839033,6.66036666667,False
0,3062,194,6.58526639724,6.66036666667,False
0,3063,194,6.58871374958,6.66036666667,False
0,3064,194,6.58259869302,6.66036666667,False
0,3065,194,6.60644712279,6.66036666667,False
0,3066,194,6.59064350708,6.66036666667,False
0,3067,194,6.54228943456,6.66036666667,False
0,3068,194,6.60542110696,6.66036666667,False
0,3069,194,6.54427875208,6.66036666667,False
0,3070,194,6.5994119642,6.66036666667,False
0,3071,194,6.57978799669,6.66036666667,False
0,3072,194,6.62368992237,6.66036666667,False
0,3073,194,6.56076850395,6.66036666667,False
0,3074,194,6.62541400573,6.66036666667,False
0,3075,194,6.59470809676,6.66036666667,False
0,3076,194,6.59463055797,6.66036666667,False
0,3077,194,6.6112426869,6.66036666667,False
0,3078,194,6.58213921158,6.66036666667,False
0,3079,194,6.58999227725,6.66036666667,False
0,3080,194,6.61164391307,6.66036666667,False
0,3081,194,6.58662192729,6.66036666667,False
0,3082,194,6.61266067711,6.66036666667,False
0,3083,194,6.59207708295,6.66036666667,False
0,3084,194,6.5517211836,6.66036666667,False
0,3085,194,6.63750294956,6.66036666667,False
0,3086,194,6.58247752494,6.66036666667,False
0,3087,194,6.58957399708,6.66036666667,False
0,3088,194,6.60155848906,6.66036666667,False
0,3089,194,6.61178974299,6.66036666667,False
0,3090,194,6.59022225435,6.66036666667,False
0,3091,194,6.55333130615,6.66036666667,False
0,3092,194,6.60677858119,6.66036666667,False
0,3093,194,6.61977806297,6.66036666667,False
0,3094,194,6.54905873633,6.66036666667,False
0,3095,194,6.60762838845,6.66036666667,False
0,3096,194,6.57848804611,6.66036666667,False
0,3097,194,6.59184584024,6.66036666667,False
0,3098,194,6.56529473275,6.66036666667,False
0,3099,194,6.58930265034,6.66036666667,False
0,3100,194,6.60220035719,6.66036666667,False
0,3101,194,6.59667377535,6.66036666667,False
0,3102,194,6.64100508538,6.66036666667,False
0,3103,194,6.59970126537,6.66036666667,False
0,3104,194,6.62325370861,6.66036666667,False
0,3105,194,6.65185703329,6.66036666667,False
0,3106,194,6.55273723633,6.66036666667,False
0,3107,194,6.62793042195,6.66036666667,False
0,3108,194,6.57040500154,6.66036666667,False
0,3109,194,6.5575254135,6.66036666667,False
0,3110,194,6.58908329255,6.66036666667,False
0,3111,194,6.55617443855,6.66036666667,False
0,3112,194,6.63154361465,6.66036666667,False
0,3113,194,6.56904631759,6.66036666667,False
0,3114,194,6.58098768195,6.66036666667,False
0,3115,194,6.57440513096,6.66036666667,False
0,3116,194,6.59854561997,6.66036666667,False
0,3117,194,6.57290210074,6.66036666667,False
0,3118,194,6.5668692276,6.66036666667,False
0,3119,194,6.63197249892,6.66036666667,False
0,3120,194,6.57919720777,6.66036666667,False
0,3121,194,6.60062256094,6.66036666667,False
0,3122,194,6.64222239002,6.66036666667,False
0,3123,194,6.60329697283,6.66036666667,False
0,3124,194,6.65167781632,6.66036666667,False
0,3125,195,6.65449872089,6.6937,False
0,3126,195,6.65130954113,6.6937,False
0,3127,195,6.62108161585,6.6937,False
0,3128,195,6.64802755464,6.6937,False
0,3129,195,6.60739461132,6.6937,False
0,3130,195,6.61834611106,6.6937,False
0,3131,195,6.64188114138,6.6937,False
0,3132,195,6.65829118444,6.6937,False
0,3133,195,6.65501532904,6.6937,False
0,3134,195,6.63202301343,6.6937,False
0,3135,195,6.66373846311,6.6937,False
0,3136,195,6.68554741485,6.6937,False
0,3137,195,6.6480795682,6.6937,False
0,3138,196,6.60809622233,6.72703333333,False
0,3139,196,6.66283972062,6.72703333333,False
0,3140,196,6.66592738887,6.72703333333,False
0,3141,196,6.66413794399,6.72703333333,False
0,3142,196,6.65793010435,6.72703333333,False
0,3143,197,6.70841004632,6.76036666667,False
0,3144,197,6.6854224657,6.76036666667,False
0,3145,197,6.74188438015,6.76036666667,False
0,3146,197,6.64309358653,6.76036666667,False
0,3147,197,6.67253474319,6.76036666667,False
0,3148,197,6.69883683727,6.76036666667,False
0,3149,197,6.74966287166,6.76036666667,False
0,3150,197,6.68355989929,6.76036666667,False
0,3151,197,6.69052592233,6.76036666667,False
0,3152,197,6.7129360796,6.76036666667,False
0,3153,197,6.64005152815,6.76036666667,False
0,3154,197,6.69267472693,6.76036666667,False
0,3155,197,6.70788314842,6.76036666667,False
0,3156,197,6.69245195141,6.76036666667,False
0,3157,197,6.68224300716,6.76036666667,False
0,3158,197,6.67733002131,6.76036666667,False
0,3159,198,6.78308946921,6.7937,False
0,3160,198,6.72039865092,6.7937,False
0,3161,198,6.729907784,6.7937,False
0,3162,198,6.71797647802,6.7937,False
0,3163,198,6.71911219342,6.7937,False
0,3164,199,6.76644542562,6.82703333333,False
0,3165,199,6.77499379011,6.82703333333,False
0,3166,199,6.73463275516,6.82703333333,False
0,3167,199,6.74782074732,6.82703333333,False
0,3168,199,6.76239618089,6.82703333333,False
0,3169,199,6.69834775208,6.82703333333,False
0,3170,199,6.72946743506,6.82703333333,False
0,3171,199,6.72765718192,6.82703333333,False
0,3172,199,6.75412559639,6.82703333333,False
0,3173,199,6.78461713299,6.82703333333,False
0,3174,199,6.78103114213,6.82703333333,False
0,3175,199,6.79801099668,6.82703333333,False
0,3176,199,6.75764625066,6.82703333333,False
0,3177,199,6.75910973209,6.82703333333,False
0,3178,199,6.77863968043,6.82703333333,False
0,3179,199,6.78460143592,6.82703333333,False
0,3180,199,6.73734376092,6.82703333333,False
0,3181,199,6.76078682677,6.82703333333,False
0,3182,199,6.76131232831,6.82703333333,False
0,3183,199,6.72900825101,6.82703333333,False
0,3184,199,6.73741259644,6.82703333333,False
0,3185,199,6.75863824502,6.82703333333,False
0,3186,199,6.7504391213,6.82703333333,False
0,3187,199,6.74693943111,6.82703333333,False
0,3188,199,6.73221953951,6.82703333333,False
0,3189,199,6.73057065087,6.82703333333,False
0,3190,199,6.72336304913,6.82703333333,False
0,3191,199,6.78369970463,6.82703333333,False
0,3192,199,6.74601223714,6.82703333333,False
0,3193,199,6.7453635817,6.82703333333,False
0,3194,199,6.79818027113,6.82703333333,False
0,3195,199,6.73919544406,6.82703333333,False
0,3196,199,6.72135834765,6.82703333333,False
0,3197,199,6.7175535205,6.82703333333,False
0,3198,199,6.77048552133,6.82703333333,False
0,3199,199,6.77206493855,6.82703333333,False
0,3200,199,6.74019828647,6.82703333333,False
0,3201,199,6.7905145943,6.82703333333,False
0,3202,199,6.7259270637,6.82703333333,False
0,3203,199,6.77847997865,6.82703333333,False
0,3204,199,6.75555529547,6.82703333333,False
0,3205,199,6.74656542857,6.82703333333,False
0,3206,199,6.78199992635,6.82703333333,False
0,3207,199,6.72529300774,6.82703333333,False
0,3208,199,6.76231610023,6.82703333333,False
0,3209,199,6.78068044734,6.82703333333,False
0,3210,199,6.75501688391,6.82703333333,False
0,3211,199,6.75256224698,6.82703333333,False
0,3212,199,6.76357874304,6.82703333333,False
0,3213,199,6.72131757637,6.82703333333,False
0,3214,199,6.75286019888,6.82703333333,False
0,3215,199,6.75364193045,6.82703333333,False
0,3216,199,6.78010708858,6.82703333333,False
0,3217,199,6.77112621036,6.82703333333,False
0,3218,199,6.74245959337,6.82703333333,False
0,3219,199,6.77744808541,6.82703333333,False
0,3220,199,6.78244180022,6.82703333333,False
0,3221,199,6.75233433102,6.82703333333,False
0,3222,199,6.74176260058,6.82703333333,False
0,3223,199,6.73740728507,6.82703333333,False
0,3224,199,6.77470055767,6.82703333333,False
0,3225,199,6.75674624831,6.82703333333,False
0,3226,199,6.77601193945,6.82703333333,False
0,3227,199,6.74945284654,6.82703333333,False
0,3228,199,6.74483588728,6.82703333333,False
0,3229,199,6.78827956234,6.82703333333,False
0,3230,199,6.76165443984,6.82703333333,False
0,3231,199,6.78348096301,6.82703333333,False
0,3232,199,6.7442684442,6.82703333333,False
0,3233,199,6.7617723733,6.82703333333,False
0,3234,199,6.77550263725,6.82703333333,False
0,3235,199,6.77891899975,6.82703333333,False
0,3236,199,6.75101092531,6.82703333333,False
0,3237,199,6.79863267368,6.82703333333,False
0,3238,199,6.72223075821,6.82703333333,False
0,3239,199,6.71160671709,6.82703333333,False
0,3240,199,6.79301744376,6.82703333333,False
0,3241,199,6.74973908771,6.82703333333,False
0,3242,199,6.78392089683,6.82703333333,False
0,3243,199,6.74672013703,6.82703333333,False
0,3244,199,6.75976635267,6.82703333333,False
0,3245,199,6.76432692494,6.82703333333,False
0,3246,199,6.77372671265,6.82703333333,False
0,3247,199,6.7344954015,6.82703333333,False
0,3248,199,6.77285797917,6.82703333333,False
0,3249,199,6.68661106294,6.82703333333,False
0,3250,199,6.7529726281,6.82703333333,False
0,3251,199,6.72939551135,6.82703333333,False
0,3252,199,6.7751816956,6.82703333333,False
0,3253,199,6.7574452572,6.82703333333,False
0,3254,199,6.77120463312,6.82703333333,False
0,3255,199,6.73385979055,6.82703333333,False
0,3256,199,6.78234051702,6.82703333333,False
0,3257,199,6.78533823666,6.82703333333,False
0,3258,199,6.81357096483,6.82703333333,False
0,3259,199,6.81067721614,6.82703333333,False
0,3260,199,6.70938605261,6.82703333333,False
0,3261,199,6.76755358749,6.82703333333,False
0,3262,199,6.75628282613,6.82703333333,False
0,3263,199,6.73014190492,6.82703333333,False
0,3264,199,6.78480283467,6.82703333333,False
0,3265,199,6.72554846796,6.82703333333,False
0,3266,199,6.76211378456,6.82703333333,False
0,3267,199,6.72772226866,6.82703333333,False
0,3268,199,6.73080183589,6.82703333333,False
0,3269,199,6.72772817033,6.82703333333,False
0,3270,199,6.7799849023,6.82703333333,False
0,3271,199,6.69206255316,6.82703333333,False
0,3272,199,6.78926497242,6.82703333333,False
0,3273,199,6.75911826968,6.82703333333,False
0,3274,199,6.75193281203,6.82703333333,False
0,3275,199,6.72254896124,6.82703333333,False
0,3276,199,6.73930341808,6.82703333333,False
0,3277,199,6.80552523335,6.82703333333,False
0,3278,199,6.76230745043,6.82703333333,False
0,3279,199,6.77418972434,6.82703333333,False
0,3280,199,6.72948782897,6.82703333333,False
0,3281,199,6.76607259726,6.82703333333,False
0,3282,199,6.76068564866,6.82703333333,False
0,3283,199,6.7530103232,6.82703333333,False
0,3284,199,6.74416994187,6.82703333333,False
0,3285,199,6.77689754476,6.82703333333,False
0,3286,199,6.76689287265,6.82703333333,False
0,3287,199,6.73404169426,6.82703333333,False
0,3288,199,6.75370245748,6.82703333333,False
0,3289,199,6.75334290805,6.82703333333,False
0,3290,199,6.75459616624,6.82703333333,False
0,3291,199,6.68785324576,6.82703333333,False
0,3292,199,6.78283718685,6.82703333333,False
0,3293,199,6.78923919436,6.82703333333,False
0,3294,199,6.73312965711,6.82703333333,False
0,3295,199,6.76342858585,6.82703333333,False
0,3296,199,6.73744729777,6.82703333333,False
0,3297,199,6.71501127688,6.82703333333,False
0,3298,199,6.74988412388,6.82703333333,False
0,3299,199,6.76411569791,6.82703333333,False
0,3300,199,6.76558694608,6.82703333333,False
0,3301,199,6.7773924855,6.82703333333,False
0,3302,199,6.7981061524,6.82703333333,False
0,3303,199,6.76815453933,6.82703333333,False
0,3304,200,6.81014256803,6.86036666667,False
0,3305,200,6.80597299621,6.86036666667,False
0,3306,200,6.78314213873,6.86036666667,False
0,3307,200,6.81423735237,6.86036666667,False
0,3308,200,6.80663712525,6.86036666667,False
0,3309,200,6.76874610904,6.86036666667,False
0,3310,200,6.82542350085,6.86036666667,False
0,3311,200,6.76123862077,6.86036666667,False
0,3312,200,6.79762575554,6.86036666667,False
0,3313,200,6.77672010407,6.86036666667,False
0,3314,200,6.80122072914,6.86036666667,False
0,3315,200,6.79114458121,6.86036666667,False
0,3316,200,6.80507170065,6.86036666667,False
0,3317,200,6.80972141875,6.86036666667,False
0,3318,200,6.82337166469,6.86036666667,False
0,3319,200,6.79925019088,6.86036666667,False
0,3320,200,6.80467132411,6.86036666667,False
0,3321,200,6.76772015179,6.86036666667,False
0,3322,201,6.78554282761,6.8937,False
0,3323,201,6.80511189004,6.8937,False
0,3324,201,6.84751931656,6.8937,False
0,3325,201,6.84533769307,6.8937,False
0,3326,201,6.84918936852,6.8937,False
0,3327,201,6.77941830046,6.8937,False
0,3328,201,6.78315883353,6.8937,False
0,3329,201,6.82222264725,6.8937,False
0,3330,202,6.86885226265,6.92703333333,False
0,3331,202,6.8810956119,6.92703333333,False
0,3332,202,6.89300486842,6.92703333333,False
0,3333,202,6.84563711049,6.92703333333,False
0,3334,202,6.90728396238,6.92703333333,False
0,3335,202,6.87840134822,6.92703333333,False
0,3336,202,6.84875741924,6.92703333333,False
0,3337,203,6.89789306796,6.96036666667,False
0,3338,203,6.89165029295,6.96036666667,False
0,3339,203,6.91194100664,6.96036666667,False
0,3340,203,6.89006875587,6.96036666667,False
0,3341,203,6.92058177984,6.96036666667,False
0,3342,203,6.87276634495,6.96036666667,False
0,3343,203,6.92078915027,6.96036666667,False
0,3344,204,6.94145233109,6.9937,False
0,3345,204,6.95408538438,6.9937,False
0,3346,204,6.95380401568,6.9937,False
0,3347,204,6.9400415524,6.9937,False
0,3348,204,6.91990068939,6.9937,False
0,3349,204,6.92238678411,6.9937,False
0,3350,204,6.98392852887,6.9937,False
0,3351,204,6.90011737435,6.9937,False
0,3352,204,6.95415431012,6.9937,False
0,3353,204,6.97246493114,6.9937,False
0,3354,204,6.93236831081,6.9937,False
0,3355,204,6.91541738667,6.9937,False
0,3356,204,6.92306594729,6.9937,False
0,3357,204,6.95081655736,6.9937,False
0,3358,204,6.91063168293,6.9937,False
0,3359,204,6.9269412493,6.9937,False
0,3360,204,6.891747591,6.9937,False
0,3361,204,6.91732435592,6.9937,False
0,3362,204,6.94757632109,6.9937,False
0,3363,204,6.94499127792,6.9937,False
0,3364,204,6.90601204807,6.9937,False
0,3365,204,6.94708484332,6.9937,False
0,3366,204,6.93026460928,6.9937,False
0,3367,204,6.93187710374,6.9937,False
0,3368,204,6.88072157577,6.9937,False
0,3369,204,6.90470145913,6.9937,False
0,3370,204,6.93941240552,6.9937,False
0,3371,204,6.93894125934,6.9937,False
0,3372,204,6.88913631406,6.9937,False
0,3373,204,6.93584560914,6.9937,False
0,3374,204,6.88690445938,6.9937,False
0,3375,204,6.92255647455,6.9937,False
0,3376,204,6.93196426952,6.9937,False
0,3377,204,6.94435119581,6.9937,False
0,3378,204,6.96986412489,6.9937,False
0,3379,204,6.91366856753,6.9937,False
0,3380,204,6.92089283725,6.9937,False
0,3381,204,6.9251850548,6.9937,False
0,3382,204,6.9263783696,6.9937,False
0,3383,204,6.93645486537,6.9937,False
0,3384,204,6.92163060979,6.9937,False
0,3385,204,6.89362537256,6.9937,False
0,3386,204,6.90046512623,6.9937,False
0,3387,204,6.93864678132,6.9937,False
0,3388,204,6.88967176451,6.9937,False
0,3389,204,6.94861999004,6.9937,False
0,3390,204,6.9263944211,6.9937,False
0,3391,204,6.90529747966,6.9937,False
0,3392,204,6.92506514654,6.9937,False
0,3393,204,6.90850603489,6.9937,False
0,3394,204,6.93445812647,6.9937,False
0,3395,204,6.88378606111,6.9937,False
0,3396,204,6.93752479327,6.9937,False
0,3397,204,6.90432260258,6.9937,False
0,3398,204,6.89085724393,6.9937,False
0,3399,204,6.88523535987,6.9937,False
0,3400,204,6.90678675733,6.9937,False
0,3401,204,6.95119043138,6.9937,False
0,3402,204,6.93858548689,6.9937,False
0,3403,204,6.91430865326,6.9937,False
0,3404,204,6.91248210906,6.9937,False
0,3405,204,6.88853883221,6.9937,False
0,3406,204,6.94198473754,6.9937,False
0,3407,204,6.97445381351,6.9937,False
0,3408,204,6.90589018812,6.9937,False
0,3409,204,6.9506001201,6.9937,False
0,3410,204,6.9292564413,6.9937,False
0,3411,204,6.95511087554,6.9937,False
0,3412,204,6.92853330826,6.9937,False
0,3413,204,6.91454921569,6.9937,False
0,3414,204,6.89109878783,6.9937,False
0,3415,204,6.91453485754,6.9937,False
0,3416,204,6.90518578334,6.9937,False
0,3417,204,6.92664010813,6.9937,False
0,3418,204,6.94511661584,6.9937,False
0,3419,204,6.93161296825,6.9937,False
0,3420,204,6.88569099788,6.9937,False
0,3421,204,6.91415256096,6.9937,False
0,3422,204,6.94084911298,6.9937,False
0,3423,204,6.92279912108,6.9937,False
0,3424,204,6.93091526752,6.9937,False
0,3425,204,6.90413932329,6.9937,False
0,3426,204,6.92882935095,6.9937,False
0,3427,204,6.9131211932,6.9937,False
0,3428,204,6.92379081383,6.9937,False
0,3429,204,6.90862807577,6.9937,False
0,3430,204,6.92675842911,6.9937,False
0,3431,204,6.892020863,6.9937,False
0,3432,204,6.85469929066,6.9937,False
0,3433,204,6.89849800116,6.9937,False
0,3434,204,6.91783564657,6.9937,False
0,3435,204,6.88987345571,6.9937,False
0,3436,204,6.88094911489,6.9937,False
0,3437,204,6.9162384432,6.9937,False
0,3438,204,6.93303905116,6.9937,False
0,3439,204,6.96101932721,6.9937,False
0,3440,204,6.88611962751,6.9937,False
0,3441,204,6.91367339115,6.9937,False
0,3442,204,6.91370334899,6.9937,False
0,3443,204,6.92816170771,6.9937,False
0,3444,204,6.94386935498,6.9937,False
0,3445,204,6.92884194552,6.9937,False
0,3446,204,6.90804278844,6.9937,False
0,3447,204,6.92783089952,6.9937,False
0,3448,204,6.93100174937,6.9937,False
0,3449,204,6.9396930078,6.9937,False
0,3450,204,6.9131496971,6.9937,False
0,3451,204,6.9355125773,6.9937,False
0,3452,204,6.95212438621,6.9937,False
0,3453,204,6.90954745411,6.9937,False
0,3454,204,6.90045835256,6.9937,False
0,3455,204,6.87444031126,6.9937,False
0,3456,204,6.91783331592,6.9937,False
0,3457,204,6.90546234445,6.9937,False
0,3458,204,6.87287482264,6.9937,False
0,3459,204,6.94151866103,6.9937,False
0,3460,204,6.86172730674,6.9937,False
0,3461,204,6.92603301218,6.9937,False
0,3462,204,6.89506463375,6.9937,False
0,3463,204,6.89964919364,6.9937,False
0,3464,204,6.93860588474,6.9937,False
0,3465,204,6.91761768794,6.9937,False
0,3466,204,6.97594329595,6.9937,False
0,3467,204,6.91722486369,6.9937,False
0,3468,204,6.91292413737,6.9937,False
0,3469,204,6.95191998968,6.9937,False
0,3470,204,6.94953360719,6.9937,False
0,3471,204,6.9367757906,6.9937,False
0,3472,204,6.94920163859,6.9937,False
0,3473,204,6.92223557846,6.9937,False
0,3474,204,6.91298367512,6.9937,False
0,3475,204,6.92075627759,6.9937,False
0,3476,204,6.90097111608,6.9937,False
0,3477,204,6.91556108015,6.9937,False
0,3478,204,6.91940099009,6.9937,False
0,3479,204,6.92291393893,6.9937,False
0,3480,204,6.98105251255,6.9937,False
0,3481,204,6.91761349939,6.9937,False
0,3482,204,6.92812675267,6.9937,False
0,3483,204,6.91387121983,6.9937,False
0,3484,204,6.92989252101,6.9937,False
0,3485,204,6.93981210234,6.9937,False
0,3486,204,6.9388359931,6.9937,False
0,3487,204,6.82315578287,6.9937,False
0,3488,204,6.94888781764,6.9937,False
0,3489,204,6.92675833026,6.9937,False
0,3490,204,6.91667112052,6.9937,False
0,3491,204,6.91499729662,6.9937,False
0,3492,204,6.97897812775,6.9937,False
0,3493,204,6.9436807694,6.9937,False
0,3494,204,6.8993064606,6.9937,False
0,3495,204,6.90156283546,6.9937,False
0,3496,204,6.87583517113,6.9937,False
0,3497,204,6.9177996472,6.9937,False
0,3498,204,6.97322765243,6.9937,False
0,3499,204,6.93401999875,6.9937,False
0,3500,205,7.0111317044,7.02703333333,False
0,3501,205,7.02661956517,7.02703333333,False
0,3502,205,6.92394221955,7.02703333333,False
0,3503,205,6.97051825992,7.02703333333,False
0,3504,205,6.97742613516,7.02703333333,False
0,3505,205,6.94408779145,7.02703333333,False
0,3506,205,6.93162652444,7.02703333333,False
0,3507,205,6.98195303621,7.02703333333,False
0,3508,205,6.93718033752,7.02703333333,False
0,3509,205,6.97107277739,7.02703333333,False
0,3510,205,6.96109763159,7.02703333333,False
0,3511,205,7.00063872728,7.02703333333,False
0,3512,205,6.99351108299,7.02703333333,False
0,3513,205,6.95998118948,7.02703333333,False
0,3514,205,6.96643802074,7.02703333333,False
0,3515,205,6.98837380712,7.02703333333,False
0,3516,205,7.0272960054,7.02703333333,True
0,3517,206,6.98666935264,7.06036666667,False
0,3518,206,6.95349839402,7.06036666667,False
0,3519,206,6.98331178169,7.06036666667,False
0,3520,206,6.97149659403,7.06036666667,False
0,3521,206,7.02722161746,7.06036666667,False
0,3522,206,6.99829115015,7.06036666667,False
0,3523,207,7.06476309708,7.0937,False
0,3524,207,7.02688828672,7.0937,False
0,3525,207,7.06086338104,7.0937,False
0,3526,208,7.03047760117,7.12703333333,False
0,3527,208,7.05534411249,7.12703333333,False
0,3528,208,7.02166102633,7.12703333333,False
0,3529,208,7.10345009075,7.12703333333,False
0,3530,208,7.03371689907,7.12703333333,False
0,3531,208,7.03899716719,7.12703333333,False
0,3532,209,7.08005356905,7.16036666667,False
0,3533,209,7.08753044941,7.16036666667,False
0,3534,209,7.14893149909,7.16036666667,False
0,3535,209,7.13524253504,7.16036666667,False
0,3536,209,7.08313743366,7.16036666667,False
0,3537,209,7.06825787124,7.16036666667,False
0,3538,209,7.09098239398,7.16036666667,False
0,3539,209,7.0739389914,7.16036666667,False
0,3540,209,7.11703712228,7.16036666667,False
0,3541,209,7.05670200367,7.16036666667,False
0,3542,209,7.15951118213,7.16036666667,False
0,3543,209,7.06424619421,7.16036666667,False
0,3544,209,7.0493902508,7.16036666667,False
0,3545,209,7.13400763948,7.16036666667,False
0,3546,209,7.14536054984,7.16036666667,False
0,3547,209,7.09194180216,7.16036666667,False
0,3548,209,7.09449018221,7.16036666667,False
0,3549,209,7.1243870813,7.16036666667,False
0,3550,209,7.11806624028,7.16036666667,False
0,3551,209,7.10733925894,7.16036666667,False
0,3552,209,7.05140826727,7.16036666667,False
0,3553,209,7.13667807384,7.16036666667,False
0,3554,209,7.09853760018,7.16036666667,False
0,3555,209,7.11416564949,7.16036666667,False
0,3556,209,7.0993734622,7.16036666667,False
0,3557,209,7.11354968505,7.16036666667,False
0,3558,209,7.09187074627,7.16036666667,False
0,3559,209,7.0694361142,7.16036666667,False
0,3560,209,7.12286196371,7.16036666667,False
0,3561,209,7.07893375309,7.16036666667,False
0,3562,209,7.12844519962,7.16036666667,False
0,3563,209,7.04373408184,7.16036666667,False
0,3564,209,7.08622448035,7.16036666667,False
0,3565,209,7.0682861895,7.16036666667,False
0,3566,209,7.11451768418,7.16036666667,False
0,3567,209,7.03531467939,7.16036666667,False
0,3568,209,7.06311032617,7.16036666667,False
0,3569,209,7.07854855818,7.16036666667,False
0,3570,209,7.0884426509,7.16036666667,False
0,3571,209,7.13089382345,7.16036666667,False
0,3572,209,7.04807789163,7.16036666667,False
0,3573,209,7.08583925739,7.16036666667,False
0,3574,209,7.08305466027,7.16036666667,False
0,3575,209,7.07797767218,7.16036666667,False
0,3576,209,7.09170157106,7.16036666667,False
0,3577,209,7.12134066623,7.16036666667,False
0,3578,209,7.11176076823,7.16036666667,False
0,3579,209,7.11700116315,7.16036666667,False
0,3580,209,7.06669183124,7.16036666667,False
0,3581,209,7.08284692093,7.16036666667,False
0,3582,209,7.05882422634,7.16036666667,False
0,3583,209,7.06231651291,7.16036666667,False
0,3584,209,7.08163025662,7.16036666667,False
0,3585,209,7.07405878215,7.16036666667,False
0,3586,209,7.11342594755,7.16036666667,False
0,3587,209,7.10768060294,7.16036666667,False
0,3588,209,7.07740324874,7.16036666667,False
0,3589,209,7.10443341436,7.16036666667,False
0,3590,209,7.10438923937,7.16036666667,False
0,3591,209,7.09838117267,7.16036666667,False
0,3592,209,7.11988163284,7.16036666667,False
0,3593,209,7.10040600128,7.16036666667,False
0,3594,209,7.08234109488,7.16036666667,False
0,3595,209,7.13853094417,7.16036666667,False
0,3596,209,7.0889806501,7.16036666667,False
0,3597,209,7.05858642534,7.16036666667,False
0,3598,209,7.05771328943,7.16036666667,False
0,3599,209,7.12337285541,7.16036666667,False
0,3600,209,7.08732512902,7.16036666667,False
0,3601,209,7.1156867517,7.16036666667,False
0,3602,209,7.10938731286,7.16036666667,False
0,3603,209,7.09609230537,7.16036666667,False
0,3604,209,7.1260842965,7.16036666667,False
0,3605,209,7.12254169569,7.16036666667,False
0,3606,209,7.09036826787,7.16036666667,False
0,3607,209,7.08335798651,7.16036666667,False
0,3608,209,7.10271416089,7.16036666667,False
0,3609,209,7.06841679322,7.16036666667,False
0,3610,209,7.13872865217,7.16036666667,False
0,3611,209,7.08129999384,7.16036666667,False
0,3612,209,7.08148775022,7.16036666667,False
0,3613,209,7.12946813468,7.16036666667,False
0,3614,209,7.08988931855,7.16036666667,False
0,3615,209,7.08073625845,7.16036666667,False
0,3616,209,7.13024015605,7.16036666667,False
0,3617,209,7.10907616903,7.16036666667,False
0,3618,209,7.09464334529,7.16036666667,False
0,3619,209,7.11331500963,7.16036666667,False
0,3620,209,7.13318305335,7.16036666667,False
0,3621,209,7.03607379583,7.16036666667,False
0,3622,209,7.0685301495,7.16036666667,False
0,3623,209,7.08700516454,7.16036666667,False
0,3624,209,7.07585381151,7.16036666667,False
0,3625,209,7.10324363421,7.16036666667,False
0,3626,209,7.08823229451,7.16036666667,False
0,3627,209,7.07791529601,7.16036666667,False
0,3628,209,7.12720828059,7.16036666667,False
0,3629,209,7.08272702804,7.16036666667,False
0,3630,209,7.09014454919,7.16036666667,False
0,3631,209,7.06748801298,7.16036666667,False
0,3632,209,7.10025125864,7.16036666667,False
0,3633,209,7.10287934497,7.16036666667,False
0,3634,209,7.06878696164,7.16036666667,False
0,3635,209,7.10662062314,7.16036666667,False
0,3636,209,7.0903225817,7.16036666667,False
0,3637,209,7.07718226945,7.16036666667,False
0,3638,209,7.1008220325,7.16036666667,False
0,3639,209,7.05644316839,7.16036666667,False
0,3640,209,7.08446569419,7.16036666667,False
0,3641,209,7.07600999727,7.16036666667,False
0,3642,209,7.08757759527,7.16036666667,False
0,3643,209,7.09730728318,7.16036666667,False
0,3644,209,7.08786720868,7.16036666667,False
0,3645,209,7.06490254361,7.16036666667,False
0,3646,209,7.11515324093,7.16036666667,False
0,3647,209,7.09791428413,7.16036666667,False
0,3648,209,7.08911378193,7.16036666667,False
0,3649,209,7.06799230154,7.16036666667,False
0,3650,209,7.14756727752,7.16036666667,False
0,3651,209,7.1132156822,7.16036666667,False
0,3652,209,7.09465824474,7.16036666667,False
0,3653,209,7.13292544789,7.16036666667,False
0,3654,209,7.1291119885,7.16036666667,False
0,3655,209,7.09321730984,7.16036666667,False
0,3656,209,7.12373743957,7.16036666667,False
0,3657,209,7.06975103238,7.16036666667,False
0,3658,209,7.08329601695,7.16036666667,False
0,3659,209,7.10223335782,7.16036666667,False
0,3660,209,7.09604790473,7.16036666667,False
0,3661,209,7.07985161169,7.16036666667,False
0,3662,209,7.13282486762,7.16036666667,False
0,3663,209,7.10893343786,7.16036666667,False
0,3664,209,7.04068333561,7.16036666667,False
0,3665,209,7.03900643939,7.16036666667,False
0,3666,209,7.13734476427,7.16036666667,False
0,3667,209,7.07819602467,7.16036666667,False
0,3668,209,7.11353059252,7.16036666667,False
0,3669,209,7.0927691381,7.16036666667,False
0,3670,209,7.10469420139,7.16036666667,False
0,3671,209,7.13064747118,7.16036666667,False
0,3672,209,7.08911721165,7.16036666667,False
0,3673,209,7.09837063503,7.16036666667,False
0,3674,209,7.05565388726,7.16036666667,False
0,3675,209,7.06469868366,7.16036666667,False
0,3676,209,7.13701297342,7.16036666667,False
0,3677,209,7.09033482769,7.16036666667,False
0,3678,209,7.0845762515,7.16036666667,False
0,3679,209,7.06976999124,7.16036666667,False
0,3680,209,7.12521869113,7.16036666667,False
0,3681,209,7.09323004426,7.16036666667,False
0,3682,209,7.11220698766,7.16036666667,False
0,3683,209,7.09782773489,7.16036666667,False
0,3684,209,7.13192746275,7.16036666667,False
0,3685,210,7.13028520213,7.1937,False
0,3686,210,7.1540577711,7.1937,False
0,3687,210,7.14724822829,7.1937,False
0,3688,210,7.11761862156,7.1937,False
0,3689,210,7.10191784548,7.1937,False
0,3690,210,7.14824420374,7.1937,False
0,3691,210,7.15951029617,7.1937,False
0,3692,210,7.14722921658,7.1937,False
0,3693,210,7.13532650136,7.1937,False
0,3694,210,7.1299222443,7.1937,False
0,3695,210,7.07552231061,7.1937,False
0,3696,210,7.13449782085,7.1937,False
0,3697,210,7.12834092329,7.1937,False
0,3698,210,7.15612944233,7.1937,False
0,3699,210,7.12976970288,7.1937,False
0,3700,211,7.12848645961,7.22703333333,False
0,3701,211,7.13778086516,7.22703333333,False
0,3702,211,7.14014904024,7.22703333333,False
0,3703,211,7.17514940501,7.22703333333,False
0,3704,211,7.20719442976,7.22703333333,False
0,3705,211,7.19051198983,7.22703333333,False
0,3706,211,7.13203708509,7.22703333333,False
0,3707,212,7.19193808154,7.26036666667,False
0,3708,212,7.19612306445,7.26036666667,False
0,3709,212,7.19326170078,7.26036666667,False
0,3710,212,7.17493649505,7.26036666667,False
0,3711,213,7.18117823721,7.2937,False
0,3712,213,7.21188166419,7.2937,False
0,3713,213,7.22369505075,7.2937,False
0,3714,213,7.20762164329,7.2937,False
0,3715,213,7.26019430199,7.2937,False
0,3716,214,7.25429225702,7.32703333333,False
0,3717,214,7.24642817719,7.32703333333,False
0,3718,214,7.27286566667,7.32703333333,False
0,3719,214,7.26439989091,7.32703333333,False
0,3720,214,7.22690950294,7.32703333333,False
0,3721,214,7.22574883508,7.32703333333,False
0,3722,214,7.25784753282,7.32703333333,False
0,3723,214,7.25186045344,7.32703333333,False
0,3724,214,7.27351760991,7.32703333333,False
0,3725,214,7.26331346232,7.32703333333,False
0,3726,214,7.2703419733,7.32703333333,False
0,3727,214,7.26810584397,7.32703333333,False
0,3728,214,7.27169093325,7.32703333333,False
0,3729,214,7.27348511061,7.32703333333,False
0,3730,214,7.25946410196,7.32703333333,False
0,3731,214,7.27247004965,7.32703333333,False
0,3732,214,7.27297214954,7.32703333333,False
0,3733,214,7.23811871553,7.32703333333,False
0,3734,214,7.20497390603,7.32703333333,False
0,3735,214,7.22873556718,7.32703333333,False
0,3736,214,7.24966054903,7.32703333333,False
0,3737,214,7.21024489118,7.32703333333,False
0,3738,214,7.28959977541,7.32703333333,False
0,3739,214,7.2509467592,7.32703333333,False
0,3740,214,7.29862688183,7.32703333333,False
0,3741,214,7.28336914445,7.32703333333,False
0,3742,214,7.25327421762,7.32703333333,False
0,3743,214,7.27994679577,7.32703333333,False
0,3744,214,7.25517260155,7.32703333333,False
0,3745,214,7.24640058359,7.32703333333,False
0,3746,214,7.24318253354,7.32703333333,False
0,3747,214,7.27525014642,7.32703333333,False
0,3748,214,7.24498067347,7.32703333333,False
0,3749,214,7.22689081493,7.32703333333,False
0,3750,214,7.22078337293,7.32703333333,False
0,3751,214,7.27022525971,7.32703333333,False
0,3752,214,7.25551181171,7.32703333333,False
0,3753,214,7.26968286889,7.32703333333,False
0,3754,214,7.23819315915,7.32703333333,False
0,3755,214,7.25512565887,7.32703333333,False
0,3756,214,7.23280619702,7.32703333333,False
0,3757,214,7.28363041882,7.32703333333,False
0,3758,214,7.26440323868,7.32703333333,False
0,3759,214,7.29680700694,7.32703333333,False
0,3760,214,7.27215927742,7.32703333333,False
0,3761,214,7.22659123111,7.32703333333,False
0,3762,214,7.26156288574,7.32703333333,False
0,3763,214,7.27374754226,7.32703333333,False
0,3764,214,7.27560383479,7.32703333333,False
0,3765,214,7.26991669153,7.32703333333,False
0,3766,214,7.24638445347,7.32703333333,False
0,3767,214,7.26411806003,7.32703333333,False
0,3768,214,7.24056682091,7.32703333333,False
0,3769,214,7.27436381585,7.32703333333,False
0,3770,214,7.23208280119,7.32703333333,False
0,3771,214,7.2948117085,7.32703333333,False
0,3772,214,7.24210851232,7.32703333333,False
0,3773,214,7.24981535998,7.32703333333,False
0,3774,214,7.21975808751,7.32703333333,False
0,3775,214,7.30721500928,7.32703333333,False
0,3776,214,7.20875789093,7.32703333333,False
0,3777,214,7.24234304149,7.32703333333,False
0,3778,214,7.23878761643,7.32703333333,False
0,3779,214,7.25830035498,7.32703333333,False
0,3780,214,7.27228860477,7.32703333333,False
0,3781,214,7.29839359441,7.32703333333,False
0,3782,214,7.25004693616,7.32703333333,False
0,3783,214,7.27822196105,7.32703333333,False
0,3784,214,7.25210711195,7.32703333333,False
0,3785,214,7.28552579276,7.32703333333,False
0,3786,214,7.28405242166,7.32703333333,False
0,3787,214,7.23194974625,7.32703333333,False
0,3788,214,7.21957453205,7.32703333333,False
0,3789,214,7.2472532904,7.32703333333,False
0,3790,214,7.25915603654,7.32703333333,False
0,3791,214,7.24442068943,7.32703333333,False
0,3792,214,7.227078825,7.32703333333,False
0,3793,214,7.29173965944,7.32703333333,False
0,3794,214,7.28468640383,7.32703333333,False
0,3795,214,7.25796920014,7.32703333333,False
0,3796,214,7.28042939242,7.32703333333,False
0,3797,214,7.28305822894,7.32703333333,False
0,3798,214,7.21652940513,7.32703333333,False
0,3799,214,7.25925867015,7.32703333333,False
0,3800,214,7.22130969151,7.32703333333,False
0,3801,214,7.21059033904,7.32703333333,False
0,3802,214,7.26294237706,7.32703333333,False
0,3803,214,7.26726600643,7.32703333333,False
0,3804,214,7.30691380337,7.32703333333,False
0,3805,214,7.27683427893,7.32703333333,False
0,3806,214,7.24052705607,7.32703333333,False
0,3807,214,7.25168706168,7.32703333333,False
0,3808,214,7.26935822998,7.32703333333,False
0,3809,214,7.25216002157,7.32703333333,False
0,3810,214,7.22910536418,7.32703333333,False
0,3811,214,7.28998097685,7.32703333333,False
0,3812,214,7.24920322538,7.32703333333,False
0,3813,214,7.2622314731,7.32703333333,False
0,3814,214,7.27182293943,7.32703333333,False
0,3815,214,7.25992926842,7.32703333333,False
0,3816,214,7.25760808367,7.32703333333,False
0,3817,214,7.24822107068,7.32703333333,False
0,3818,214,7.28114588192,7.32703333333,False
0,3819,214,7.27419942467,7.32703333333,False
0,3820,214,7.26618408754,7.32703333333,False
0,3821,214,7.27220776548,7.32703333333,False
0,3822,214,7.25208733114,7.32703333333,False
0,3823,214,7.24070445039,7.32703333333,False
0,3824,214,7.25260627566,7.32703333333,False
0,3825,214,7.27811877684,7.32703333333,False
0,3826,214,7.23937246521,7.32703333333,False
0,3827,214,7.22174745562,7.32703333333,False
0,3828,214,7.26330468482,7.32703333333,False
0,3829,214,7.26773048906,7.32703333333,False
0,3830,214,7.25559417789,7.32703333333,False
0,3831,214,7.27133741117,7.32703333333,False
0,3832,214,7.27200978049,7.32703333333,False
0,3833,214,7.23807832146,7.32703333333,False
0,3834,214,7.25515400401,7.32703333333,False
0,3835,214,7.29303157461,7.32703333333,False
0,3836,214,7.21976750285,7.32703333333,False
0,3837,214,7.28316782825,7.32703333333,False
0,3838,214,7.30287311554,7.32703333333,False
0,3839,214,7.19790034179,7.32703333333,False
0,3840,214,7.28968542717,7.32703333333,False
0,3841,214,7.232426786,7.32703333333,False
0,3842,214,7.26896995248,7.32703333333,False
0,3843,214,7.30932113258,7.32703333333,False
0,3844,214,7.25863920973,7.32703333333,False
0,3845,214,7.23021690817,7.32703333333,False
0,3846,214,7.24048173868,7.32703333333,False
0,3847,214,7.31092600247,7.32703333333,False
0,3848,214,7.23936406,7.32703333333,False
0,3849,214,7.24248897109,7.32703333333,False
0,3850,214,7.26867474176,7.32703333333,False
0,3851,214,7.2577872241,7.32703333333,False
0,3852,214,7.21976147701,7.32703333333,False
0,3853,214,7.27629483286,7.32703333333,False
0,3854,214,7.29042557825,7.32703333333,False
0,3855,214,7.26566270061,7.32703333333,False
0,3856,214,7.26069074057,7.32703333333,False
0,3857,214,7.24542101028,7.32703333333,False
0,3858,214,7.23423278017,7.32703333333,False
0,3859,214,7.32420463608,7.32703333333,False
0,3860,214,7.2567739072,7.32703333333,False
0,3861,214,7.27742119431,7.32703333333,False
0,3862,214,7.2208173843,7.32703333333,False
0,3863,214,7.27755010868,7.32703333333,False
0,3864,214,7.27936997754,7.32703333333,False
0,3865,214,7.24440025478,7.32703333333,False
0,3866,214,7.28159886745,7.32703333333,False
0,3867,214,7.24914566113,7.32703333333,False
0,3868,214,7.26683789348,7.32703333333,False
0,3869,214,7.24049814119,7.32703333333,False
0,3870,214,7.25889602993,7.32703333333,False
0,3871,214,7.23658696239,7.32703333333,False
0,3872,214,7.23599870542,7.32703333333,False
0,3873,214,7.29521126223,7.32703333333,False
0,3874,214,7.27071464371,7.32703333333,False
0,3875,214,7.22884587635,7.32703333333,False
0,3876,214,7.2678778331,7.32703333333,False
0,3877,214,7.28424034473,7.32703333333,False
0,3878,215,7.27625733062,7.36036666667,False
0,3879,215,7.29591603517,7.36036666667,False
0,3880,215,7.2820192688,7.36036666667,False
0,3881,215,7.27136801313,7.36036666667,False
0,3882,215,7.29917080095,7.36036666667,False
0,3883,215,7.28933345506,7.36036666667,False
0,3884,215,7.28397255718,7.36036666667,False
0,3885,215,7.27760782841,7.36036666667,False
0,3886,215,7.28222406,7.36036666667,False
0,3887,215,7.26879812587,7.36036666667,False
0,3888,215,7.31630913301,7.36036666667,False
0,3889,215,7.22395348509,7.36036666667,False
0,3890,215,7.26550505372,7.36036666667,False
0,3891,215,7.28432995067,7.36036666667,False
0,3892,216,7.28923177961,7.3937,False
0,3893,216,7.36638745079,7.3937,False
0,3894,216,7.33392668361,7.3937,False
0,3895,216,7.30842389799,7.3937,False
0,3896,216,7.36153917464,7.3937,False
0,3897,216,7.28682817081,7.3937,False
0,3898,217,7.32348347119,7.42703333333,False
0,3899,217,7.37686218238,7.42703333333,False
0,3900,217,7.37702659716,7.42703333333,False
0,3901,217,7.40106198991,7.42703333333,False
0,3902,217,7.37631858227,7.42703333333,False
0,3903,217,7.34891174943,7.42703333333,False
0,3904,218,7.36811527885,7.46036666667,False
0,3905,218,7.42041044387,7.46036666667,False
0,3906,218,7.41062466374,7.46036666667,False
0,3907,218,7.39524244662,7.46036666667,False
0,3908,218,7.33029842794,7.46036666667,False
0,3909,218,7.36682998311,7.46036666667,False
0,3910,218,7.39314888031,7.46036666667,False
0,3911,219,7.41649976463,7.4937,False
0,3912,219,7.42692047094,7.4937,False
0,3913,219,7.45699885405,7.4937,False
0,3914,219,7.42708593764,7.4937,False
0,3915,219,7.44348807224,7.4937,False
0,3916,219,7.44297159415,7.4937,False
0,3917,219,7.38499551063,7.4937,False
0,3918,219,7.45288600819,7.4937,False
0,3919,219,7.41734274494,7.4937,False
0,3920,219,7.42384508789,7.4937,False
0,3921,219,7.39895515117,7.4937,False
0,3922,219,7.43399048856,7.4937,False
0,3923,219,7.41761430217,7.4937,False
0,3924,219,7.43467014831,7.4937,False
0,3925,219,7.41431257316,7.4937,False
0,3926,219,7.43034662869,7.4937,False
0,3927,219,7.42014625652,7.4937,False
0,3928,219,7.44245781916,7.4937,False
0,3929,219,7.41700220737,7.4937,False
0,3930,219,7.44746677311,7.4937,False
0,3931,219,7.41245936254,7.4937,False
0,3932,219,7.43118787053,7.4937,False
0,3933,219,7.37125666675,7.4937,False
0,3934,219,7.41587763034,7.4937,False
0,3935,219,7.40553183478,7.4937,False
0,3936,219,7.42515725128,7.4937,False
0,3937,219,7.40596008552,7.4937,False
0,3938,219,7.41849899141,7.4937,False
0,3939,219,7.42992778998,7.4937,False
0,3940,219,7.43947647042,7.4937,False
0,3941,219,7.43918277278,7.4937,False
0,3942,219,7.41391840556,7.4937,False
0,3943,219,7.46114336926,7.4937,False
0,3944,219,7.43613856258,7.4937,False
0,3945,219,7.38699877792,7.4937,False
0,3946,219,7.43834129611,7.4937,False
0,3947,219,7.4279398662,7.4937,False
0,3948,219,7.43016668771,7.4937,False
0,3949,219,7.42013932385,7.4937,False
0,3950,219,7.42997947394,7.4937,False
0,3951,219,7.41132696225,7.4937,False
0,3952,219,7.42092950386,7.4937,False
0,3953,219,7.40649540925,7.4937,False
0,3954,219,7.45828784917,7.4937,False
0,3955,219,7.44877120837,7.4937,False
0,3956,219,7.40331553651,7.4937,False
0,3957,219,7.40815162366,7.4937,False
0,3958,219,7.42942798395,7.4937,False
0,3959,219,7.43170003311,7.4937,False
0,3960,219,7.41071865387,7.4937,False
0,3961,219,7.47124775081,7.4937,False
0,3962,219,7.42389922721,7.4937,False
0,3963,219,7.41699876879,7.4937,False
0,3964,219,7.42592808646,7.4937,False
0,3965,219,7.45929533203,7.4937,False
0,3966,219,7.44875201585,7.4937,False
0,3967,219,7.41123976327,7.4937,False
0,3968,219,7.40252718765,7.4937,False
0,3969,219,7.43572383896,7.4937,False
0,3970,219,7.43652346022,7.4937,False
0,3971,219,7.45936444686,7.4937,False
0,3972,219,7.42743370251,7.4937,False
0,3973,219,7.43307790794,7.4937,False
0,3974,219,7.38979736552,7.4937,False
0,3975,219,7.43382688197,7.4937,False
0,3976,219,7.45295567596,7.4937,False
0,3977,219,7.42398941969,7.4937,False
0,3978,219,7.44394969624,7.4937,False
0,3979,219,7.43690208183,7.4937,False
0,3980,219,7.4099106284,7.4937,False
0,3981,219,7.43712369128,7.4937,False
0,3982,219,7.41065580194,7.4937,False
0,3983,219,7.42063633283,7.4937,False
0,3984,219,7.50388362282,7.4937,True
0,3985,219,7.41721490652,7.4937,False
0,3986,219,7.44026912375,7.4937,False
0,3987,219,7.47823386148,7.4937,False
0,3988,219,7.43641217147,7.4937,False
0,3989,219,7.40037168818,7.4937,False
0,3990,219,7.43436748287,7.4937,False
0,3991,219,7.42143028713,7.4937,False
0,3992,219,7.40906597728,7.4937,False
0,3993,219,7.43820889903,7.4937,False
0,3994,219,7.41795024481,7.4937,False
0,3995,219,7.43697506121,7.4937,False
0,3996,219,7.40275435941,7.4937,False
0,3997,219,7.45507412794,7.4937,False
0,3998,219,7.40368956531,7.4937,False
0,3999,219,7.3968048384,7.4937,False
0,4000,219,7.42837215437,7.4937,False
0,4001,219,7.44656732271,7.4937,False
0,4002,219,7.43612903175,7.4937,False
0,4003,219,7.45954114334,7.4937,False
0,4004,219,7.45172376787,7.4937,False
0,4005,219,7.39576973234,7.4937,False
0,4006,219,7.39045054945,7.4937,False
0,4007,219,7.42275899037,7.4937,False
0,4008,219,7.43244401667,7.4937,False
0,4009,219,7.41732439655,7.4937,False
0,4010,219,7.42722992844,7.4937,False
0,4011,219,7.48222203035,7.4937,False
0,4012,219,7.4258342333,7.4937,False
0,4013,219,7.44563392596,7.4937,False
0,4014,219,7.45522351515,7.4937,False
0,4015,219,7.40350101309,7.4937,False
0,4016,219,7.41126741404,7.4937,False
0,4017,219,7.45235636366,7.4937,False
0,4018,219,7.42242856282,7.4937,False
0,4019,219,7.42434741717,7.4937,False
0,4020,219,7.35792482383,7.4937,False
0,4021,219,7.46160303935,7.4937,False
0,4022,219,7.42417703071,7.4937,False
0,4023,219,7.4365534271,7.4937,False
0,4024,219,7.43969649724,7.4937,False
0,4025,219,7.48061492665,7.4937,False
0,4026,219,7.39022200646,7.4937,False
0,4027,219,7.3991206941,7.4937,False
0,4028,219,7.4231131727,7.4937,False
0,4029,219,7.43343708745,7.4937,False
0,4030,219,7.40028343077,7.4937,False
0,4031,219,7.42244767865,7.4937,False
0,4032,219,7.40422817051,7.4937,False
0,4033,219,7.38933697489,7.4937,False
0,4034,219,7.41619394233,7.4937,False
0,4035,219,7.43117637275,7.4937,False
0,4036,219,7.43511787258,7.4937,False
0,4037,219,7.41234419109,7.4937,False
0,4038,219,7.44705681047,7.4937,False
0,4039,219,7.46179652421,7.4937,False
0,4040,219,7.42726532012,7.4937,False
0,4041,219,7.42172639866,7.4937,False
0,4042,219,7.40738592493,7.4937,False
0,4043,219,7.40772985125,7.4937,False
0,4044,219,7.36577353389,7.4937,False
0,4045,219,7.40738911028,7.4937,False
0,4046,219,7.47479258436,7.4937,False
0,4047,219,7.42424862023,7.4937,False
0,4048,219,7.47048775397,7.4937,False
0,4049,219,7.41262322226,7.4937,False
0,4050,219,7.41821196483,7.4937,False
0,4051,219,7.47057109466,7.4937,False
0,4052,219,7.42914183105,7.4937,False
0,4053,219,7.45310104687,7.4937,False
0,4054,219,7.38944366679,7.4937,False
0,4055,219,7.3726533555,7.4937,False
0,4056,219,7.42278447506,7.4937,False
0,4057,219,7.4085626139,7.4937,False
0,4058,219,7.41463830207,7.4937,False
0,4059,219,7.43344264889,7.4937,False
0,4060,219,7.37948869734,7.4937,False
0,4061,219,7.45880505961,7.4937,False
0,4062,219,7.40171858415,7.4937,False
0,4063,219,7.4526022943,7.4937,False
0,4064,219,7.43647206209,7.4937,False
0,4065,219,7.47913317551,7.4937,False
0,4066,219,7.43883484689,7.4937,False
0,4067,219,7.43920196112,7.4937,False
0,4068,219,7.43276979583,7.4937,False
0,4069,219,7.4336789377,7.4937,False
0,4070,219,7.43110889355,7.4937,False
0,4071,219,7.49749578155,7.4937,True
0,4072,219,7.40886211292,7.4937,False
0,4073,219,7.42151353879,7.4937,False
0,4074,219,7.45926954097,7.4937,False
0,4075,219,7.41517480095,7.4937,False
0,4076,219,7.46697308451,7.4937,False
0,4077,219,7.43616482703,7.4937,False
0,4078,219,7.40418414259,7.4937,False
0,4079,219,7.39026035754,7.4937,False
0,4080,219,7.42408924442,7.4937,False
0,4081,219,7.44504344358,7.4937,False
0,4082,220,7.48845487261,7.52703333333,False
0,4083,220,7.4289704002,7.52703333333,False
0,4084,220,7.49188267293,7.52703333333,False
0,4085,220,7.43428418379,7.52703333333,False
0,4086,220,7.43039020433,7.52703333333,False
0,4087,220,7.45506467111,7.52703333333,False
0,4088,220,7.52486821829,7.52703333333,False
0,4089,220,7.41550663159,7.52703333333,False
0,4090,220,7.45275350828,7.52703333333,False
0,4091,220,7.42668134461,7.52703333333,False
0,4092,220,7.44631504903,7.52703333333,False
0,4093,220,7.47339616899,7.52703333333,False
0,4094,220,7.45502505997,7.52703333333,False
0,4095,220,7.44386140491,7.52703333333,False
0,4096,221,7.45082842327,7.56036666667,False
0,4097,221,7.51959806249,7.56036666667,False
0,4098,221,7.47043122408,7.56036666667,False
0,4099,221,7.53639600243,7.56036666667,False
0,4100,221,7.48161714911,7.56036666667,False
0,4101,222,7.52471194009,7.5937,False
0,4102,222,7.50153088829,7.5937,False
0,4103,222,7.51733329603,7.5937,False
0,4104,222,7.5445842526,7.5937,False
0,4105,223,7.56752487881,7.62703333333,False
0,4106,223,7.56867641935,7.62703333333,False
0,4107,223,7.52147712796,7.62703333333,False
0,4108,223,7.56486094005,7.62703333333,False
0,4109,223,7.54790063107,7.62703333333,False
0,4110,224,7.5897991301,7.66036666667,False
0,4111,224,7.56457407174,7.66036666667,False
0,4112,224,7.60611314876,7.66036666667,False
0,4113,224,7.61741644172,7.66036666667,False
0,4114,224,7.5900915034,7.66036666667,False
0,4115,224,7.55777742109,7.66036666667,False
0,4116,224,7.60000432801,7.66036666667,False
0,4117,224,7.58250718027,7.66036666667,False
0,4118,224,7.59077557197,7.66036666667,False
0,4119,224,7.60687347625,7.66036666667,False
0,4120,224,7.56153093726,7.66036666667,False
0,4121,224,7.60697230629,7.66036666667,False
0,4122,224,7.61475896778,7.66036666667,False
0,4123,224,7.5789396966,7.66036666667,False
0,4124,224,7.58808854181,7.66036666667,False
0,4125,224,7.55769090076,7.66036666667,False
0,4126,224,7.58153058287,7.66036666667,False
0,4127,224,7.55372404539,7.66036666667,False
0,4128,224,7.55326461889,7.66036666667,False
0,4129,224,7.63460902203,7.66036666667,False
0,4130,224,7.64686801404,7.66036666667,False
0,4131,224,7.57543080495,7.66036666667,False
0,4132,224,7.59548208637,7.66036666667,False
0,4133,224,7.59822959244,7.66036666667,False
0,4134,224,7.58368604064,7.66036666667,False
0,4135,224,7.58404607388,7.66036666667,False
0,4136,224,7.56269532907,7.66036666667,False
0,4137,224,7.52497439856,7.66036666667,False
0,4138,224,7.61772946961,7.66036666667,False
0,4139,224,7.55235250607,7.66036666667,False
0,4140,224,7.5701706738,7.66036666667,False
0,4141,224,7.57827654113,7.66036666667,False
0,4142,224,7.62750587681,7.66036666667,False
0,4143,224,7.58615832956,7.66036666667,False
0,4144,224,7.64273250212,7.66036666667,False
0,4145,224,7.5667613169,7.66036666667,False
0,4146,224,7.56813285223,7.66036666667,False
0,4147,224,7.59820719943,7.66036666667,False
0,4148,224,7.6082205736,7.66036666667,False
0,4149,224,7.6131227784,7.66036666667,False
0,4150,224,7.58432964871,7.66036666667,False
0,4151,224,7.61612132202,7.66036666667,False
0,4152,224,7.61907142533,7.66036666667,False
0,4153,224,7.57415947274,7.66036666667,False
0,4154,224,7.59414917774,7.66036666667,False
0,4155,224,7.61533990041,7.66036666667,False
0,4156,224,7.57560358329,7.66036666667,False
0,4157,224,7.62614893875,7.66036666667,False
0,4158,224,7.5662099777,7.66036666667,False
0,4159,224,7.59924982263,7.66036666667,False
0,4160,224,7.59327476519,7.66036666667,False
0,4161,224,7.58183976586,7.66036666667,False
0,4162,224,7.60742775568,7.66036666667,False
0,4163,224,7.57937119386,7.66036666667,False
0,4164,224,7.57403024707,7.66036666667,False
0,4165,224,7.57793573975,7.66036666667,False
0,4166,224,7.55231740285,7.66036666667,False
0,4167,224,7.56158934261,7.66036666667,False
0,4168,224,7.59917637678,7.66036666667,False
0,4169,224,7.60226892499,7.66036666667,False
0,4170,224,7.5721131533,7.66036666667,False
0,4171,224,7.63330332433,7.66036666667,False
0,4172,224,7.58964909973,7.66036666667,False
0,4173,224,7.55224316539,7.66036666667,False
0,4174,224,7.62051528953,7.66036666667,False
0,4175,224,7.61480518831,7.66036666667,False
0,4176,224,7.55674366665,7.66036666667,False
0,4177,224,7.57610730777,7.66036666667,False
0,4178,224,7.6209485512,7.66036666667,False
0,4179,224,7.60664069165,7.66036666667,False
0,4180,224,7.56171513237,7.66036666667,False
0,4181,224,7.57750511878,7.66036666667,False
0,4182,224,7.651236948,7.66036666667,False
0,4183,224,7.59410713624,7.66036666667,False
0,4184,224,7.62475903084,7.66036666667,False
0,4185,224,7.5645720622,7.66036666667,False
0,4186,224,7.64253336139,7.66036666667,False
0,4187,224,7.59163058631,7.66036666667,False
0,4188,224,7.55145889141,7.66036666667,False
0,4189,224,7.64351891034,7.66036666667,False
0,4190,224,7.59700522179,7.66036666667,False
0,4191,224,7.602907887,7.66036666667,False
0,4192,224,7.60772339433,7.66036666667,False
0,4193,224,7.61574486208,7.66036666667,False
0,4194,224,7.61870837003,7.66036666667,False
0,4195,224,7.5736954384,7.66036666667,False
0,4196,224,7.60963183311,7.66036666667,False
0,4197,224,7.55745030929,7.66036666667,False
0,4198,224,7.61937976696,7.66036666667,False
0,4199,224,7.63281496294,7.66036666667,False
0,4200,224,7.62175272318,7.66036666667,False
0,4201,224,7.58008773377,7.66036666667,False
0,4202,224,7.59791830756,7.66036666667,False
0,4203,224,7.58616784115,7.66036666667,False
0,4204,224,7.56104105345,7.66036666667,False
0,4205,224,7.57541180893,7.66036666667,False
0,4206,224,7.59299148307,7.66036666667,False
0,4207,224,7.62420384439,7.66036666667,False
0,4208,224,7.54183304655,7.66036666667,False
0,4209,224,7.59774546129,7.66036666667,False
0,4210,224,7.57249355214,7.66036666667,False
0,4211,224,7.59229759334,7.66036666667,False
0,4212,224,7.60225569759,7.66036666667,False
0,4213,224,7.61600212959,7.66036666667,False
0,4214,224,7.5803500072,7.66036666667,False
0,4215,224,7.58834371911,7.66036666667,False
0,4216,224,7.60713343112,7.66036666667,False
0,4217,224,7.60295286765,7.66036666667,False
0,4218,224,7.62520492332,7.66036666667,False
0,4219,224,7.59266399509,7.66036666667,False
0,4220,224,7.53074663077,7.66036666667,False
0,4221,224,7.5708591692,7.66036666667,False
0,4222,224,7.58628019272,7.66036666667,False
0,4223,224,7.59017037377,7.66036666667,False
0,4224,224,7.59406210132,7.66036666667,False
0,4225,224,7.60991129684,7.66036666667,False
0,4226,224,7.61591704776,7.66036666667,False
0,4227,224,7.5957146764,7.66036666667,False
0,4228,224,7.57317807478,7.66036666667,False
0,4229,224,7.63740832824,7.66036666667,False
0,4230,224,7.56633277539,7.66036666667,False
0,4231,224,7.60373224245,7.66036666667,False
0,4232,224,7.61027804235,7.66036666667,False
0,4233,224,7.55572650681,7.66036666667,False
0,4234,224,7.59545874908,7.66036666667,False
0,4235,224,7.62411498022,7.66036666667,False
0,4236,224,7.554970059,7.66036666667,False
0,4237,224,7.55733304862,7.66036666667,False
0,4238,224,7.57930925985,7.66036666667,False
0,4239,224,7.57182489675,7.66036666667,False
0,4240,224,7.59533270609,7.66036666667,False
0,4241,224,7.6472991966,7.66036666667,False
0,4242,224,7.58021534727,7.66036666667,False
0,4243,224,7.62279105661,7.66036666667,False
0,4244,224,7.61211343577,7.66036666667,False
0,4245,224,7.55052813872,7.66036666667,False
0,4246,224,7.61172118204,7.66036666667,False
0,4247,224,7.58004331818,7.66036666667,False
0,4248,224,7.5976271825,7.66036666667,False
0,4249,224,7.60716154315,7.66036666667,False
0,4250,224,7.5830767547,7.66036666667,False
0,4251,224,7.5898819811,7.66036666667,False
0,4252,224,7.55302847386,7.66036666667,False
0,4253,224,7.59358485531,7.66036666667,False
0,4254,224,7.61993128372,7.66036666667,False
0,4255,224,7.54324594319,7.66036666667,False
0,4256,224,7.57573002483,7.66036666667,False
0,4257,224,7.63458170264,7.66036666667,False
0,4258,224,7.5844705193,7.66036666667,False
0,4259,224,7.57584492315,7.66036666667,False
0,4260,224,7.5850855981,7.66036666667,False
0,4261,224,7.60480593786,7.66036666667,False
0,4262,224,7.56763921275,7.66036666667,False
0,4263,224,7.57651656823,7.66036666667,False
0,4264,224,7.55663469211,7.66036666667,False
0,4265,224,7.61409288411,7.66036666667,False
0,4266,224,7.55634384337,7.66036666667,False
0,4267,224,7.598361991,7.66036666667,False
0,4268,224,7.62472383625,7.66036666667,False
0,4269,224,7.59509112954,7.66036666667,False
0,4270,224,7.59215097837,7.66036666667,False
0,4271,224,7.66060996737,7.66036666667,True
0,4272,224,7.61614913406,7.66036666667,False
0,4273,224,7.62427898221,7.66036666667,False
0,4274,224,7.58478570298,7.66036666667,False
0,4275,224,7.60266250512,7.66036666667,False
0,4276,224,7.58988390297,7.66036666667,False
0,4277,224,7.55247017731,7.66036666667,False
0,4278,224,7.61870502335,7.66036666667,False
0,4279,224,7.56428751461,7.66036666667,False
0,4280,224,7.61509429898,7.66036666667,False
0,4281,224,7.53532298384,7.66036666667,False
0,4282,224,7.57453488543,7.66036666667,False
0,4283,224,7.5781700853,7.66036666667,False
0,4284,225,7.64113638138,7.6937,False
0,4285,225,7.62873795593,7.6937,False
0,4286,225,7.67200107409,7.6937,False
0,4287,225,7.61271766267,7.6937,False
0,4288,225,7.62369856677,7.6937,False
0,4289,225,7.64444579636,7.6937,False
0,4290,225,7.65246609434,7.6937,False
0,4291,225,7.67687586338,7.6937,False
0,4292,225,7.59061500887,7.6937,False
0,4293,225,7.63971183611,7.6937,False
0,4294,225,7.6031788001,7.6937,False
0,4295,225,7.59627336897,7.6937,False
0,4296,226,7.65700736593,7.72703333333,False
0,4297,226,7.66881108649,7.72703333333,False
0,4298,226,7.67424271782,7.72703333333,False
0,4299,226,7.65132242107,7.72703333333,False
0,4300,226,7.65413311122,7.72703333333,False
0,4301,226,7.62186658547,7.72703333333,False
0,4302,227,7.71708944754,7.76036666667,False
0,4303,227,7.68751668348,7.76036666667,False
0,4304,227,7.69116052931,7.76036666667,False
0,4305,227,7.66426648049,7.76036666667,False
0,4306,227,7.72247422355,7.76036666667,False
0,4307,228,7.74622660351,7.7937,False
0,4308,228,7.70487497834,7.7937,False
0,4309,228,7.69060841008,7.7937,False
0,4310,228,7.74191912057,7.7937,False
0,4311,228,7.69109801909,7.7937,False
0,4312,228,7.72221225271,7.7937,False
0,4313,228,7.70972302697,7.7937,False
0,4314,228,7.7266133233,7.7937,False
0,4315,229,7.75051691303,7.82703333333,False
0,4316,229,7.74947198985,7.82703333333,False
0,4317,229,7.76313266363,7.82703333333,False
0,4318,229,7.75556988625,7.82703333333,False
0,4319,229,7.7798234966,7.82703333333,False
0,4320,229,7.78994141649,7.82703333333,False
0,4321,229,7.75034952449,7.82703333333,False
0,4322,229,7.77728193521,7.82703333333,False
0,4323,229,7.7618630629,7.82703333333,False
0,4324,229,7.76378509168,7.82703333333,False
0,4325,229,7.77662955154,7.82703333333,False
0,4326,229,7.77030263488,7.82703333333,False
0,4327,229,7.74234824734,7.82703333333,False
0,4328,229,7.77644588151,7.82703333333,False
0,4329,229,7.76273438571,7.82703333333,False
0,4330,229,7.77465522639,7.82703333333,False
0,4331,229,7.72603846673,7.82703333333,False
0,4332,229,7.76579252707,7.82703333333,False
0,4333,229,7.79169394988,7.82703333333,False
0,4334,229,7.74994834203,7.82703333333,False
0,4335,229,7.71089269574,7.82703333333,False
0,4336,229,7.75124302688,7.82703333333,False
0,4337,229,7.79478058141,7.82703333333,False
0,4338,229,7.76946694662,7.82703333333,False
0,4339,229,7.7611597212,7.82703333333,False
0,4340,229,7.72999778515,7.82703333333,False
0,4341,229,7.80093397493,7.82703333333,False
0,4342,229,7.72763313943,7.82703333333,False
0,4343,229,7.76889969472,7.82703333333,False
0,4344,229,7.79136570609,7.82703333333,False
0,4345,229,7.73457109271,7.82703333333,False
0,4346,229,7.70189259924,7.82703333333,False
0,4347,229,7.71195668459,7.82703333333,False
0,4348,229,7.74220964101,7.82703333333,False
0,4349,229,7.74163753927,7.82703333333,False
0,4350,229,7.73174044167,7.82703333333,False
0,4351,229,7.74144196902,7.82703333333,False
0,4352,229,7.76178203967,7.82703333333,False
0,4353,229,7.76115888965,7.82703333333,False
0,4354,229,7.73359048724,7.82703333333,False
0,4355,229,7.76448730206,7.82703333333,False
0,4356,229,7.77808433115,7.82703333333,False
0,4357,229,7.76144387373,7.82703333333,False
0,4358,229,7.7561092175,7.82703333333,False
0,4359,229,7.78265961651,7.82703333333,False
0,4360,229,7.74911523999,7.82703333333,False
0,4361,229,7.73038188553,7.82703333333,False
0,4362,229,7.76002867721,7.82703333333,False
0,4363,229,7.72308231403,7.82703333333,False
0,4364,229,7.75297512391,7.82703333333,False
0,4365,229,7.73191603081,7.82703333333,False
0,4366,229,7.77438837964,7.82703333333,False
0,4367,229,7.73511462128,7.82703333333,False
0,4368,229,7.73837991483,7.82703333333,False
0,4369,229,7.76784206368,7.82703333333,False
0,4370,229,7.73717898436,7.82703333333,False
0,4371,229,7.80407918939,7.82703333333,False
0,4372,229,7.78850812366,7.82703333333,False
0,4373,229,7.79870278285,7.82703333333,False
0,4374,229,7.72777534528,7.82703333333,False
0,4375,229,7.75887275511,7.82703333333,False
0,4376,229,7.77216324666,7.82703333333,False
0,4377,229,7.77046891268,7.82703333333,False
0,4378,229,7.74116942109,7.82703333333,False
0,4379,229,7.75652378266,7.82703333333,False
0,4380,229,7.75278886586,7.82703333333,False
0,4381,229,7.72496786499,7.82703333333,False
0,4382,229,7.72194298154,7.82703333333,False
0,4383,229,7.74437623457,7.82703333333,False
0,4384,229,7.81361970508,7.82703333333,False
0,4385,229,7.7425241627,7.82703333333,False
0,4386,229,7.75682838257,7.82703333333,False
0,4387,229,7.77222587746,7.82703333333,False
0,4388,229,7.7564409549,7.82703333333,False
0,4389,229,7.79607701299,7.82703333333,False
0,4390,229,7.78548029101,7.82703333333,False
0,4391,229,7.71439047741,7.82703333333,False
0,4392,229,7.75547553028,7.82703333333,False
0,4393,229,7.78895648653,7.82703333333,False
0,4394,229,7.73311134635,7.82703333333,False
0,4395,229,7.78929611671,7.82703333333,False
0,4396,229,7.77550274585,7.82703333333,False
0,4397,229,7.72626656018,7.82703333333,False
0,4398,229,7.77574995574,7.82703333333,False
0,4399,229,7.77003322279,7.82703333333,False
0,4400,229,7.69688026053,7.82703333333,False
0,4401,229,7.74915581092,7.82703333333,False
0,4402,229,7.68978713117,7.82703333333,False
0,4403,229,7.7656724232,7.82703333333,False
0,4404,229,7.75722736146,7.82703333333,False
0,4405,229,7.75009154471,7.82703333333,False
0,4406,229,7.76357349307,7.82703333333,False
0,4407,229,7.75457036869,7.82703333333,False
0,4408,229,7.75202984742,7.82703333333,False
0,4409,229,7.77935706477,7.82703333333,False
0,4410,229,7.73538963508,7.82703333333,False
0,4411,229,7.73669622187,7.82703333333,False
0,4412,229,7.78070586172,7.82703333333,False
0,4413,229,7.7785172012,7.82703333333,False
0,4414,229,7.73023403971,7.82703333333,False
0,4415,229,7.73345106822,7.82703333333,False
0,4416,229,7.78211815656,7.82703333333,False
0,4417,229,7.72783963372,7.82703333333,False
0,4418,229,7.71997665844,7.82703333333,False
0,4419,229,7.75146248924,7.82703333333,False
0,4420,229,7.75424499844,7.82703333333,False
0,4421,229,7.78603834988,7.82703333333,False
0,4422,229,7.77750834398,7.82703333333,False
0,4423,229,7.77465327659,7.82703333333,False
0,4424,229,7.75212969068,7.82703333333,False
0,4425,229,7.77977629001,7.82703333333,False
0,4426,229,7.73167901994,7.82703333333,False
0,4427,229,7.79200019587,7.82703333333,False
0,4428,229,7.72516043497,7.82703333333,False
0,4429,229,7.73827309661,7.82703333333,False
0,4430,229,7.76443243129,7.82703333333,False
0,4431,229,7.77459908641,7.82703333333,False
0,4432,229,7.78666409952,7.82703333333,False
0,4433,229,7.71852013173,7.82703333333,False
0,4434,229,7.77854195732,7.82703333333,False
0,4435,229,7.74398892352,7.82703333333,False
0,4436,229,7.75196341455,7.82703333333,False
0,4437,229,7.75153825189,7.82703333333,False
0,4438,229,7.73015512862,7.82703333333,False
0,4439,229,7.75834963703,7.82703333333,False
0,4440,229,7.75653600382,7.82703333333,False
0,4441,229,7.76743631193,7.82703333333,False
0,4442,229,7.73908243038,7.82703333333,False
0,4443,229,7.76135479519,7.82703333333,False
0,4444,229,7.74651220999,7.82703333333,False
0,4445,229,7.73663209653,7.82703333333,False
0,4446,229,7.72388055348,7.82703333333,False
0,4447,229,7.76751797795,7.82703333333,False
0,4448,229,7.71694682284,7.82703333333,False
0,4449,229,7.74092632369,7.82703333333,False
0,4450,229,7.77233637094,7.82703333333,False
0,4451,229,7.8045034253,7.82703333333,False
0,4452,229,7.80599934709,7.82703333333,False
0,4453,229,7.7298193404,7.82703333333,False
0,4454,229,7.76666748122,7.82703333333,False
0,4455,229,7.78448259364,7.82703333333,False
0,4456,229,7.72699740741,7.82703333333,False
0,4457,229,7.75662794576,7.82703333333,False
0,4458,229,7.75150894644,7.82703333333,False
0,4459,229,7.73865030377,7.82703333333,False
0,4460,229,7.7966768464,7.82703333333,False
0,4461,229,7.76219770882,7.82703333333,False
0,4462,229,7.75813994225,7.82703333333,False
0,4463,229,7.77431947383,7.82703333333,False
0,4464,229,7.75780972966,7.82703333333,False
0,4465,229,7.79202138537,7.82703333333,False
0,4466,229,7.73503964729,7.82703333333,False
0,4467,229,7.79778988946,7.82703333333,False
0,4468,229,7.75911074681,7.82703333333,False
0,4469,229,7.77485659857,7.82703333333,False
0,4470,229,7.74947691161,7.82703333333,False
0,4471,229,7.78003316361,7.82703333333,False
0,4472,229,7.77261481076,7.82703333333,False
0,4473,229,7.7398885811,7.82703333333,False
0,4474,229,7.74441065254,7.82703333333,False
0,4475,229,7.73687942203,7.82703333333,False
0,4476,229,7.7657462114,7.82703333333,False
0,4477,229,7.79865355062,7.82703333333,False
0,4478,229,7.77308603552,7.82703333333,False
0,4479,229,7.76893221153,7.82703333333,False
0,4480,229,7.7462789893,7.82703333333,False
0,4481,229,7.75096437101,7.82703333333,False
0,4482,229,7.70582552912,7.82703333333,False
0,4483,229,7.75301244009,7.82703333333,False
0,4484,229,7.70113192858,7.82703333333,False
0,4485,229,7.76473646949,7.82703333333,False
0,4486,229,7.758405598,7.82703333333,False
0,4487,229,7.72281262675,7.82703333333,False
0,4488,229,7.77349541305,7.82703333333,False
0,4489,229,7.71207998073,7.82703333333,False
0,4490,229,7.78006476201,7.82703333333,False
0,4491,229,7.77080724777,7.82703333333,False
0,4492,229,7.76368415723,7.82703333333,False
0,4493,229,7.77535771996,7.82703333333,False
0,4494,229,7.73011059697,7.82703333333,False
0,4495,230,7.77163705181,7.86036666667,False
0,4496,230,7.79251337168,7.86036666667,False
0,4497,230,7.7641969453,7.86036666667,False
0,4498,230,7.77279221464,7.86036666667,False
0,4499,230,7.78485335101,7.86036666667,False
0,4500,230,7.80434583911,7.86036666667,False
0,4501,230,7.77304947848,7.86036666667,False
0,4502,230,7.77837679975,7.86036666667,False
0,4503,230,7.79784575585,7.86036666667,False
0,4504,230,7.80306520502,7.86036666667,False
0,4505,230,7.78598068636,7.86036666667,False
0,4506,230,7.78332315874,7.86036666667,False
0,4507,231,7.83652328788,7.8937,False
0,4508,231,7.78756757539,7.8937,False
0,4509,231,7.84625588814,7.8937,False
0,4510,231,7.83286647072,7.8937,False
0,4511,231,7.84377073043,7.8937,False
0,4512,231,7.85905665745,7.8937,False
0,4513,231,7.82361928718,7.8937,False
0,4514,231,7.74458008922,7.8937,False
0,4515,231,7.82064215868,7.8937,False
0,4516,231,7.82748414886,7.8937,False
0,4517,232,7.8697355446,7.92703333333,False
0,4518,232,7.84282304712,7.92703333333,False
0,4519,232,7.84675105397,7.92703333333,False
0,4520,232,7.86474852177,7.92703333333,False
0,4521,232,7.88680365486,7.92703333333,False
0,4522,233,7.8588231787,7.96036666667,False
0,4523,233,7.87262193842,7.96036666667,False
0,4524,233,7.89612081286,7.96036666667,False
0,4525,233,7.87870401733,7.96036666667,False
0,4526,233,7.9158670385,7.96036666667,False
0,4527,234,7.95616597527,7.9937,False
0,4528,234,7.96524732036,7.9937,False
0,4529,234,7.94148729283,7.9937,False
0,4530,234,7.89186298768,7.9937,False
0,4531,234,7.94000411271,7.9937,False
0,4532,234,7.90954642771,7.9937,False
0,4533,234,7.92618944055,7.9937,False
0,4534,234,7.92672232996,7.9937,False
0,4535,234,7.92767251137,7.9937,False
0,4536,234,7.94408572698,7.9937,False
0,4537,234,7.88334694107,7.9937,False
0,4538,234,7.93632748583,7.9937,False
0,4539,234,7.94339872462,7.9937,False
0,4540,234,7.92181766061,7.9937,False
0,4541,234,7.88129111958,7.9937,False
0,4542,234,7.96876533964,7.9937,False
0,4543,234,7.91238744363,7.9937,False
0,4544,234,7.95286774417,7.9937,False
0,4545,234,7.95089947661,7.9937,False
0,4546,234,7.93579648525,7.9937,False
0,4547,234,7.88218560642,7.9937,False
0,4548,234,7.95210619255,7.9937,False
0,4549,234,7.97923338521,7.9937,False
0,4550,234,7.91100073541,7.9937,False
0,4551,234,7.9096318063,7.9937,False
0,4552,234,7.91463859151,7.9937,False
0,4553,234,7.94199486641,7.9937,False
0,4554,234,7.89218163565,7.9937,False
0,4555,234,7.90910857405,7.9937,False
0,4556,234,7.95269360694,7.9937,False
0,4557,234,7.87118388432,7.9937,False
0,4558,234,7.92961778219,7.9937,False
0,4559,234,7.92041894193,7.9937,False
0,4560,234,7.93593273427,7.9937,False
0,4561,234,7.92047732041,7.9937,False
0,4562,234,7.92959988587,7.9937,False
0,4563,234,7.9638062895,7.9937,False
0,4564,234,7.94341897215,7.9937,False
0,4565,234,7.9527878977,7.9937,False
0,4566,234,7.90063056841,7.9937,False
0,4567,234,7.89165348764,7.9937,False
0,4568,234,7.89236796683,7.9937,False
0,4569,234,7.90823993484,7.9937,False
0,4570,234,7.94466031004,7.9937,False
0,4571,234,7.91396703869,7.9937,False
0,4572,234,7.93142509617,7.9937,False
0,4573,234,7.93026024326,7.9937,False
0,4574,234,7.91157610518,7.9937,False
0,4575,234,7.91436604584,7.9937,False
0,4576,234,7.91730820156,7.9937,False
0,4577,234,7.91399521992,7.9937,False
0,4578,234,7.93354095509,7.9937,False
0,4579,234,7.92084064358,7.9937,False
0,4580,234,7.94665573671,7.9937,False
0,4581,234,7.90512589501,7.9937,False
0,4582,234,7.91376424004,7.9937,False
0,4583,234,7.90616432432,7.9937,False
0,4584,234,7.95021990524,7.9937,False
0,4585,234,7.96591194601,7.9937,False
0,4586,234,7.90012540458,7.9937,False
0,4587,234,7.99587278758,7.9937,True
0,4588,234,7.96868417983,7.9937,False
0,4589,234,7.96692754671,7.9937,False
0,4590,234,7.92306161422,7.9937,False
0,4591,234,7.91378580749,7.9937,False
0,4592,234,7.94340653762,7.9937,False
0,4593,234,7.93899604883,7.9937,False
0,4594,234,7.87209651523,7.9937,False
0,4595,234,7.93348224555,7.9937,False
0,4596,234,7.94521306142,7.9937,False
0,4597,234,7.96124241697,7.9937,False
0,4598,234,7.90321934032,7.9937,False
0,4599,234,7.92785015872,7.9937,False
0,4600,234,7.90387252375,7.9937,False
0,4601,234,7.93791756851,7.9937,False
0,4602,234,7.9054717233,7.9937,False
0,4603,234,7.93085833341,7.9937,False
0,4604,234,7.94855788967,7.9937,False
0,4605,234,7.9040072144,7.9937,False
0,4606,234,7.92764950789,7.9937,False
0,4607,234,7.95860182898,7.9937,False
0,4608,234,7.93172156135,7.9937,False
0,4609,234,7.92037272272,7.9937,False
0,4610,234,7.93180776834,7.9937,False
0,4611,234,7.93434544749,7.9937,False
0,4612,234,7.92324018104,7.9937,False
0,4613,234,7.92294621213,7.9937,False
0,4614,234,7.92719997794,7.9937,False
0,4615,234,7.93730686358,7.9937,False
0,4616,234,7.91304981555,7.9937,False
0,4617,234,7.97669902185,7.9937,False
0,4618,234,7.90417351146,7.9937,False
0,4619,234,7.94135504952,7.9937,False
0,4620,234,7.93131782822,7.9937,False
0,4621,234,7.92183315144,7.9937,False
0,4622,234,7.92443310891,7.9937,False
0,4623,234,7.91352848587,7.9937,False
0,4624,234,7.95440143981,7.9937,False
0,4625,234,7.93468607218,7.9937,False
0,4626,234,7.95217650422,7.9937,False
0,4627,234,7.91822802424,7.9937,False
0,4628,234,7.90411548431,7.9937,False
0,4629,234,7.92790470859,7.9937,False
0,4630,234,7.91796951597,7.9937,False
0,4631,234,7.92815378521,7.9937,False
0,4632,234,7.92343704825,7.9937,False
0,4633,234,7.90654779729,7.9937,False
0,4634,234,7.91329299287,7.9937,False
0,4635,234,7.90777548685,7.9937,False
0,4636,234,7.97150730141,7.9937,False
0,4637,234,7.88891238269,7.9937,False
0,4638,234,7.90410432941,7.9937,False
0,4639,234,7.90587505031,7.9937,False
0,4640,234,7.92100553836,7.9937,False
0,4641,234,7.91261484467,7.9937,False
0,4642,234,7.89230465129,7.9937,False
0,4643,234,7.86913141614,7.9937,False
0,4644,234,7.91366707689,7.9937,False
0,4645,234,7.94228207506,7.9937,False
0,4646,234,7.94988331931,7.9937,False
0,4647,234,7.95078422414,7.9937,False
0,4648,234,7.86119460658,7.9937,False
0,4649,234,7.91286257919,7.9937,False
0,4650,234,7.94092341567,7.9937,False
0,4651,234,7.90037266638,7.9937,False
0,4652,234,7.9075729986,7.9937,False
0,4653,234,7.93630539951,7.9937,False
0,4654,234,7.91681659243,7.9937,False
0,4655,234,7.94340330278,7.9937,False
0,4656,234,7.94829914718,7.9937,False
0,4657,234,7.931879044,7.9937,False
0,4658,234,7.94932538308,7.9937,False
0,4659,234,7.94954299507,7.9937,False
0,4660,234,7.90064860742,7.9937,False
0,4661,234,7.92762025907,7.9937,False
0,4662,234,7.9625902912,7.9937,False
0,4663,234,7.8951408178,7.9937,False
0,4664,234,7.91915047172,7.9937,False
0,4665,234,7.89550174372,7.9937,False
0,4666,234,7.95984414343,7.9937,False
0,4667,234,7.91113952251,7.9937,False
0,4668,234,7.93331285091,7.9937,False
0,4669,234,7.92083088254,7.9937,False
0,4670,234,7.92640585407,7.9937,False
0,4671,234,7.93464073818,7.9937,False
0,4672,234,7.87248907859,7.9937,False
0,4673,234,7.9264068059,7.9937,False
0,4674,234,7.94359866202,7.9937,False
0,4675,234,7.95279784418,7.9937,False
0,4676,234,7.89997889335,7.9937,False
0,4677,234,7.89035223977,7.9937,False
0,4678,234,7.89471506809,7.9937,False
0,4679,234,7.98006259019,7.9937,False
0,4680,234,7.94245009338,7.9937,False
0,4681,234,7.935002464,7.9937,False
0,4682,234,7.93006507497,7.9937,False
0,4683,234,7.92929505736,7.9937,False
0,4684,234,7.93740358988,7.9937,False
0,4685,234,7.9172033043,7.9937,False
0,4686,234,7.93279263115,7.9937,False
0,4687,234,7.87914834568,7.9937,False
0,4688,234,7.92511888002,7.9937,False
0,4689,234,7.9429902425,7.9937,False
0,4690,234,7.94314396304,7.9937,False
0,4691,234,7.92601978711,7.9937,False
0,4692,234,7.91057491097,7.9937,False
0,4693,234,7.9445973503,7.9937,False
0,4694,234,7.93750063013,7.9937,False
0,4695,234,7.92650493486,7.9937,False
0,4696,234,7.89696583595,7.9937,False
0,4697,234,7.94293877809,7.9937,False
0,4698,234,7.9483261111,7.9937,False
0,4699,234,7.94708325396,7.9937,False
0,4700,234,7.96354007397,7.9937,False
0,4701,234,7.90739422613,7.9937,False
0,4702,234,7.96385786522,7.9937,False
0,4703,234,7.86857302899,7.9937,False
0,4704,234,7.90749016115,7.9937,False
0,4705,234,7.90654013819,7.9937,False
0,4706,234,7.91811135931,7.9937,False
0,4707,234,7.92876961881,7.9937,False
0,4708,234,7.9163069246,7.9937,False
0,4709,234,7.92684396971,7.9937,False
0,4710,234,7.92743833316,7.9937,False
0,4711,234,7.93485976385,7.9937,False
0,4712,234,7.94072452192,7.9937,False
0,4713,234,7.91684499042,7.9937,False
0,4714,234,7.95395447081,7.9937,False
0,4715,235,7.95120951904,8.02703333333,False
0,4716,235,7.94553257857,8.02703333333,False
0,4717,235,7.96222999823,8.02703333333,False
0,4718,235,7.9477536714,8.02703333333,False
0,4719,235,7.94638075746,8.02703333333,False
0,4720,235,7.92332133234,8.02703333333,False
0,4721,235,7.98812087937,8.02703333333,False
0,4722,235,7.98263299871,8.02703333333,False
0,4723,235,7.96406036322,8.02703333333,False
0,4724,235,8.00236433776,8.02703333333,False
0,4725,235,7.93956050962,8.02703333333,False
0,4726,235,7.95699747383,8.02703333333,False
0,4727,236,7.97973098552,8.06036666667,False
0,4728,236,7.9922846258,8.06036666667,False
0,4729,236,8.01853382587,8.06036666667,False
0,4730,236,7.98435772628,8.06036666667,False
0,4731,236,7.99212076806,8.06036666667,False
0,4732,236,8.00181790909,8.06036666667,False
0,4733,237,8.00102651012,8.0937,False
0,4734,237,8.05666040284,8.0937,False
0,4735,237,8.04940806018,8.0937,False
0,4736,237,7.99072977971,8.0937,False
0,4737,237,8.03758484611,8.0937,False
0,4738,238,8.07782643458,8.12703333333,False
0,4739,238,8.08261595225,8.12703333333,False
0,4740,238,8.02496969353,8.12703333333,False
0,4741,238,8.05563519796,8.12703333333,False
0,4742,238,8.11235203557,8.12703333333,False
0,4743,238,8.03974524856,8.12703333333,False
0,4744,239,8.08774528276,8.16036666667,False
0,4745,239,8.07648514449,8.16036666667,False
0,4746,239,8.0643167154,8.16036666667,False
0,4747,239,8.05905594201,8.16036666667,False
0,4748,239,8.08039042274,8.16036666667,False
0,4749,239,8.05603583376,8.16036666667,False
0,4750,239,8.09745087788,8.16036666667,False
0,4751,239,8.09931707684,8.16036666667,False
0,4752,239,8.08677564803,8.16036666667,False
0,4753,239,8.07850686599,8.16036666667,False
0,4754,239,8.05484682718,8.16036666667,False
0,4755,239,8.10363452859,8.16036666667,False
0,4756,239,8.1033426852,8.16036666667,False
0,4757,239,8.07771742822,8.16036666667,False
0,4758,239,8.1105912967,8.16036666667,False
0,4759,239,8.04844710325,8.16036666667,False
0,4760,239,8.10481615947,8.16036666667,False
0,4761,239,8.06877673629,8.16036666667,False
0,4762,239,8.11639017988,8.16036666667,False
0,4763,239,8.12285731618,8.16036666667,False
0,4764,239,8.07406453348,8.16036666667,False
0,4765,239,8.11257823567,8.16036666667,False
0,4766,239,8.0616306974,8.16036666667,False
0,4767,239,8.1305022014,8.16036666667,False
0,4768,239,8.09685729736,8.16036666667,False
0,4769,239,8.07207582034,8.16036666667,False
0,4770,239,8.10757593427,8.16036666667,False
0,4771,239,8.1223187975,8.16036666667,False
0,4772,239,8.09469141885,8.16036666667,False
0,4773,239,8.07061497482,8.16036666667,False
0,4774,239,8.10109691128,8.16036666667,False
0,4775,239,8.06900384813,8.16036666667,False
0,4776,239,8.13501953295,8.16036666667,False
0,4777,239,8.1217544642,8.16036666667,False
0,4778,239,8.10800295566,8.16036666667,False
0,4779,239,8.08375331355,8.16036666667,False
0,4780,239,8.05167232786,8.16036666667,False
0,4781,239,8.08103198956,8.16036666667,False
0,4782,239,8.11052790581,8.16036666667,False
0,4783,239,8.06128887649,8.16036666667,False
0,4784,239,8.08223676624,8.16036666667,False
0,4785,239,8.0871527538,8.16036666667,False
0,4786,239,8.04024524736,8.16036666667,False
0,4787,239,8.14942290805,8.16036666667,False
0,4788,239,8.08873172866,8.16036666667,False
0,4789,239,8.04637596964,8.16036666667,False
0,4790,239,8.05871418987,8.16036666667,False
0,4791,239,8.1316787421,8.16036666667,False
0,4792,239,8.11492921671,8.16036666667,False
0,4793,239,8.07028131617,8.16036666667,False
0,4794,239,8.07445340554,8.16036666667,False
0,4795,239,8.13773833627,8.16036666667,False
0,4796,239,8.10419695521,8.16036666667,False
0,4797,239,8.0769054068,8.16036666667,False
0,4798,239,8.09763469355,8.16036666667,False
0,4799,239,8.06900941757,8.16036666667,False
0,4800,239,8.06861843566,8.16036666667,False
0,4801,239,8.12029354602,8.16036666667,False
0,4802,239,8.0440154099,8.16036666667,False
0,4803,239,8.08646115486,8.16036666667,False
0,4804,239,8.097027288,8.16036666667,False
0,4805,239,8.11842154625,8.16036666667,False
0,4806,239,8.08101083887,8.16036666667,False
0,4807,239,8.0801394863,8.16036666667,False
0,4808,239,8.06942073445,8.16036666667,False
0,4809,239,8.06695532639,8.16036666667,False
0,4810,239,8.0446155915,8.16036666667,False
0,4811,239,8.07057214282,8.16036666667,False
0,4812,239,8.09598278593,8.16036666667,False
0,4813,239,8.08615786881,8.16036666667,False
0,4814,239,8.09246952348,8.16036666667,False
0,4815,239,8.08223973871,8.16036666667,False
0,4816,239,8.1165187513,8.16036666667,False
0,4817,239,8.08613879414,8.16036666667,False
0,4818,239,8.1279783484,8.16036666667,False
0,4819,239,8.11725111767,8.16036666667,False
0,4820,239,8.0528253321,8.16036666667,False
0,4821,239,8.11821468871,8.16036666667,False
0,4822,239,8.06271077168,8.16036666667,False
0,4823,239,8.14082394933,8.16036666667,False
0,4824,239,8.07418827007,8.16036666667,False
0,4825,239,8.13123103192,8.16036666667,False
0,4826,239,8.10307068366,8.16036666667,False
0,4827,239,8.10222737568,8.16036666667,False
0,4828,239,8.12092351642,8.16036666667,False
0,4829,239,8.13126065596,8.16036666667,False
0,4830,239,8.06964147103,8.16036666667,False
0,4831,239,8.09712252545,8.16036666667,False
0,4832,239,8.10856523671,8.16036666667,False
0,4833,239,8.06745731971,8.16036666667,False
0,4834,239,8.11583264724,8.16036666667,False
0,4835,239,8.06156175162,8.16036666667,False
0,4836,239,8.06431293545,8.16036666667,False
0,4837,239,8.09794311434,8.16036666667,False
0,4838,239,8.12424423721,8.16036666667,False
0,4839,239,8.09760886897,8.16036666667,False
0,4840,239,8.11831273239,8.16036666667,False
0,4841,239,8.08172540012,8.16036666667,False
0,4842,239,8.14965909856,8.16036666667,False
0,4843,239,8.0756341074,8.16036666667,False
0,4844,239,8.09298734607,8.16036666667,False
0,4845,239,8.08357107719,8.16036666667,False
0,4846,239,8.11217343914,8.16036666667,False
0,4847,239,8.05601274011,8.16036666667,False
0,4848,239,8.11614788693,8.16036666667,False
0,4849,239,8.04646011844,8.16036666667,False
0,4850,239,8.07525384289,8.16036666667,False
0,4851,239,8.09716019693,8.16036666667,False
0,4852,239,8.10947027068,8.16036666667,False
0,4853,239,8.07397212551,8.16036666667,False
0,4854,239,8.11133041358,8.16036666667,False
0,4855,239,8.09761991816,8.16036666667,False
0,4856,239,8.08555062423,8.16036666667,False
0,4857,239,8.07289384349,8.16036666667,False
0,4858,239,8.07957459097,8.16036666667,False
0,4859,239,8.10454908351,8.16036666667,False
0,4860,239,8.0734179359,8.16036666667,False
0,4861,239,8.11306049144,8.16036666667,False
0,4862,239,8.08560281829,8.16036666667,False
0,4863,239,8.08099987229,8.16036666667,False
0,4864,239,8.07186794584,8.16036666667,False
0,4865,239,8.10762563731,8.16036666667,False
0,4866,239,8.08818449786,8.16036666667,False
0,4867,239,8.05685928808,8.16036666667,False
0,4868,239,8.0944089214,8.16036666667,False
0,4869,239,8.07757093006,8.16036666667,False
0,4870,239,8.11487220554,8.16036666667,False
0,4871,239,8.10659221475,8.16036666667,False
0,4872,239,8.10790439432,8.16036666667,False
0,4873,239,8.04171305249,8.16036666667,False
0,4874,239,8.1095920463,8.16036666667,False
0,4875,239,8.10831003796,8.16036666667,False
0,4876,239,8.12302277763,8.16036666667,False
0,4877,239,8.04778829264,8.16036666667,False
0,4878,239,8.04073063563,8.16036666667,False
0,4879,239,8.07759530025,8.16036666667,False
0,4880,239,8.10254343147,8.16036666667,False
0,4881,239,8.10269273702,8.16036666667,False
0,4882,239,8.10723213482,8.16036666667,False
0,4883,239,8.07989323433,8.16036666667,False
0,4884,239,8.0805454464,8.16036666667,False
0,4885,239,8.15810518602,8.16036666667,False
0,4886,239,8.07320304889,8.16036666667,False
0,4887,239,8.07605197802,8.16036666667,False
0,4888,239,8.0405632759,8.16036666667,False
0,4889,239,8.05389447806,8.16036666667,False
0,4890,239,8.03473804649,8.16036666667,False
0,4891,239,8.0951133322,8.16036666667,False
0,4892,239,8.08166995258,8.16036666667,False
0,4893,239,8.06750057515,8.16036666667,False
0,4894,239,8.07118271021,8.16036666667,False
0,4895,239,8.10383373948,8.16036666667,False
0,4896,239,8.09165639956,8.16036666667,False
0,4897,239,8.11658117377,8.16036666667,False
0,4898,239,8.11984692587,8.16036666667,False
0,4899,239,8.11255085616,8.16036666667,False
0,4900,239,8.1204758281,8.16036666667,False
0,4901,239,8.10931264966,8.16036666667,False
0,4902,239,8.12476035256,8.16036666667,False
0,4903,239,8.12236467552,8.16036666667,False
0,4904,239,8.09721409336,8.16036666667,False
0,4905,239,8.01057154058,8.16036666667,False
0,4906,239,8.11483435704,8.16036666667,False
0,4907,239,8.0883127059,8.16036666667,False
0,4908,239,8.08065435215,8.16036666667,False
0,4909,239,8.13552654234,8.16036666667,False
0,4910,239,8.07908346418,8.16036666667,False
0,4911,239,8.11962015325,8.16036666667,False
0,4912,239,8.06314462076,8.16036666667,False
0,4913,239,8.13272472989,8.16036666667,False
0,4914,239,8.10322968311,8.16036666667,False
0,4915,239,8.10666590192,8.16036666667,False
0,4916,239,8.0452075894,8.16036666667,False
0,4917,239,8.02453057163,8.16036666667,False
0,4918,239,8.05265330578,8.16036666667,False
0,4919,239,8.0420684258,8.16036666667,False
0,4920,239,8.05718091632,8.16036666667,False
0,4921,239,8.15757193271,8.16036666667,False
0,4922,239,8.07625860013,8.16036666667,False
0,4923,239,8.10534747523,8.16036666667,False
0,4924,239,8.1242995348,8.16036666667,False
0,4925,239,8.10193045734,8.16036666667,False
0,4926,239,8.06504031914,8.16036666667,False
0,4927,239,8.09924506081,8.16036666667,False
0,4928,239,8.07181985134,8.16036666667,False
0,4929,239,8.09200061706,8.16036666667,False
0,4930,239,8.10444007749,8.16036666667,False
0,4931,239,8.08811467643,8.16036666667,False
0,4932,239,8.12100794683,8.16036666667,False
0,4933,239,8.0754382218,8.16036666667,False
0,4934,239,8.10262253403,8.16036666667,False
0,4935,239,8.10324002105,8.16036666667,False
0,4936,239,8.02937974975,8.16036666667,False
0,4937,239,8.08298897369,8.16036666667,False
0,4938,239,8.09507969588,8.16036666667,False
0,4939,239,8.14264935477,8.16036666667,False
0,4940,239,8.06983843357,8.16036666667,False
0,4941,239,8.07089768473,8.16036666667,False
0,4942,239,8.05761801938,8.16036666667,False
0,4943,239,8.08894244017,8.16036666667,False
0,4944,239,8.07432550186,8.16036666667,False
0,4945,239,8.03928364899,8.16036666667,False
0,4946,240,8.1147048816,8.1937,False
0,4947,240,8.08772677614,8.1937,False
0,4948,240,8.09044108299,8.1937,False
0,4949,240,8.10164379206,8.1937,False
0,4950,240,8.12758451346,8.1937,False
0,4951,240,8.11331313355,8.1937,False
0,4952,240,8.12595877274,8.1937,False
0,4953,240,8.13920283295,8.1937,False
0,4954,240,8.10546772663,8.1937,False
0,4955,240,8.15432012257,8.1937,False
0,4956,240,8.1601195759,8.1937,False
0,4957,240,8.13805830971,8.1937,False
0,4958,241,8.1571396944,8.22703333333,False
0,4959,241,8.18059945173,8.22703333333,False
0,4960,241,8.12507396396,8.22703333333,False
0,4961,241,8.16075398437,8.22703333333,False
0,4962,241,8.15402538936,8.22703333333,False
0,4963,241,8.10520253738,8.22703333333,False
0,4964,242,8.16846721772,8.26036666667,False
0,4965,242,8.20234367455,8.26036666667,False
0,4966,242,8.17927079888,8.26036666667,False
0,4967,242,8.17745068205,8.26036666667,False
0,4968,242,8.16084360538,8.26036666667,False
0,4969,243,8.22072168507,8.2937,False
0,4970,243,8.23079642,8.2937,False
0,4971,243,8.20602118257,8.2937,False
0,4972,243,8.21400602269,8.2937,False
0,4973,243,8.22662935375,8.2937,False
0,4974,244,8.26930582234,8.32703333333,False
0,4975,244,8.22672257708,8.32703333333,False
0,4976,244,8.28422135196,8.32703333333,False
0,4977,244,8.29125562327,8.32703333333,False
0,4978,244,8.33677474531,8.32703333333,True
0,4979,244,8.28238389905,8.32703333333,False
0,4980,244,8.23911175849,8.32703333333,False
0,4981,244,8.23185643145,8.32703333333,False
0,4982,244,8.26972398282,8.32703333333,False
0,4983,244,8.23369333045,8.32703333333,False
0,4984,244,8.24450532018,8.32703333333,False
0,4985,244,8.22544223418,8.32703333333,False
0,4986,244,8.28734991262,8.32703333333,False
0,4987,244,8.29333598037,8.32703333333,False
0,4988,244,8.25123057081,8.32703333333,False
0,4989,244,8.24785102528,8.32703333333,False
0,4990,244,8.2950587247,8.32703333333,False
0,4991,244,8.24285903376,8.32703333333,False
0,4992,244,8.27866626094,8.32703333333,False
0,4993,244,8.25363973567,8.32703333333,False
0,4994,244,8.25081883725,8.32703333333,False
0,4995,244,8.23472309009,8.32703333333,False
0,4996,244,8.25907207229,8.32703333333,False
0,4997,244,8.25205981061,8.32703333333,False
0,4998,244,8.22617969123,8.32703333333,False
0,4999,244,8.27255416192,8.32703333333,False
0,5000,244,8.21632413527,8.32703333333,False
0,5001,244,8.29110336195,8.32703333333,False
0,5002,244,8.23830694413,8.32703333333,False
0,5003,244,8.2809936586,8.32703333333,False
0,5004,244,8.30492399836,8.32703333333,False
0,5005,244,8.27176008323,8.32703333333,False
0,5006,244,8.2322917368,8.32703333333,False
0,5007,244,8.25089118933,8.32703333333,False
0,5008,244,8.2784991871,8.32703333333,False
0,5009,244,8.23796472497,8.32703333333,False
0,5010,244,8.28222618416,8.32703333333,False
0,5011,244,8.21928710549,8.32703333333,False
0,5012,244,8.29645486588,8.32703333333,False
0,5013,244,8.22484542424,8.32703333333,False
0,5014,244,8.28040945101,8.32703333333,False
0,5015,244,8.26038761772,8.32703333333,False
0,5016,244,8.23345303806,8.32703333333,False
0,5017,244,8.26665524496,8.32703333333,False
0,5018,244,8.24980818505,8.32703333333,False
0,5019,244,8.24509100394,8.32703333333,False
0,5020,244,8.2794184885,8.32703333333,False
0,5021,244,8.26046259743,8.32703333333,False
0,5022,244,8.23219808435,8.32703333333,False
0,5023,244,8.26138326687,8.32703333333,False
0,5024,244,8.26232824383,8.32703333333,False
0,5025,244,8.29249088947,8.32703333333,False
0,5026,244,8.26342548753,8.32703333333,False
0,5027,244,8.26230426866,8.32703333333,False
0,5028,244,8.23021973429,8.32703333333,False
0,5029,244,8.25237432119,8.32703333333,False
0,5030,244,8.26540246543,8.32703333333,False
0,5031,244,8.28393235916,8.32703333333,False
0,5032,244,8.21713500317,8.32703333333,False
0,5033,244,8.25221027053,8.32703333333,False
0,5034,244,8.26288202666,8.32703333333,False
0,5035,244,8.21442237206,8.32703333333,False
0,5036,244,8.25486975023,8.32703333333,False
0,5037,244,8.19839650119,8.32703333333,False
0,5038,244,8.24415649753,8.32703333333,False
0,5039,244,8.26782890473,8.32703333333,False
0,5040,244,8.20924835761,8.32703333333,False
0,5041,244,8.25648080653,8.32703333333,False
0,5042,244,8.20805078714,8.32703333333,False
0,5043,244,8.27354247467,8.32703333333,False
0,5044,244,8.27245406797,8.32703333333,False
0,5045,244,8.24631029919,8.32703333333,False
0,5046,244,8.24733626205,8.32703333333,False
0,5047,244,8.26902298449,8.32703333333,False
0,5048,244,8.25193912739,8.32703333333,False
0,5049,244,8.29389758402,8.32703333333,False
0,5050,244,8.26963979143,8.32703333333,False
0,5051,244,8.26691202767,8.32703333333,False
0,5052,244,8.26035108638,8.32703333333,False
0,5053,244,8.23122581248,8.32703333333,False
0,5054,244,8.2638272089,8.32703333333,False
0,5055,244,8.29101327923,8.32703333333,False
0,5056,244,8.24777800664,8.32703333333,False
0,5057,244,8.26341842921,8.32703333333,False
0,5058,244,8.25915317064,8.32703333333,False
0,5059,244,8.24586184998,8.32703333333,False
0,5060,244,8.2865095148,8.32703333333,False
0,5061,244,8.2928111707,8.32703333333,False
0,5062,244,8.29908163012,8.32703333333,False
0,5063,244,8.26821127887,8.32703333333,False
0,5064,244,8.22610294224,8.32703333333,False
0,5065,244,8.24779232085,8.32703333333,False
0,5066,244,8.24348582532,8.32703333333,False
0,5067,244,8.24216962788,8.32703333333,False
0,5068,244,8.20867204472,8.32703333333,False
0,5069,244,8.24058733855,8.32703333333,False
0,5070,244,8.25177681295,8.32703333333,False
0,5071,244,8.26961824875,8.32703333333,False
0,5072,244,8.25012147808,8.32703333333,False
0,5073,244,8.26326597901,8.32703333333,False
0,5074,244,8.2479154825,8.32703333333,False
0,5075,244,8.24474981774,8.32703333333,False
0,5076,244,8.27528677427,8.32703333333,False
0,5077,244,8.29341258364,8.32703333333,False
0,5078,244,8.25600654681,8.32703333333,False
0,5079,244,8.27175100188,8.32703333333,False
0,5080,244,8.28829324564,8.32703333333,False
0,5081,244,8.21850622341,8.32703333333,False
0,5082,244,8.279796606,8.32703333333,False
0,5083,244,8.27486189614,8.32703333333,False
0,5084,244,8.22841174764,8.32703333333,False
0,5085,244,8.3081751121,8.32703333333,False
0,5086,244,8.25770515606,8.32703333333,False
0,5087,244,8.25347523188,8.32703333333,False
0,5088,244,8.25834653161,8.32703333333,False
0,5089,244,8.26546094474,8.32703333333,False
0,5090,244,8.27747306174,8.32703333333,False
0,5091,244,8.26128426531,8.32703333333,False
0,5092,244,8.25280850829,8.32703333333,False
0,5093,244,8.21646035045,8.32703333333,False
0,5094,244,8.27151011745,8.32703333333,False
0,5095,244,8.21587073989,8.32703333333,False
0,5096,244,8.27120477838,8.32703333333,False
0,5097,244,8.2467417101,8.32703333333,False
0,5098,244,8.22580955632,8.32703333333,False
0,5099,244,8.24550771144,8.32703333333,False
0,5100,244,8.23199831002,8.32703333333,False
0,5101,244,8.22978718294,8.32703333333,False
0,5102,244,8.26510577938,8.32703333333,False
0,5103,244,8.30709903819,8.32703333333,False
0,5104,244,8.28660859629,8.32703333333,False
0,5105,244,8.28157123053,8.32703333333,False
0,5106,244,8.26301486651,8.32703333333,False
0,5107,244,8.26911715833,8.32703333333,False
0,5108,244,8.18712461338,8.32703333333,False
0,5109,244,8.29751674709,8.32703333333,False
0,5110,244,8.25237098859,8.32703333333,False
0,5111,244,8.23946743485,8.32703333333,False
0,5112,244,8.2935928291,8.32703333333,False
0,5113,244,8.21401545783,8.32703333333,False
0,5114,244,8.2553573878,8.32703333333,False
0,5115,244,8.26775303708,8.32703333333,False
0,5116,244,8.2701760433,8.32703333333,False
0,5117,244,8.24412044643,8.32703333333,False
0,5118,244,8.26678608705,8.32703333333,False
0,5119,244,8.28293868858,8.32703333333,False
0,5120,244,8.27949670815,8.32703333333,False
0,5121,244,8.19936548546,8.32703333333,False
0,5122,244,8.22231390915,8.32703333333,False
0,5123,244,8.2537567899,8.32703333333,False
0,5124,244,8.2275445692,8.32703333333,False
0,5125,244,8.26306391935,8.32703333333,False
0,5126,244,8.26780644862,8.32703333333,False
0,5127,244,8.2648271957,8.32703333333,False
0,5128,244,8.32243237675,8.32703333333,False
0,5129,244,8.25944298462,8.32703333333,False
0,5130,244,8.28502112828,8.32703333333,False
0,5131,244,8.22485996885,8.32703333333,False
0,5132,244,8.27070574847,8.32703333333,False
0,5133,244,8.23316423183,8.32703333333,False
0,5134,244,8.27229161468,8.32703333333,False
0,5135,244,8.26743251601,8.32703333333,False
0,5136,244,8.22502861782,8.32703333333,False
0,5137,244,8.25039759902,8.32703333333,False
0,5138,244,8.23683873443,8.32703333333,False
0,5139,244,8.23805843184,8.32703333333,False
0,5140,244,8.26896792441,8.32703333333,False
0,5141,244,8.27743242519,8.32703333333,False
0,5142,244,8.2730374668,8.32703333333,False
0,5143,244,8.25283267568,8.32703333333,False
0,5144,244,8.16904369908,8.32703333333,False
0,5145,244,8.33772968263,8.32703333333,True
0,5146,244,8.26153738584,8.32703333333,False
0,5147,244,8.24594350565,8.32703333333,False
0,5148,244,8.26559754206,8.32703333333,False
0,5149,244,8.25207292861,8.32703333333,False
0,5150,244,8.22222236341,8.32703333333,False
0,5151,244,8.27830788372,8.32703333333,False
0,5152,244,8.27782098807,8.32703333333,False
0,5153,244,8.2670067748,8.32703333333,False
0,5154,244,8.17536997467,8.32703333333,False
0,5155,244,8.22117730173,8.32703333333,False
0,5156,244,8.27553222749,8.32703333333,False
0,5157,244,8.23379406918,8.32703333333,False
0,5158,244,8.26835861764,8.32703333333,False
0,5159,244,8.30618182745,8.32703333333,False
0,5160,244,8.2946608715,8.32703333333,False
0,5161,244,8.29802830226,8.32703333333,False
0,5162,244,8.23339714727,8.32703333333,False
0,5163,244,8.28287740514,8.32703333333,False
0,5164,244,8.22801157517,8.32703333333,False
0,5165,244,8.20334106116,8.32703333333,False
0,5166,244,8.23328147853,8.32703333333,False
0,5167,244,8.23213426901,8.32703333333,False
0,5168,244,8.26287231977,8.32703333333,False
0,5169,244,8.2441489801,8.32703333333,False
0,5170,244,8.27107517432,8.32703333333,False
0,5171,244,8.18253087332,8.32703333333,False
0,5172,244,8.26036770478,8.32703333333,False
0,5173,244,8.23160038922,8.32703333333,False
0,5174,244,8.23035481621,8.32703333333,False
0,5175,244,8.27711954742,8.32703333333,False
0,5176,245,8.28291379262,8.36036666667,False
0,5177,245,8.3322355028,8.36036666667,False
0,5178,245,8.29636416108,8.36036666667,False
0,5179,245,8.29007166315,8.36036666667,False
0,5180,245,8.29031528607,8.36036666667,False
0,5181,245,8.27775546144,8.36036666667,False
0,5182,245,8.3022570425,8.36036666667,False
0,5183,245,8.29259019824,8.36036666667,False
0,5184,245,8.31962523114,8.36036666667,False
0,5185,245,8.29583605386,8.36036666667,False
0,5186,245,8.28518108279,8.36036666667,False
0,5187,246,8.28926907136,8.3937,False
0,5188,246,8.30410838415,8.3937,False
0,5189,246,8.31198404204,8.3937,False
0,5190,246,8.33403736245,8.3937,False
0,5191,246,8.30239166522,8.3937,False
0,5192,247,8.37313786493,8.42703333333,False
0,5193,247,8.36514594853,8.42703333333,False
0,5194,247,8.35609365644,8.42703333333,False
0,5195,247,8.35452601936,8.42703333333,False
0,5196,247,8.33604832704,8.42703333333,False
0,5197,248,8.39909918507,8.46036666667,False
0,5198,248,8.41370820398,8.46036666667,False
0,5199,248,8.40938691195,8.46036666667,False
0,5200,248,8.36368999952,8.46036666667,False
0,5201,248,8.40366812021,8.46036666667,False
0,5202,248,8.36744611839,8.46036666667,False
0,5203,248,8.42746335888,8.46036666667,False
0,5204,249,8.44719606212,8.4937,False
0,5205,249,8.45240066322,8.4937,False
0,5206,249,8.41459404164,8.4937,False
0,5207,249,8.38217250529,8.4937,False
0,5208,249,8.38344867373,8.4937,False
0,5209,249,8.4343552789,8.4937,False
0,5210,249,8.38771934798,8.4937,False
0,5211,249,8.38257820977,8.4937,False
0,5212,249,8.45003023628,8.4937,False
0,5213,249,8.37762936771,8.4937,False
0,5214,249,8.42657254198,8.4937,False
0,5215,249,8.41859297527,8.4937,False
0,5216,249,8.40823415948,8.4937,False
0,5217,249,8.45754907968,8.4937,False
0,5218,249,8.42623813867,8.4937,False
0,5219,249,8.46848018359,8.4937,False
0,5220,249,8.43147161715,8.4937,False
0,5221,249,8.48545847843,8.4937,False
0,5222,249,8.4240968336,8.4937,False
0,5223,249,8.42335567422,8.4937,False
0,5224,249,8.4478189827,8.4937,False
0,5225,249,8.41488255014,8.4937,False
0,5226,249,8.43900371564,8.4937,False
0,5227,249,8.43484206845,8.4937,False
0,5228,249,8.4755562698,8.4937,False
0,5229,249,8.43193865406,8.4937,False
0,5230,249,8.41879188487,8.4937,False
0,5231,249,8.4143672988,8.4937,False
0,5232,249,8.39850993196,8.4937,False
0,5233,249,8.4265909415,8.4937,False
0,5234,249,8.45129190449,8.4937,False
0,5235,249,8.40013520464,8.4937,False
0,5236,249,8.38555782022,8.4937,False
0,5237,249,8.41123979591,8.4937,False
0,5238,249,8.47062665366,8.4937,False
0,5239,249,8.46811058167,8.4937,False
0,5240,249,8.42395372991,8.4937,False
0,5241,249,8.43448851613,8.4937,False
0,5242,249,8.42522042057,8.4937,False
0,5243,249,8.46713086395,8.4937,False
0,5244,249,8.42887888134,8.4937,False
0,5245,249,8.45909987338,8.4937,False
0,5246,249,8.42398812257,8.4937,False
0,5247,249,8.44120058012,8.4937,False
0,5248,249,8.45014197965,8.4937,False
0,5249,249,8.39157698261,8.4937,False
0,5250,249,8.41946484841,8.4937,False
0,5251,249,8.38722357341,8.4937,False
0,5252,249,8.36488632245,8.4937,False
0,5253,249,8.43716031791,8.4937,False
0,5254,249,8.39343704528,8.4937,False
0,5255,249,8.42602821912,8.4937,False
0,5256,249,8.42387779321,8.4937,False
0,5257,249,8.42496471325,8.4937,False
0,5258,249,8.42757952492,8.4937,False
0,5259,249,8.45067599545,8.4937,False
0,5260,249,8.44463863488,8.4937,False
0,5261,249,8.45014902926,8.4937,False
0,5262,249,8.43889757041,8.4937,False
0,5263,249,8.40430266796,8.4937,False
0,5264,249,8.42176297638,8.4937,False
0,5265,249,8.41120824815,8.4937,False
0,5266,249,8.40521632741,8.4937,False
0,5267,249,8.43318824776,8.4937,False
0,5268,249,8.39729386109,8.4937,False
0,5269,249,8.42131891223,8.4937,False
0,5270,249,8.41564873269,8.4937,False
0,5271,249,8.39970308973,8.4937,False
0,5272,249,8.43102889437,8.4937,False
0,5273,249,8.39586234115,8.4937,False
0,5274,249,8.43860634968,8.4937,False
0,5275,249,8.44183995192,8.4937,False
0,5276,249,8.4651558221,8.4937,False
0,5277,249,8.37504735695,8.4937,False
0,5278,249,8.40788012303,8.4937,False
0,5279,249,8.4215968705,8.4937,False
0,5280,249,8.42706438924,8.4937,False
0,5281,249,8.44327478402,8.4937,False
0,5282,249,8.41445352262,8.4937,False
0,5283,249,8.41751097272,8.4937,False
0,5284,249,8.41151724624,8.4937,False
0,5285,249,8.42675288704,8.4937,False
0,5286,249,8.47557682315,8.4937,False
0,5287,249,8.40715061379,8.4937,False
0,5288,249,8.42433779941,8.4937,False
0,5289,249,8.42745498732,8.4937,False
0,5290,249,8.4643576133,8.4937,False
0,5291,249,8.43757050053,8.4937,False
0,5292,249,8.46168297558,8.4937,False
0,5293,249,8.47023419287,8.4937,False
0,5294,249,8.43169072332,8.4937,False
0,5295,249,8.41667026223,8.4937,False
0,5296,249,8.42898078438,8.4937,False
0,5297,249,8.4014658976,8.4937,False
0,5298,249,8.40958347103,8.4937,False
0,5299,249,8.38872630391,8.4937,False
0,5300,249,8.41248691903,8.4937,False
0,5301,249,8.43859374837,8.4937,False
0,5302,249,8.4692845669,8.4937,False
0,5303,249,8.43053701759,8.4937,False
0,5304,249,8.46081465063,8.4937,False
0,5305,249,8.44806791652,8.4937,False
0,5306,249,8.44031225983,8.4937,False
0,5307,249,8.42633070874,8.4937,False
0,5308,249,8.42866311482,8.4937,False
0,5309,249,8.41580329932,8.4937,False
0,5310,249,8.3913510125,8.4937,False
0,5311,249,8.41752383506,8.4937,False
0,5312,249,8.43038055788,8.4937,False
0,5313,249,8.41345863153,8.4937,False
0,5314,249,8.40532367147,8.4937,False
0,5315,249,8.45711595331,8.4937,False
0,5316,249,8.42528496447,8.4937,False
0,5317,249,8.40481612835,8.4937,False
0,5318,249,8.40960548113,8.4937,False
0,5319,249,8.41116956805,8.4937,False
0,5320,249,8.39645180131,8.4937,False
0,5321,249,8.46082086469,8.4937,False
0,5322,249,8.44071219656,8.4937,False
0,5323,249,8.40950309361,8.4937,False
0,5324,249,8.44290333475,8.4937,False
0,5325,249,8.47722630156,8.4937,False
0,5326,249,8.42840650288,8.4937,False
0,5327,249,8.46913392212,8.4937,False
0,5328,249,8.42738283924,8.4937,False
0,5329,249,8.40579742324,8.4937,False
0,5330,249,8.38462989118,8.4937,False
0,5331,249,8.44451455468,8.4937,False
0,5332,249,8.43868907322,8.4937,False
0,5333,249,8.43541036943,8.4937,False
0,5334,249,8.4209179673,8.4937,False
0,5335,249,8.42114760053,8.4937,False
0,5336,249,8.39775001822,8.4937,False
0,5337,249,8.44562340088,8.4937,False
0,5338,249,8.38047843908,8.4937,False
0,5339,249,8.39385231677,8.4937,False
0,5340,249,8.4348815377,8.4937,False
0,5341,249,8.40404501942,8.4937,False
0,5342,249,8.43755586079,8.4937,False
0,5343,249,8.42639676046,8.4937,False
0,5344,249,8.38305545848,8.4937,False
0,5345,249,8.41625168614,8.4937,False
0,5346,249,8.42431933349,8.4937,False
0,5347,249,8.34915198438,8.4937,False
0,5348,249,8.4061627018,8.4937,False
0,5349,249,8.47949165414,8.4937,False
0,5350,249,8.41376052014,8.4937,False
0,5351,249,8.39760862462,8.4937,False
0,5352,249,8.39958631666,8.4937,False
0,5353,249,8.42923252238,8.4937,False
0,5354,249,8.38356523772,8.4937,False
0,5355,249,8.43168434108,8.4937,False
0,5356,249,8.44875279543,8.4937,False
0,5357,249,8.44680364595,8.4937,False
0,5358,249,8.43777105385,8.4937,False
0,5359,249,8.41391430404,8.4937,False
0,5360,249,8.43647526144,8.4937,False
0,5361,249,8.36308284949,8.4937,False
0,5362,249,8.39836177172,8.4937,False
0,5363,249,8.44210908721,8.4937,False
0,5364,249,8.38018479725,8.4937,False
0,5365,249,8.45558447708,8.4937,False
0,5366,249,8.44478525019,8.4937,False
0,5367,249,8.47627702567,8.4937,False
0,5368,249,8.44703539476,8.4937,False
0,5369,249,8.40382390551,8.4937,False
0,5370,249,8.42256062535,8.4937,False
0,5371,249,8.43317069082,8.4937,False
0,5372,249,8.42527454031,8.4937,False
0,5373,249,8.46187031659,8.4937,False
0,5374,249,8.4203371179,8.4937,False
0,5375,249,8.44697684308,8.4937,False
0,5376,249,8.378856997,8.4937,False
0,5377,249,8.46679483418,8.4937,False
0,5378,249,8.45713089009,8.4937,False
0,5379,249,8.43523726019,8.4937,False
0,5380,249,8.43438319374,8.4937,False
0,5381,249,8.42167285935,8.4937,False
0,5382,249,8.45145972153,8.4937,False
0,5383,249,8.42987313367,8.4937,False
0,5384,249,8.47029141168,8.4937,False
0,5385,249,8.46036104193,8.4937,False
0,5386,249,8.41200683472,8.4937,False
0,5387,249,8.44323968649,8.4937,False
0,5388,249,8.40123844052,8.4937,False
0,5389,249,8.40375562489,8.4937,False
0,5390,249,8.43807041386,8.4937,False
0,5391,249,8.44663957325,8.4937,False
0,5392,249,8.42702734834,8.4937,False
0,5393,249,8.41322515094,8.4937,False
0,5394,249,8.40671536945,8.4937,False
0,5395,249,8.45640231689,8.4937,False
0,5396,249,8.41299878882,8.4937,False
0,5397,249,8.45779035088,8.4937,False
0,5398,249,8.45348563015,8.4937,False
0,5399,249,8.42722420767,8.4937,False
0,5400,249,8.48423644378,8.4937,False
0,5401,249,8.42073375634,8.4937,False
0,5402,249,8.40454837195,8.4937,False
0,5403,249,8.39103300712,8.4937,False
0,5404,249,8.4413776996,8.4937,False
0,5405,249,8.43624498494,8.4937,False
0,5406,249,8.44681609924,8.4937,False
0,5407,249,8.43453671666,8.4937,False
0,5408,249,8.42963169728,8.4937,False
0,5409,249,8.44439639928,8.4937,False
0,5410,249,8.45477700048,8.4937,False
0,5411,249,8.45473803831,8.4937,False
0,5412,249,8.45463663482,8.4937,False
0,5413,249,8.39282245689,8.4937,False
0,5414,249,8.45101034738,8.4937,False
0,5415,250,8.45346378419,8.52703333333,False
0,5416,250,8.44593194719,8.52703333333,False
0,5417,250,8.40582227023,8.52703333333,False
0,5418,250,8.45718337596,8.52703333333,False
0,5419,250,8.44085238599,8.52703333333,False
0,5420,250,8.49634884586,8.52703333333,False
0,5421,250,8.4779621098,8.52703333333,False
0,5422,250,8.44031624642,8.52703333333,False
0,5423,250,8.41930959525,8.52703333333,False
0,5424,250,8.44343936948,8.52703333333,False
0,5425,250,8.49892968227,8.52703333333,False
0,5426,250,8.41875752004,8.52703333333,False
0,5427,250,8.42232357958,8.52703333333,False
0,5428,251,8.4758719037,8.56036666667,False
0,5429,251,8.50787372064,8.56036666667,False
0,5430,251,8.46640939157,8.56036666667,False
0,5431,251,8.52975347713,8.56036666667,False
0,5432,251,8.48667429933,8.56036666667,False
0,5433,251,8.48766751167,8.56036666667,False
0,5434,252,8.53159710255,8.5937,False
0,5435,252,8.56847660092,8.5937,False
0,5436,252,8.54946006043,8.5937,False
0,5437,252,8.52006984052,8.5937,False
0,5438,253,8.56743920737,8.62703333333,False
0,5439,253,8.55925031476,8.62703333333,False
0,5440,253,8.49800309499,8.62703333333,False
0,5441,253,8.55129530725,8.62703333333,False
0,5442,253,8.54266902015,8.62703333333,False
0,5443,254,8.59624088511,8.66036666667,False
0,5444,254,8.57874882776,8.66036666667,False
0,5445,254,8.57750944099,8.66036666667,False
0,5446,254,8.60032942023,8.66036666667,False
0,5447,254,8.59878816773,8.66036666667,False
0,5448,254,8.58071314463,8.66036666667,False
0,5449,254,8.58438455508,8.66036666667,False
0,5450,254,8.54493196139,8.66036666667,False
0,5451,254,8.61552854739,8.66036666667,False
0,5452,254,8.61471200445,8.66036666667,False
0,5453,254,8.61695812027,8.66036666667,False
0,5454,254,8.54219845503,8.66036666667,False
0,5455,254,8.61316518523,8.66036666667,False
0,5456,254,8.59355300576,8.66036666667,False
0,5457,254,8.62383965676,8.66036666667,False
0,5458,254,8.60744849053,8.66036666667,False
0,5459,254,8.63768179925,8.66036666667,False
0,5460,254,8.55212226521,8.66036666667,False
0,5461,254,8.61696159089,8.66036666667,False
0,5462,254,8.6121103765,8.66036666667,False
0,5463,254,8.56698327428,8.66036666667,False
0,5464,254,8.58662091923,8.66036666667,False
0,5465,254,8.5858627849,8.66036666667,False
0,5466,254,8.58924621382,8.66036666667,False
0,5467,254,8.54439568642,8.66036666667,False
0,5468,254,8.59709161639,8.66036666667,False
0,5469,254,8.61126706066,8.66036666667,False
0,5470,254,8.56899258128,8.66036666667,False
0,5471,254,8.57951165271,8.66036666667,False
0,5472,254,8.59659204371,8.66036666667,False
0,5473,254,8.5865745096,8.66036666667,False
0,5474,254,8.55266443274,8.66036666667,False
0,5475,254,8.58234539431,8.66036666667,False
0,5476,254,8.60381708748,8.66036666667,False
0,5477,254,8.56071405701,8.66036666667,False
0,5478,254,8.58455463494,8.66036666667,False
0,5479,254,8.5746845114,8.66036666667,False
0,5480,254,8.60159559943,8.66036666667,False
0,5481,254,8.58946209862,8.66036666667,False
0,5482,254,8.60399594052,8.66036666667,False
0,5483,254,8.6197059228,8.66036666667,False
0,5484,254,8.57453050575,8.66036666667,False
0,5485,254,8.6046868524,8.66036666667,False
0,5486,254,8.59304239857,8.66036666667,False
0,5487,254,8.58179588024,8.66036666667,False
0,5488,254,8.61522882327,8.66036666667,False
0,5489,254,8.58458091263,8.66036666667,False
0,5490,254,8.61630942695,8.66036666667,False
0,5491,254,8.64844835825,8.66036666667,False
0,5492,254,8.59226742539,8.66036666667,False
0,5493,254,8.633732076,8.66036666667,False
0,5494,254,8.63170178182,8.66036666667,False
0,5495,254,8.61739595149,8.66036666667,False
0,5496,254,8.53127322859,8.66036666667,False
0,5497,254,8.56422589056,8.66036666667,False
0,5498,254,8.58844146664,8.66036666667,False
0,5499,254,8.59857351537,8.66036666667,False
0,5500,254,8.5928630292,8.66036666667,False
0,5501,254,8.56899513577,8.66036666667,False
0,5502,254,8.59215318426,8.66036666667,False
0,5503,254,8.57251033176,8.66036666667,False
0,5504,254,8.58711118429,8.66036666667,False
0,5505,254,8.5896158141,8.66036666667,False
0,5506,254,8.58833623497,8.66036666667,False
0,5507,254,8.58171037144,8.66036666667,False
0,5508,254,8.57953486255,8.66036666667,False
0,5509,254,8.59794418063,8.66036666667,False
0,5510,254,8.59302921246,8.66036666667,False
0,5511,254,8.58710675892,8.66036666667,False
0,5512,254,8.55116392527,8.66036666667,False
0,5513,254,8.57297232132,8.66036666667,False
0,5514,254,8.56362205423,8.66036666667,False
0,5515,254,8.64354490482,8.66036666667,False
0,5516,254,8.59466158066,8.66036666667,False
0,5517,254,8.58409445281,8.66036666667,False
0,5518,254,8.56453798091,8.66036666667,False
0,5519,254,8.60022977397,8.66036666667,False
0,5520,254,8.61353675774,8.66036666667,False
0,5521,254,8.56227045661,8.66036666667,False
0,5522,254,8.58145549134,8.66036666667,False
0,5523,254,8.57218644509,8.66036666667,False
0,5524,254,8.64712326745,8.66036666667,False
0,5525,254,8.54300218414,8.66036666667,False
0,5526,254,8.56325308502,8.66036666667,False
0,5527,254,8.53986920369,8.66036666667,False
0,5528,254,8.63385492401,8.66036666667,False
0,5529,254,8.57226748015,8.66036666667,False
0,5530,254,8.56455728024,8.66036666667,False
0,5531,254,8.56218988836,8.66036666667,False
0,5532,254,8.58322361938,8.66036666667,False
0,5533,254,8.57197445205,8.66036666667,False
0,5534,254,8.58101979082,8.66036666667,False
0,5535,254,8.60336284257,8.66036666667,False
0,5536,254,8.54963714098,8.66036666667,False
0,5537,254,8.55351759637,8.66036666667,False
0,5538,254,8.56062394082,8.66036666667,False
0,5539,254,8.57301433498,8.66036666667,False
0,5540,254,8.60043225705,8.66036666667,False
0,5541,254,8.60863263504,8.66036666667,False
0,5542,254,8.61621679327,8.66036666667,False
0,5543,254,8.56879189796,8.66036666667,False
0,5544,254,8.60587084378,8.66036666667,False
0,5545,254,8.64844953826,8.66036666667,False
0,5546,254,8.61821109797,8.66036666667,False
0,5547,254,8.59914970722,8.66036666667,False
0,5548,254,8.55504813693,8.66036666667,False
0,5549,254,8.57148392439,8.66036666667,False
0,5550,254,8.56850768055,8.66036666667,False
0,5551,254,8.59955799952,8.66036666667,False
0,5552,254,8.60379413201,8.66036666667,False
0,5553,254,8.61737993249,8.66036666667,False
0,5554,254,8.62699743445,8.66036666667,False
0,5555,254,8.60273312893,8.66036666667,False
0,5556,254,8.60710870125,8.66036666667,False
0,5557,254,8.58920517854,8.66036666667,False
0,5558,254,8.54447791191,8.66036666667,False
0,5559,254,8.59121693729,8.66036666667,False
0,5560,254,8.58004405603,8.66036666667,False
0,5561,254,8.59654813427,8.66036666667,False
0,5562,254,8.61356799163,8.66036666667,False
0,5563,254,8.58737422826,8.66036666667,False
0,5564,254,8.60972988046,8.66036666667,False
0,5565,254,8.56043702716,8.66036666667,False
0,5566,254,8.57037150112,8.66036666667,False
0,5567,254,8.62141671143,8.66036666667,False
0,5568,254,8.54628489925,8.66036666667,False
0,5569,254,8.56261554352,8.66036666667,False
0,5570,254,8.58217774857,8.66036666667,False
0,5571,254,8.57786836685,8.66036666667,False
0,5572,254,8.58628544817,8.66036666667,False
0,5573,254,8.60991067191,8.66036666667,False
0,5574,254,8.59735223708,8.66036666667,False
0,5575,254,8.64250180429,8.66036666667,False
0,5576,254,8.65086823465,8.66036666667,False
0,5577,254,8.56985392522,8.66036666667,False
0,5578,254,8.55170493245,8.66036666667,False
0,5579,254,8.55572292802,8.66036666667,False
0,5580,254,8.56246837306,8.66036666667,False
0,5581,254,8.61326775201,8.66036666667,False
0,5582,254,8.5503656888,8.66036666667,False
0,5583,254,8.59606389311,8.66036666667,False
0,5584,254,8.62952888758,8.66036666667,False
0,5585,254,8.60852393084,8.66036666667,False
0,5586,254,8.5852152101,8.66036666667,False
0,5587,254,8.59794229926,8.66036666667,False
0,5588,254,8.6104284037,8.66036666667,False
0,5589,254,8.57011426791,8.66036666667,False
0,5590,254,8.56882890644,8.66036666667,False
0,5591,254,8.62358060337,8.66036666667,False
0,5592,254,8.60943899589,8.66036666667,False
0,5593,254,8.62408633585,8.66036666667,False
0,5594,254,8.61052746318,8.66036666667,False
0,5595,254,8.58785967036,8.66036666667,False
0,5596,254,8.63888002132,8.66036666667,False
0,5597,254,8.5892673829,8.66036666667,False
0,5598,254,8.59351915346,8.66036666667,False
0,5599,254,8.60020389171,8.66036666667,False
0,5600,254,8.60686052326,8.66036666667,False
0,5601,254,8.58753353664,8.66036666667,False
0,5602,254,8.59180054126,8.66036666667,False
0,5603,254,8.58320192418,8.66036666667,False
0,5604,254,8.61295836122,8.66036666667,False
0,5605,254,8.53959374236,8.66036666667,False
0,5606,254,8.61071497434,8.66036666667,False
0,5607,254,8.59931164778,8.66036666667,False
0,5608,254,8.63167171333,8.66036666667,False
0,5609,254,8.57515507069,8.66036666667,False
0,5610,254,8.58202162905,8.66036666667,False
0,5611,254,8.55871288586,8.66036666667,False
0,5612,254,8.59706729224,8.66036666667,False
0,5613,254,8.61418788201,8.66036666667,False
0,5614,254,8.61417766811,8.66036666667,False
0,5615,254,8.58233668611,8.66036666667,False
0,5616,254,8.59787607243,8.66036666667,False
0,5617,254,8.5968726249,8.66036666667,False
0,5618,254,8.59471639924,8.66036666667,False
0,5619,254,8.61955955814,8.66036666667,False
0,5620,254,8.58600680937,8.66036666667,False
0,5621,254,8.61960338914,8.66036666667,False
0,5622,254,8.58848086537,8.66036666667,False
0,5623,254,8.63034467738,8.66036666667,False
0,5624,254,8.6509978952,8.66036666667,False
0,5625,254,8.59637608394,8.66036666667,False
0,5626,254,8.57966106162,8.66036666667,False
0,5627,254,8.59756090262,8.66036666667,False
0,5628,254,8.59660458641,8.66036666667,False
0,5629,254,8.63998768222,8.66036666667,False
0,5630,254,8.59580199565,8.66036666667,False
0,5631,254,8.62246716795,8.66036666667,False
0,5632,254,8.60333067606,8.66036666667,False
0,5633,254,8.589970069,8.66036666667,False
0,5634,254,8.58695128454,8.66036666667,False
0,5635,254,8.53788348349,8.66036666667,False
0,5636,254,8.56742033111,8.66036666667,False
0,5637,254,8.6239448535,8.66036666667,False
0,5638,254,8.59100880603,8.66036666667,False
0,5639,254,8.57560839521,8.66036666667,False
0,5640,254,8.60300790442,8.66036666667,False
0,5641,254,8.57515032529,8.66036666667,False
0,5642,254,8.59485067507,8.66036666667,False
0,5643,254,8.56597972134,8.66036666667,False
0,5644,254,8.61172205624,8.66036666667,False
0,5645,254,8.60930910801,8.66036666667,False
0,5646,254,8.63017204617,8.66036666667,False
0,5647,254,8.58155854732,8.66036666667,False
0,5648,254,8.59493956252,8.66036666667,False
0,5649,254,8.61354954195,8.66036666667,False
0,5650,254,8.61295449281,8.66036666667,False
0,5651,254,8.60500308483,8.66036666667,False
0,5652,254,8.58247837339,8.66036666667,False
0,5653,254,8.56737405899,8.66036666667,False
0,5654,254,8.56390786406,8.66036666667,False
0,5655,254,8.60322768212,8.66036666667,False
0,5656,254,8.64493134549,8.66036666667,False
0,5657,254,8.60457676921,8.66036666667,False
0,5658,254,8.57865170948,8.66036666667,False
0,5659,254,8.58231332099,8.66036666667,False
0,5660,254,8.6069673013,8.66036666667,False
0,5661,254,8.58481309509,8.66036666667,False
0,5662,255,8.64754161833,8.6937,False
0,5663,255,8.6355081212,8.6937,False
0,5664,255,8.6264241681,8.6937,False
0,5665,255,8.67113630368,8.6937,False
0,5666,255,8.53584771586,8.6937,False
0,5667,255,8.63970284852,8.6937,False
0,5668,255,8.6511944949,8.6937,False
0,5669,255,8.63140678747,8.6937,False
0,5670,256,8.68168905768,8.72703333333,False
0,5671,256,8.71779599376,8.72703333333,False
0,5672,256,8.67580287766,8.72703333333,False
0,5673,256,8.66020731,8.72703333333,False
0,5674,257,8.68528838244,8.76036666667,False
0,5675,257,8.71859590284,8.76036666667,False
0,5676,257,8.71452804094,8.76036666667,False
0,5677,257,8.69111334255,8.76036666667,False
0,5678,257,8.6828364721,8.76036666667,False
0,5679,258,8.73245421183,8.7937,False
0,5680,258,8.73155849667,8.7937,False
0,5681,258,8.69795049186,8.7937,False
0,5682,258,8.70578193188,8.7937,False
0,5683,258,8.73298370773,8.7937,False
0,5684,258,8.7274278189,8.7937,False
0,5685,258,8.69209069412,8.7937,False
0,5686,258,8.73216509505,8.7937,False
0,5687,258,8.68768542788,8.7937,False
0,5688,259,8.74313332455,8.82703333333,False
0,5689,259,8.73802081234,8.82703333333,False
0,5690,259,8.76862593508,8.82703333333,False
0,5691,259,8.79932733695,8.82703333333,False
0,5692,259,8.80027121001,8.82703333333,False
0,5693,259,8.72234856699,8.82703333333,False
0,5694,259,8.71462224562,8.82703333333,False
0,5695,259,8.77863170875,8.82703333333,False
0,5696,259,8.75622463612,8.82703333333,False
0,5697,259,8.77741231973,8.82703333333,False
0,5698,259,8.73894134374,8.82703333333,False
0,5699,259,8.74482758921,8.82703333333,False
0,5700,259,8.72233922075,8.82703333333,False
0,5701,259,8.77092141951,8.82703333333,False
0,5702,259,8.75385810328,8.82703333333,False
0,5703,259,8.71248088087,8.82703333333,False
0,5704,259,8.78121398067,8.82703333333,False
0,5705,259,8.75769684759,8.82703333333,False
0,5706,259,8.74014230737,8.82703333333,False
0,5707,259,8.76465863021,8.82703333333,False
0,5708,259,8.73979176386,8.82703333333,False
0,5709,259,8.76863842745,8.82703333333,False
0,5710,259,8.74455359651,8.82703333333,False
0,5711,259,8.77543126282,8.82703333333,False
0,5712,259,8.70804335381,8.82703333333,False
0,5713,259,8.73865845338,8.82703333333,False
0,5714,259,8.77184722526,8.82703333333,False
0,5715,259,8.72224591048,8.82703333333,False
0,5716,259,8.76820445604,8.82703333333,False
0,5717,259,8.73652647597,8.82703333333,False
0,5718,259,8.75398036177,8.82703333333,False
0,5719,259,8.75136684469,8.82703333333,False
0,5720,259,8.79863613567,8.82703333333,False
0,5721,259,8.72937299052,8.82703333333,False
0,5722,259,8.74517607633,8.82703333333,False
0,5723,259,8.72713013755,8.82703333333,False
0,5724,259,8.77185769165,8.82703333333,False
0,5725,259,8.74766082365,8.82703333333,False
0,5726,259,8.7555323674,8.82703333333,False
0,5727,259,8.72489484702,8.82703333333,False
0,5728,259,8.78815893419,8.82703333333,False
0,5729,259,8.79032677295,8.82703333333,False
0,5730,259,8.76290170312,8.82703333333,False
0,5731,259,8.71273712985,8.82703333333,False
0,5732,259,8.73181402906,8.82703333333,False
0,5733,259,8.78686849699,8.82703333333,False
0,5734,259,8.73956567449,8.82703333333,False
0,5735,259,8.79927238013,8.82703333333,False
0,5736,259,8.78894978871,8.82703333333,False
0,5737,259,8.75320765828,8.82703333333,False
0,5738,259,8.752762559,8.82703333333,False
0,5739,259,8.73811794489,8.82703333333,False
0,5740,259,8.81867679579,8.82703333333,False
0,5741,259,8.72904645067,8.82703333333,False
0,5742,259,8.8090449258,8.82703333333,False
0,5743,259,8.75980626044,8.82703333333,False
0,5744,259,8.78960954147,8.82703333333,False
0,5745,259,8.71586318593,8.82703333333,False
0,5746,259,8.7734693574,8.82703333333,False
0,5747,259,8.73208679853,8.82703333333,False
0,5748,259,8.74226388421,8.82703333333,False
0,5749,259,8.77627436129,8.82703333333,False
0,5750,259,8.77306560029,8.82703333333,False
0,5751,259,8.79167462705,8.82703333333,False
0,5752,259,8.76016098046,8.82703333333,False
0,5753,259,8.76499178166,8.82703333333,False
0,5754,259,8.77438614102,8.82703333333,False
0,5755,259,8.76889607946,8.82703333333,False
0,5756,259,8.76170059831,8.82703333333,False
0,5757,259,8.74037615152,8.82703333333,False
0,5758,259,8.79849511209,8.82703333333,False
0,5759,259,8.75039580083,8.82703333333,False
0,5760,259,8.76419528261,8.82703333333,False
0,5761,259,8.75288756901,8.82703333333,False
0,5762,259,8.75161279705,8.82703333333,False
0,5763,259,8.73378883582,8.82703333333,False
0,5764,259,8.79497078764,8.82703333333,False
0,5765,259,8.77154526127,8.82703333333,False
0,5766,259,8.75807002998,8.82703333333,False
0,5767,259,8.75325503881,8.82703333333,False
0,5768,259,8.75767581956,8.82703333333,False
0,5769,259,8.74586754346,8.82703333333,False
0,5770,259,8.78300320471,8.82703333333,False
0,5771,259,8.77457952436,8.82703333333,False
0,5772,259,8.81034962494,8.82703333333,False
0,5773,259,8.7352685424,8.82703333333,False
0,5774,259,8.76951604187,8.82703333333,False
0,5775,259,8.68821523548,8.82703333333,False
0,5776,259,8.77160252221,8.82703333333,False
0,5777,259,8.7752356511,8.82703333333,False
0,5778,259,8.75105650918,8.82703333333,False
0,5779,259,8.7598827146,8.82703333333,False
0,5780,259,8.73745000088,8.82703333333,False
0,5781,259,8.77639641212,8.82703333333,False
0,5782,259,8.71563994732,8.82703333333,False
0,5783,259,8.74850498975,8.82703333333,False
0,5784,259,8.77424316452,8.82703333333,False
0,5785,259,8.74939027512,8.82703333333,False
0,5786,259,8.71595231071,8.82703333333,False
0,5787,259,8.77350346151,8.82703333333,False
0,5788,259,8.75866026175,8.82703333333,False
0,5789,259,8.76710149679,8.82703333333,False
0,5790,259,8.81117986081,8.82703333333,False
0,5791,259,8.74552442903,8.82703333333,False
0,5792,259,8.7740581272,8.82703333333,False
0,5793,259,8.7501356475,8.82703333333,False
0,5794,259,8.77431805385,8.82703333333,False
0,5795,259,8.75454914715,8.82703333333,False
0,5796,259,8.76526561019,8.82703333333,False
0,5797,259,8.80090504701,8.82703333333,False
0,5798,259,8.75321204952,8.82703333333,False
0,5799,259,8.76632019805,8.82703333333,False
0,5800,259,8.76569399886,8.82703333333,False
0,5801,259,8.72214629067,8.82703333333,False
0,5802,259,8.76075876381,8.82703333333,False
0,5803,259,8.78645036784,8.82703333333,False
0,5804,259,8.72938602664,8.82703333333,False
0,5805,259,8.75550222193,8.82703333333,False
0,5806,259,8.74309839656,8.82703333333,False
0,5807,259,8.74235403087,8.82703333333,False
0,5808,259,8.81220483666,8.82703333333,False
0,5809,259,8.79063626793,8.82703333333,False
0,5810,259,8.72128213152,8.82703333333,False
0,5811,259,8.72904103393,8.82703333333,False
0,5812,259,8.74354273353,8.82703333333,False
0,5813,259,8.75782027411,8.82703333333,False
0,5814,259,8.75167139634,8.82703333333,False
0,5815,259,8.7866473996,8.82703333333,False
0,5816,259,8.75075050103,8.82703333333,False
0,5817,259,8.73913833559,8.82703333333,False
0,5818,259,8.76505693669,8.82703333333,False
0,5819,259,8.76738986116,8.82703333333,False
0,5820,259,8.71376945391,8.82703333333,False
0,5821,259,8.80722149492,8.82703333333,False
0,5822,259,8.7238962233,8.82703333333,False
0,5823,259,8.73128523932,8.82703333333,False
0,5824,259,8.77413275369,8.82703333333,False
0,5825,259,8.74737250086,8.82703333333,False
0,5826,259,8.7338261805,8.82703333333,False
0,5827,259,8.80524414112,8.82703333333,False
0,5828,259,8.77887390659,8.82703333333,False
0,5829,259,8.75178744283,8.82703333333,False
0,5830,259,8.76904902799,8.82703333333,False
0,5831,259,8.77018112424,8.82703333333,False
0,5832,259,8.77109388222,8.82703333333,False
0,5833,259,8.76779541727,8.82703333333,False
0,5834,259,8.76670672417,8.82703333333,False
0,5835,259,8.76238256918,8.82703333333,False
0,5836,259,8.75487137249,8.82703333333,False
0,5837,259,8.75281547995,8.82703333333,False
0,5838,259,8.76405145517,8.82703333333,False
0,5839,259,8.79171718366,8.82703333333,False
0,5840,259,8.78895827388,8.82703333333,False
0,5841,259,8.77606697743,8.82703333333,False
0,5842,259,8.75746190821,8.82703333333,False
0,5843,259,8.73876546197,8.82703333333,False
0,5844,259,8.77571283767,8.82703333333,False
0,5845,259,8.77202513707,8.82703333333,False
0,5846,259,8.76349236013,8.82703333333,False
0,5847,259,8.76219794762,8.82703333333,False
0,5848,259,8.7543944667,8.82703333333,False
0,5849,259,8.76180374155,8.82703333333,False
0,5850,259,8.75025044714,8.82703333333,False
0,5851,259,8.74959523825,8.82703333333,False
0,5852,259,8.75309238645,8.82703333333,False
0,5853,259,8.75560436723,8.82703333333,False
0,5854,259,8.74411802514,8.82703333333,False
0,5855,259,8.76855674738,8.82703333333,False
0,5856,259,8.75173228746,8.82703333333,False
0,5857,259,8.73592752228,8.82703333333,False
0,5858,259,8.7434661542,8.82703333333,False
0,5859,259,8.756679527,8.82703333333,False
0,5860,259,8.71056401213,8.82703333333,False
0,5861,259,8.71150627115,8.82703333333,False
0,5862,259,8.75074165922,8.82703333333,False
0,5863,259,8.74717598713,8.82703333333,False
0,5864,259,8.78177138428,8.82703333333,False
0,5865,259,8.75814326111,8.82703333333,False
0,5866,259,8.78368570256,8.82703333333,False
0,5867,259,8.79600726124,8.82703333333,False
0,5868,259,8.77879858588,8.82703333333,False
0,5869,259,8.76808613536,8.82703333333,False
0,5870,259,8.75824335274,8.82703333333,False
0,5871,259,8.77070849394,8.82703333333,False
0,5872,259,8.77438015505,8.82703333333,False
0,5873,259,8.76456990973,8.82703333333,False
0,5874,259,8.76862205847,8.82703333333,False
0,5875,259,8.79377098206,8.82703333333,False
0,5876,259,8.77983030388,8.82703333333,False
0,5877,259,8.79912301512,8.82703333333,False
0,5878,259,8.74635735438,8.82703333333,False
0,5879,259,8.76820376658,8.82703333333,False
0,5880,259,8.72518146351,8.82703333333,False
0,5881,259,8.75749504117,8.82703333333,False
0,5882,259,8.72264349043,8.82703333333,False
0,5883,259,8.76791333791,8.82703333333,False
0,5884,259,8.74726716659,8.82703333333,False
0,5885,259,8.76760543233,8.82703333333,False
0,5886,259,8.72902385631,8.82703333333,False
0,5887,259,8.74241832463,8.82703333333,False
0,5888,259,8.78016762835,8.82703333333,False
0,5889,259,8.78599248499,8.82703333333,False
0,5890,259,8.7221902108,8.82703333333,False
0,5891,259,8.77331716394,8.82703333333,False
0,5892,259,8.74880971691,8.82703333333,False
0,5893,259,8.76148063826,8.82703333333,False
0,5894,259,8.7364797627,8.82703333333,False
0,5895,259,8.79767255532,8.82703333333,False
0,5896,259,8.76947750173,8.82703333333,False
0,5897,259,8.74140882113,8.82703333333,False
0,5898,259,8.77598215374,8.82703333333,False
0,5899,259,8.80693382499,8.82703333333,False
0,5900,259,8.75983986534,8.82703333333,False
0,5901,259,8.76055716956,8.82703333333,False
0,5902,259,8.81051141418,8.82703333333,False
0,5903,259,8.75046032706,8.82703333333,False
0,5904,259,8.75645064928,8.82703333333,False
0,5905,259,8.72611282621,8.82703333333,False
0,5906,259,8.72534016607,8.82703333333,False
0,5907,259,8.78977258058,8.82703333333,False
0,5908,259,8.78073649022,8.82703333333,False
0,5909,259,8.73175652294,8.82703333333,False
0,5910,259,8.79303061021,8.82703333333,False
0,5911,259,8.77510826034,8.82703333333,False
0,5912,259,8.75398905371,8.82703333333,False
0,5913,259,8.79466146273,8.82703333333,False
0,5914,259,8.73513801473,8.82703333333,False
0,5915,259,8.75148440104,8.82703333333,False
0,5916,259,8.74289660402,8.82703333333,False
0,5917,259,8.80848324312,8.82703333333,False
0,5918,259,8.73106289914,8.82703333333,False
0,5919,259,8.74677431698,8.82703333333,False
0,5920,259,8.76851354649,8.82703333333,False
0,5921,260,8.73217602484,8.86036666667,False
0,5922,260,8.8079728547,8.86036666667,False
0,5923,260,8.7948215989,8.86036666667,False
0,5924,260,8.77269604734,8.86036666667,False
0,5925,260,8.79774720507,8.86036666667,False
0,5926,260,8.82143661452,8.86036666667,False
0,5927,260,8.81875366128,8.86036666667,False
0,5928,260,8.78521864222,8.86036666667,False
0,5929,260,8.74473418326,8.86036666667,False
0,5930,260,8.82033491442,8.86036666667,False
0,5931,260,8.77785764529,8.86036666667,False
0,5932,261,8.84968016757,8.8937,False
0,5933,261,8.80538164717,8.8937,False
0,5934,261,8.81150121768,8.8937,False
0,5935,261,8.85002789199,8.8937,False
0,5936,261,8.76871410921,8.8937,False
0,5937,261,8.89636839307,8.8937,True
0,5938,262,8.8521484169,8.92703333333,False
0,5939,262,8.85022623056,8.92703333333,False
0,5940,262,8.85215728932,8.92703333333,False
0,5941,262,8.89074356048,8.92703333333,False
0,5942,263,8.87035459563,8.96036666667,False
0,5943,263,8.87098551658,8.96036666667,False
0,5944,263,8.84120539097,8.96036666667,False
0,5945,263,8.93137690858,8.96036666667,False
0,5946,263,8.86539580076,8.96036666667,False
0,5947,264,8.92859056408,8.9937,False
0,5948,264,8.91093334212,8.9937,False
0,5949,264,8.87863228543,8.9937,False
0,5950,264,8.90243507866,8.9937,False
0,5951,264,8.91696660514,8.9937,False
0,5952,264,8.93680108804,8.9937,False
0,5953,264,8.93202058513,8.9937,False
0,5954,264,8.91200996083,8.9937,False
0,5955,264,8.96645920125,8.9937,False
0,5956,264,8.98524518282,8.9937,False
0,5957,264,8.97890140821,8.9937,False
0,5958,264,8.90133858279,8.9937,False
0,5959,264,8.94116460557,8.9937,False
0,5960,264,8.90061137188,8.9937,False
0,5961,264,8.93234814504,8.9937,False
0,5962,264,8.88233030598,8.9937,False
0,5963,264,8.89550666762,8.9937,False
0,5964,264,8.95528707445,8.9937,False
0,5965,264,8.93997459414,8.9937,False
0,5966,264,8.94026112368,8.9937,False
0,5967,264,8.910201548,8.9937,False
0,5968,264,8.91773381303,8.9937,False
0,5969,264,8.96619842949,8.9937,False
0,5970,264,8.94064542408,8.9937,False
0,5971,264,8.92992186948,8.9937,False
0,5972,264,8.83057402869,8.9937,False
0,5973,264,8.92451227962,8.9937,False
0,5974,264,8.91289564751,8.9937,False
0,5975,264,8.92410695988,8.9937,False
0,5976,264,8.93045772966,8.9937,False
0,5977,264,8.93859039423,8.9937,False
0,5978,264,8.92612632776,8.9937,False
0,5979,264,8.94517760134,8.9937,False
0,5980,264,8.95072380197,8.9937,False
0,5981,264,8.96360678079,8.9937,False
0,5982,264,8.90630103215,8.9937,False
0,5983,264,8.89348843849,8.9937,False
0,5984,264,8.94722646308,8.9937,False
0,5985,264,8.932906076,8.9937,False
0,5986,264,8.91701535509,8.9937,False
0,5987,264,8.91856346331,8.9937,False
0,5988,264,8.94510795316,8.9937,False
0,5989,264,8.90662017832,8.9937,False
0,5990,264,8.9387746254,8.9937,False
0,5991,264,8.95896778266,8.9937,False
0,5992,264,8.94104385867,8.9937,False
0,5993,264,8.94045748296,8.9937,False
0,5994,264,8.9787406275,8.9937,False
0,5995,264,8.89961804955,8.9937,False
0,5996,264,8.94442721326,8.9937,False
0,5997,264,8.95472654225,8.9937,False
0,5998,264,8.92364621855,8.9937,False
0,5999,264,8.93477126494,8.9937,False
0,6000,264,8.91741919957,8.9937,False
0,6001,264,8.90191496829,8.9937,False
0,6002,264,8.93606628635,8.9937,False
0,6003,264,8.88374345601,8.9937,False
0,6004,264,8.91658765139,8.9937,False
0,6005,264,8.9392280328,8.9937,False
0,6006,264,8.91145454981,8.9937,False
0,6007,264,8.86316851597,8.9937,False
0,6008,264,8.93953273568,8.9937,False
0,6009,264,8.89357990926,8.9937,False
0,6010,264,8.92912787713,8.9937,False
0,6011,264,8.90721146757,8.9937,False
0,6012,264,8.89755179353,8.9937,False
0,6013,264,8.93848235807,8.9937,False
0,6014,264,8.94848184636,8.9937,False
0,6015,264,8.93557168729,8.9937,False
0,6016,264,8.96297027264,8.9937,False
0,6017,264,8.9431923091,8.9937,False
0,6018,264,8.93139469239,8.9937,False
0,6019,264,8.94627698536,8.9937,False
0,6020,264,8.94895029056,8.9937,False
0,6021,264,8.95890951362,8.9937,False
0,6022,264,8.90893095035,8.9937,False
0,6023,264,8.92634473469,8.9937,False
0,6024,264,8.95797779278,8.9937,False
0,6025,264,8.9149600254,8.9937,False
0,6026,264,8.90206014369,8.9937,False
0,6027,264,8.91739167275,8.9937,False
0,6028,264,8.93935294246,8.9937,False
0,6029,264,8.89995497206,8.9937,False
0,6030,264,8.91193574625,8.9937,False
0,6031,264,8.91851495302,8.9937,False
0,6032,264,8.88699874623,8.9937,False
0,6033,264,8.93864480515,8.9937,False
0,6034,264,8.94066087595,8.9937,False
0,6035,264,8.88881539126,8.9937,False
0,6036,264,8.91766295362,8.9937,False
0,6037,264,8.89859115076,8.9937,False
0,6038,264,8.94072342412,8.9937,False
0,6039,264,8.95181637922,8.9937,False
0,6040,264,8.89825567261,8.9937,False
0,6041,264,8.91009423787,8.9937,False
0,6042,264,8.89475531772,8.9937,False
0,6043,264,8.95657751862,8.9937,False
0,6044,264,8.91722472744,8.9937,False
0,6045,264,8.93954160384,8.9937,False
0,6046,264,8.90172763991,8.9937,False
0,6047,264,8.89413236921,8.9937,False
0,6048,264,8.85641031721,8.9937,False
0,6049,264,8.92849921552,8.9937,False
0,6050,264,8.91798332485,8.9937,False
0,6051,264,8.94991898455,8.9937,False
0,6052,264,8.91844338912,8.9937,False
0,6053,264,8.94455365465,8.9937,False
0,6054,264,8.9067707445,8.9937,False
0,6055,264,8.91846649749,8.9937,False
0,6056,264,8.93664774564,8.9937,False
0,6057,264,8.94460154003,8.9937,False
0,6058,264,8.91666535872,8.9937,False
0,6059,264,8.89325279713,8.9937,False
0,6060,264,8.98572702779,8.9937,False
0,6061,264,8.89735531531,8.9937,False
0,6062,264,8.89838766072,8.9937,False
0,6063,264,8.93342661316,8.9937,False
0,6064,264,8.88992684785,8.9937,False
0,6065,264,8.9186116664,8.9937,False
0,6066,264,8.97876772116,8.9937,False
0,6067,264,8.91921225457,8.9937,False
0,6068,264,8.91165571792,8.9937,False
0,6069,264,8.9203861511,8.9937,False
0,6070,264,8.92921516415,8.9937,False
0,6071,264,8.99101295463,8.9937,False
0,6072,264,8.935695762,8.9937,False
0,6073,264,8.93767542254,8.9937,False
0,6074,264,8.87467423691,8.9937,False
0,6075,264,8.88999922493,8.9937,False
0,6076,264,8.9473132737,8.9937,False
0,6077,264,8.88350973834,8.9937,False
0,6078,264,8.94475020588,8.9937,False
0,6079,264,8.96210800133,8.9937,False
0,6080,264,8.92391394472,8.9937,False
0,6081,264,8.93525083144,8.9937,False
0,6082,264,8.93454406845,8.9937,False
0,6083,264,8.98831898893,8.9937,False
0,6084,264,8.9182406784,8.9937,False
0,6085,264,8.90957082707,8.9937,False
0,6086,264,8.95478635173,8.9937,False
0,6087,264,8.95277550054,8.9937,False
0,6088,264,8.94056022704,8.9937,False
0,6089,264,8.91707155828,8.9937,False
0,6090,264,8.94554376367,8.9937,False
0,6091,264,8.8620455361,8.9937,False
0,6092,264,8.90169100084,8.9937,False
0,6093,264,8.94702171923,8.9937,False
0,6094,264,8.92213854508,8.9937,False
0,6095,264,8.95314058084,8.9937,False
0,6096,264,8.88863802104,8.9937,False
0,6097,264,8.91100367156,8.9937,False
0,6098,264,8.94586876695,8.9937,False
0,6099,264,8.92378862255,8.9937,False
0,6100,264,8.96082763024,8.9937,False
0,6101,264,8.92127113337,8.9937,False
0,6102,264,8.93633513719,8.9937,False
0,6103,264,8.93962917831,8.9937,False
0,6104,264,8.9270742449,8.9937,False
0,6105,264,8.92668128832,8.9937,False
0,6106,264,8.92153335336,8.9937,False
0,6107,264,8.93079214724,8.9937,False
0,6108,264,8.93178441457,8.9937,False
0,6109,264,8.9425607134,8.9937,False
0,6110,264,8.89693532585,8.9937,False
0,6111,264,8.9226289167,8.9937,False
0,6112,264,8.90799945183,8.9937,False
0,6113,264,8.91338008659,8.9937,False
0,6114,264,8.92513070564,8.9937,False
0,6115,264,8.92491602988,8.9937,False
0,6116,264,8.90644836789,8.9937,False
0,6117,264,8.91512660474,8.9937,False
0,6118,264,8.9334926352,8.9937,False
0,6119,264,8.90300192843,8.9937,False
0,6120,264,8.93093372541,8.9937,False
0,6121,264,8.89901390106,8.9937,False
0,6122,264,8.89886226592,8.9937,False
0,6123,264,8.9206470886,8.9937,False
0,6124,264,8.88342697186,8.9937,False
0,6125,264,8.92379677231,8.9937,False
0,6126,264,8.91121362837,8.9937,False
0,6127,264,8.94318080055,8.9937,False
0,6128,264,8.90823587337,8.9937,False
0,6129,264,8.94237819875,8.9937,False
0,6130,264,8.94117777288,8.9937,False
0,6131,264,8.9440411409,8.9937,False
0,6132,264,8.95129297379,8.9937,False
0,6133,264,8.92160438681,8.9937,False
0,6134,264,8.94517242207,8.9937,False
0,6135,264,8.92810060539,8.9937,False
0,6136,264,8.88899772679,8.9937,False
0,6137,264,9.00072535051,8.9937,True
0,6138,264,8.87654423468,8.9937,False
0,6139,264,8.9558306624,8.9937,False
0,6140,264,8.93923749309,8.9937,False
0,6141,264,8.93080030424,8.9937,False
0,6142,264,8.93456239937,8.9937,False
0,6143,264,8.94091517359,8.9937,False
0,6144,264,8.92600883249,8.9937,False
0,6145,264,8.91623219108,8.9937,False
0,6146,264,8.94924562631,8.9937,False
0,6147,264,8.90888249504,8.9937,False
0,6148,264,8.91871233598,8.9937,False
0,6149,264,8.92855311133,8.9937,False
0,6150,264,8.99021777163,8.9937,False
0,6151,264,8.91064002681,8.9937,False
0,6152,264,8.92345320532,8.9937,False
0,6153,264,8.88368145141,8.9937,False
0,6154,264,8.89153558113,8.9937,False
0,6155,264,8.91645381315,8.9937,False
0,6156,264,8.91449187183,8.9937,False
0,6157,264,8.92881192195,8.9937,False
0,6158,264,8.89927805409,8.9937,False
0,6159,264,8.91502302519,8.9937,False
0,6160,264,8.88722280988,8.9937,False
0,6161,264,8.88723069436,8.9937,False
0,6162,264,8.95921543946,8.9937,False
0,6163,264,8.92475287854,8.9937,False
0,6164,264,8.932415434,8.9937,False
0,6165,264,8.89522999814,8.9937,False
0,6166,264,8.96748959179,8.9937,False
0,6167,264,8.86828558632,8.9937,False
0,6168,264,8.93185450823,8.9937,False
0,6169,264,8.91930741787,8.9937,False
0,6170,264,8.96977447475,8.9937,False
0,6171,264,8.93917696858,8.9937,False
0,6172,264,8.97563223759,8.9937,False
0,6173,264,8.90520389618,8.9937,False
0,6174,264,8.94985727374,8.9937,False
0,6175,264,8.93158989205,8.9937,False
0,6176,264,8.96178564777,8.9937,False
0,6177,264,8.96830392998,8.9937,False
0,6178,265,8.93765230531,9.02703333333,False
0,6179,265,8.93228355101,9.02703333333,False
0,6180,265,8.93625305211,9.02703333333,False
0,6181,265,8.9651350224,9.02703333333,False
0,6182,265,8.96691113732,9.02703333333,False
0,6183,265,8.96504232722,9.02703333333,False
0,6184,265,8.9252093344,9.02703333333,False
0,6185,265,8.99653369663,9.02703333333,False
0,6186,265,9.00263592536,9.02703333333,False
0,6187,265,8.92508135547,9.02703333333,False
0,6188,265,8.98840273211,9.02703333333,False
0,6189,265,8.9580723613,9.02703333333,False
0,6190,266,9.0405260598,9.06036666667,False
0,6191,266,9.04976299293,9.06036666667,False
0,6192,266,8.97705915061,9.06036666667,False
0,6193,266,8.98868774918,9.06036666667,False
0,6194,266,8.97269572773,9.06036666667,False
0,6195,266,9.00861789762,9.06036666667,False
0,6196,267,9.04920869148,9.0937,False
0,6197,267,8.99078799441,9.0937,False
0,6198,267,9.05090230842,9.0937,False
0,6199,267,9.03530068975,9.0937,False
0,6200,268,9.10001104324,9.12703333333,False
0,6201,268,9.05792730619,9.12703333333,False
0,6202,268,9.06314547816,9.12703333333,False
0,6203,268,9.02507892953,9.12703333333,False
0,6204,268,9.01716440793,9.12703333333,False
0,6205,269,9.080902439,9.16036666667,False
0,6206,269,9.13495179056,9.16036666667,False
0,6207,269,9.13745722545,9.16036666667,False
0,6208,269,9.09834631752,9.16036666667,False
0,6209,269,9.04181710245,9.16036666667,False
0,6210,269,9.11846425717,9.16036666667,False
0,6211,269,9.09357988969,9.16036666667,False
0,6212,269,9.0942903226,9.16036666667,False
0,6213,269,9.1066455775,9.16036666667,False
0,6214,269,9.10523073746,9.16036666667,False
0,6215,269,9.08128343503,9.16036666667,False
0,6216,269,9.05928276586,9.16036666667,False
0,6217,269,9.08151681104,9.16036666667,False
0,6218,269,9.08767535391,9.16036666667,False
0,6219,269,9.09512145033,9.16036666667,False
0,6220,269,9.10183252297,9.16036666667,False
0,6221,269,9.07580135301,9.16036666667,False
0,6222,269,9.0965787329,9.16036666667,False
0,6223,269,9.09741977918,9.16036666667,False
0,6224,269,9.11613590733,9.16036666667,False
0,6225,269,9.13033676944,9.16036666667,False
0,6226,269,9.11360692487,9.16036666667,False
0,6227,269,9.08392457066,9.16036666667,False
0,6228,269,9.10128978271,9.16036666667,False
0,6229,269,9.08758513148,9.16036666667,False
0,6230,269,9.05370121116,9.16036666667,False
0,6231,269,9.10067671329,9.16036666667,False
0,6232,269,9.05626125973,9.16036666667,False
0,6233,269,9.0946224108,9.16036666667,False
0,6234,269,9.08337908379,9.16036666667,False
0,6235,269,9.09684846882,9.16036666667,False
0,6236,269,9.13681557894,9.16036666667,False
0,6237,269,9.04857059188,9.16036666667,False
0,6238,269,9.07633366804,9.16036666667,False
0,6239,269,9.10245970655,9.16036666667,False
0,6240,269,9.10255690602,9.16036666667,False
0,6241,269,9.07905347049,9.16036666667,False
0,6242,269,9.13029102711,9.16036666667,False
0,6243,269,9.04911277397,9.16036666667,False
0,6244,269,9.07641357662,9.16036666667,False
0,6245,269,9.10164914262,9.16036666667,False
0,6246,269,9.1113309238,9.16036666667,False
0,6247,269,9.04160249852,9.16036666667,False
0,6248,269,9.07317844885,9.16036666667,False
0,6249,269,9.10173876899,9.16036666667,False
0,6250,269,9.08573608544,9.16036666667,False
0,6251,269,9.08727298321,9.16036666667,False
0,6252,269,9.0951532038,9.16036666667,False
0,6253,269,9.06131361704,9.16036666667,False
0,6254,269,9.09788867629,9.16036666667,False
0,6255,269,9.08698707078,9.16036666667,False
0,6256,269,9.09815533875,9.16036666667,False
0,6257,269,9.09483588304,9.16036666667,False
0,6258,269,9.12016875237,9.16036666667,False
0,6259,269,9.09287488936,9.16036666667,False
0,6260,269,9.07535211228,9.16036666667,False
0,6261,269,9.16302385713,9.16036666667,True
0,6262,269,9.09613684619,9.16036666667,False
0,6263,269,9.11510986945,9.16036666667,False
0,6264,269,9.12052297747,9.16036666667,False
0,6265,269,9.10042244767,9.16036666667,False
0,6266,269,9.08639646809,9.16036666667,False
0,6267,269,9.08211110884,9.16036666667,False
0,6268,269,9.15462157948,9.16036666667,False
0,6269,269,9.09749530075,9.16036666667,False
0,6270,269,9.05659000838,9.16036666667,False
0,6271,269,9.0975239157,9.16036666667,False
0,6272,269,9.10071268744,9.16036666667,False
0,6273,269,9.06698009679,9.16036666667,False
0,6274,269,9.08242547604,9.16036666667,False
0,6275,269,9.13980238948,9.16036666667,False
0,6276,269,9.07521427592,9.16036666667,False
0,6277,269,9.11687281234,9.16036666667,False
0,6278,269,9.08643939124,9.16036666667,False
0,6279,269,9.04544163968,9.16036666667,False
0,6280,269,9.07433101404,9.16036666667,False
0,6281,269,9.1065214992,9.16036666667,False
0,6282,269,9.0661428617,9.16036666667,False
0,6283,269,9.11404747523,9.16036666667,False
0,6284,269,9.09899388994,9.16036666667,False
0,6285,269,9.06581671199,9.16036666667,False
0,6286,269,9.09676543757,9.16036666667,False
0,6287,269,9.11078329687,9.16036666667,False
0,6288,269,9.1178634303,9.16036666667,False
0,6289,269,9.04451373078,9.16036666667,False
0,6290,269,9.12260158972,9.16036666667,False
0,6291,269,9.09719043863,9.16036666667,False
0,6292,269,9.11446090119,9.16036666667,False
0,6293,269,9.09293618218,9.16036666667,False
0,6294,269,9.05662612485,9.16036666667,False
0,6295,269,9.06845853577,9.16036666667,False
0,6296,269,9.10488935057,9.16036666667,False
0,6297,269,9.08493221385,9.16036666667,False
0,6298,269,9.07252763678,9.16036666667,False
0,6299,269,9.0451351232,9.16036666667,False
0,6300,269,9.09310375928,9.16036666667,False
0,6301,269,9.10139791798,9.16036666667,False
0,6302,269,9.12865802515,9.16036666667,False
0,6303,269,9.14209172521,9.16036666667,False
0,6304,269,9.08505288335,9.16036666667,False
0,6305,269,9.08186758618,9.16036666667,False
0,6306,269,9.0963948764,9.16036666667,False
0,6307,269,9.1164205289,9.16036666667,False
0,6308,269,9.07229647938,9.16036666667,False
0,6309,269,9.09191532701,9.16036666667,False
0,6310,269,9.12670554418,9.16036666667,False
0,6311,269,9.07648358527,9.16036666667,False
0,6312,269,9.08442306264,9.16036666667,False
0,6313,269,9.10127075359,9.16036666667,False
0,6314,269,9.09631917749,9.16036666667,False
0,6315,269,9.10975970869,9.16036666667,False
0,6316,269,9.09179230757,9.16036666667,False
0,6317,269,9.08476376578,9.16036666667,False
0,6318,269,9.09904650644,9.16036666667,False
0,6319,269,9.07395788788,9.16036666667,False
0,6320,269,9.0880784427,9.16036666667,False
0,6321,269,9.08415934726,9.16036666667,False
0,6322,269,9.10026436335,9.16036666667,False
0,6323,269,9.09393153015,9.16036666667,False
0,6324,269,9.11408525145,9.16036666667,False
0,6325,269,9.11329707539,9.16036666667,False
0,6326,269,9.1019307221,9.16036666667,False
0,6327,269,9.04974879785,9.16036666667,False
0,6328,269,9.09709900963,9.16036666667,False
0,6329,269,9.04698952665,9.16036666667,False
0,6330,269,9.08367135028,9.16036666667,False
0,6331,269,9.10055991875,9.16036666667,False
0,6332,269,9.07339368584,9.16036666667,False
0,6333,269,9.11422408419,9.16036666667,False
0,6334,269,9.04892449049,9.16036666667,False
0,6335,269,9.09346262184,9.16036666667,False
0,6336,269,9.07970618083,9.16036666667,False
0,6337,269,9.07646233646,9.16036666667,False
0,6338,269,9.10398558964,9.16036666667,False
0,6339,269,9.09563972807,9.16036666667,False
0,6340,269,9.107662509,9.16036666667,False
0,6341,269,9.05347154095,9.16036666667,False
0,6342,269,9.10547634061,9.16036666667,False
0,6343,269,9.1011689724,9.16036666667,False
0,6344,269,9.08876500577,9.16036666667,False
0,6345,269,9.08789811375,9.16036666667,False
0,6346,269,9.10112051366,9.16036666667,False
0,6347,269,9.05927149504,9.16036666667,False
0,6348,269,9.0916397525,9.16036666667,False
0,6349,269,9.1105490506,9.16036666667,False
0,6350,269,9.07939030205,9.16036666667,False
0,6351,269,9.09002322905,9.16036666667,False
0,6352,269,9.08952072178,9.16036666667,False
0,6353,269,9.06196172004,9.16036666667,False
0,6354,269,9.13626393456,9.16036666667,False
0,6355,269,9.11446394201,9.16036666667,False
0,6356,269,9.13837072618,9.16036666667,False
0,6357,269,9.07433410855,9.16036666667,False
0,6358,269,9.09288535857,9.16036666667,False
0,6359,269,9.13462119965,9.16036666667,False
0,6360,269,9.11507961202,9.16036666667,False
0,6361,269,9.08173463352,9.16036666667,False
0,6362,269,9.13694782833,9.16036666667,False
0,6363,269,9.08892463953,9.16036666667,False
0,6364,269,9.08911177529,9.16036666667,False
0,6365,269,9.12105098583,9.16036666667,False
0,6366,269,9.08428908345,9.16036666667,False
0,6367,269,9.09905881321,9.16036666667,False
0,6368,269,9.11862643518,9.16036666667,False
0,6369,269,9.08296754295,9.16036666667,False
0,6370,269,9.05206818541,9.16036666667,False
0,6371,269,9.08478432543,9.16036666667,False
0,6372,269,9.10788651981,9.16036666667,False
0,6373,269,9.10569389867,9.16036666667,False
0,6374,269,9.12840624408,9.16036666667,False
0,6375,269,9.15411218802,9.16036666667,False
0,6376,269,9.08027515308,9.16036666667,False
0,6377,269,9.10793132064,9.16036666667,False
0,6378,269,9.10620649535,9.16036666667,False
0,6379,269,9.10890652074,9.16036666667,False
0,6380,269,9.05894084885,9.16036666667,False
0,6381,269,9.109620521,9.16036666667,False
0,6382,269,9.07375118883,9.16036666667,False
0,6383,269,9.13835288039,9.16036666667,False
0,6384,269,9.11636438904,9.16036666667,False
0,6385,269,9.09332570822,9.16036666667,False
0,6386,269,9.08403076354,9.16036666667,False
0,6387,269,9.08882514603,9.16036666667,False
0,6388,269,9.08098664048,9.16036666667,False
0,6389,269,9.08178077596,9.16036666667,False
0,6390,269,9.12076707124,9.16036666667,False
0,6391,269,9.08920861035,9.16036666667,False
0,6392,269,9.06975816443,9.16036666667,False
0,6393,269,9.07383867822,9.16036666667,False
0,6394,269,9.09240236625,9.16036666667,False
0,6395,269,9.09463589103,9.16036666667,False
0,6396,269,9.08799779883,9.16036666667,False
0,6397,269,9.08579906079,9.16036666667,False
0,6398,269,9.10517050252,9.16036666667,False
0,6399,269,9.13036318274,9.16036666667,False
0,6400,269,9.10063151974,9.16036666667,False
0,6401,269,9.11073546783,9.16036666667,False
0,6402,269,9.12148796039,9.16036666667,False
0,6403,269,9.07901982427,9.16036666667,False
0,6404,269,9.09002197222,9.16036666667,False
0,6405,269,9.03405513882,9.16036666667,False
0,6406,269,9.05703465522,9.16036666667,False
0,6407,269,9.08865376704,9.16036666667,False
0,6408,269,9.11930400006,9.16036666667,False
0,6409,269,9.10864087841,9.16036666667,False
0,6410,269,9.02593506967,9.16036666667,False
0,6411,269,9.12711378391,9.16036666667,False
0,6412,269,9.10724250014,9.16036666667,False
0,6413,269,9.09631581862,9.16036666667,False
0,6414,269,9.07514580025,9.16036666667,False
0,6415,269,9.10651987889,9.16036666667,False
0,6416,269,9.07630868418,9.16036666667,False
0,6417,269,9.09261696551,9.16036666667,False
0,6418,269,9.08021636027,9.16036666667,False
0,6419,269,9.08210537588,9.16036666667,False
0,6420,269,9.10194044122,9.16036666667,False
0,6421,269,9.08889230687,9.16036666667,False
0,6422,269,9.1292678966,9.16036666667,False
0,6423,269,9.09690794904,9.16036666667,False
0,6424,269,9.04636381248,9.16036666667,False
0,6425,269,9.11662683076,9.16036666667,False
0,6426,269,9.0896721556,9.16036666667,False
0,6427,269,9.08894463697,9.16036666667,False
0,6428,269,9.1188812015,9.16036666667,False
0,6429,269,9.10208170658,9.16036666667,False
0,6430,269,9.05724921253,9.16036666667,False
0,6431,269,9.09524064649,9.16036666667,False
0,6432,269,9.05990890239,9.16036666667,False
0,6433,269,9.07537137507,9.16036666667,False
0,6434,269,9.07061541241,9.16036666667,False
0,6435,269,9.09152930053,9.16036666667,False
0,6436,269,9.11270222319,9.16036666667,False
0,6437,269,9.10824777458,9.16036666667,False
0,6438,269,9.06994791364,9.16036666667,False
0,6439,269,9.0865221524,9.16036666667,False
0,6440,269,9.05518029132,9.16036666667,False
0,6441,269,9.11394934046,9.16036666667,False
0,6442,269,9.0706771208,9.16036666667,False
0,6443,269,9.05623933839,9.16036666667,False
0,6444,270,9.10572613251,9.1937,False
0,6445,270,9.14599907726,9.1937,False
0,6446,270,9.13540005714,9.1937,False
0,6447,270,9.06345322701,9.1937,False
0,6448,270,9.1471124027,9.1937,False
0,6449,270,9.13039946371,9.1937,False
0,6450,270,9.08513001411,9.1937,False
0,6451,270,9.13012435006,9.1937,False
0,6452,270,9.08648019738,9.1937,False
0,6453,270,9.16499046838,9.1937,False
0,6454,271,9.1478501832,9.22703333333,False
0,6455,271,9.14768326945,9.22703333333,False
0,6456,271,9.18688972665,9.22703333333,False
0,6457,271,9.18265561622,9.22703333333,False
0,6458,271,9.16532351238,9.22703333333,False
0,6459,272,9.17801454258,9.26036666667,False
0,6460,272,9.18976365114,9.26036666667,False
0,6461,272,9.19823288,9.26036666667,False
0,6462,272,9.24185010819,9.26036666667,False
0,6463,272,9.22720166975,9.26036666667,False
0,6464,273,9.18746551628,9.2937,False
0,6465,273,9.20140899817,9.2937,False
0,6466,273,9.22160302796,9.2937,False
0,6467,273,9.20599016758,9.2937,False
0,6468,273,9.21389360053,9.2937,False
0,6469,273,9.22058430429,9.2937,False
0,6470,274,9.27164831888,9.32703333333,False
0,6471,274,9.27957181073,9.32703333333,False
0,6472,274,9.21846939414,9.32703333333,False
0,6473,274,9.23415524494,9.32703333333,False
0,6474,274,9.27546764929,9.32703333333,False
0,6475,274,9.23999442334,9.32703333333,False
0,6476,274,9.2118560619,9.32703333333,False
0,6477,274,9.25653986094,9.32703333333,False
0,6478,274,9.21840182642,9.32703333333,False
0,6479,274,9.22786350278,9.32703333333,False
0,6480,274,9.23268709749,9.32703333333,False
0,6481,274,9.2288791423,9.32703333333,False
0,6482,274,9.2741045222,9.32703333333,False
0,6483,274,9.27065840261,9.32703333333,False
0,6484,274,9.25501812821,9.32703333333,False
0,6485,274,9.29899514172,9.32703333333,False
0,6486,274,9.23920410896,9.32703333333,False
0,6487,274,9.23035187202,9.32703333333,False
0,6488,274,9.29413563762,9.32703333333,False
0,6489,274,9.29638124558,9.32703333333,False
0,6490,274,9.26974702114,9.32703333333,False
0,6491,274,9.3113019763,9.32703333333,False
0,6492,274,9.2697467672,9.32703333333,False
0,6493,274,9.25405628618,9.32703333333,False
0,6494,274,9.24676581683,9.32703333333,False
0,6495,274,9.25822554877,9.32703333333,False
0,6496,274,9.21516665088,9.32703333333,False
0,6497,274,9.27008312715,9.32703333333,False
0,6498,274,9.24988205199,9.32703333333,False
0,6499,274,9.27435626273,9.32703333333,False
0,6500,274,9.2452326709,9.32703333333,False
0,6501,274,9.30327306171,9.32703333333,False
0,6502,274,9.25410238057,9.32703333333,False
0,6503,274,9.28635656589,9.32703333333,False
0,6504,274,9.2488534333,9.32703333333,False
0,6505,274,9.28386352856,9.32703333333,False
0,6506,274,9.2571630868,9.32703333333,False
0,6507,274,9.2499668644,9.32703333333,False
0,6508,274,9.27156889889,9.32703333333,False
0,6509,274,9.28675471044,9.32703333333,False
0,6510,274,9.30201536434,9.32703333333,False
0,6511,274,9.226404063,9.32703333333,False
0,6512,274,9.23435102243,9.32703333333,False
0,6513,274,9.24254757662,9.32703333333,False
0,6514,274,9.2675729777,9.32703333333,False
0,6515,274,9.2615996508,9.32703333333,False
0,6516,274,9.25988883643,9.32703333333,False
0,6517,274,9.2670179423,9.32703333333,False
0,6518,274,9.2723418428,9.32703333333,False
0,6519,274,9.2834733276,9.32703333333,False
0,6520,274,9.25556085427,9.32703333333,False
0,6521,274,9.23424864829,9.32703333333,False
0,6522,274,9.20189734645,9.32703333333,False
0,6523,274,9.29844362394,9.32703333333,False
0,6524,274,9.24164884303,9.32703333333,False
0,6525,274,9.29056109783,9.32703333333,False
0,6526,274,9.29720145092,9.32703333333,False
0,6527,274,9.26173465862,9.32703333333,False
0,6528,274,9.24939012589,9.32703333333,False
0,6529,274,9.22845266485,9.32703333333,False
0,6530,274,9.26442085947,9.32703333333,False
0,6531,274,9.21936390092,9.32703333333,False
0,6532,274,9.2544312572,9.32703333333,False
0,6533,274,9.25709641313,9.32703333333,False
0,6534,274,9.26889471404,9.32703333333,False
0,6535,274,9.26762604309,9.32703333333,False
0,6536,274,9.31590835274,9.32703333333,False
0,6537,274,9.20046047159,9.32703333333,False
0,6538,274,9.18993808179,9.32703333333,False
0,6539,274,9.28491179943,9.32703333333,False
0,6540,274,9.29439263356,9.32703333333,False
0,6541,274,9.25942315557,9.32703333333,False
0,6542,274,9.25384947465,9.32703333333,False
0,6543,274,9.23038435278,9.32703333333,False
0,6544,274,9.25229280527,9.32703333333,False
0,6545,274,9.25586810512,9.32703333333,False
0,6546,274,9.29337067802,9.32703333333,False
0,6547,274,9.26125963157,9.32703333333,False
0,6548,274,9.26901976514,9.32703333333,False
0,6549,274,9.29179733493,9.32703333333,False
0,6550,274,9.27737945365,9.32703333333,False
0,6551,274,9.29856109672,9.32703333333,False
0,6552,274,9.23347063287,9.32703333333,False
0,6553,274,9.25617673802,9.32703333333,False
0,6554,274,9.24399148301,9.32703333333,False
0,6555,274,9.30093199088,9.32703333333,False
0,6556,274,9.24999547296,9.32703333333,False
0,6557,274,9.26990552039,9.32703333333,False
0,6558,274,9.24105963721,9.32703333333,False
0,6559,274,9.29030030954,9.32703333333,False
0,6560,274,9.26981031088,9.32703333333,False
0,6561,274,9.23752767027,9.32703333333,False
0,6562,274,9.26172359414,9.32703333333,False
0,6563,274,9.29216847883,9.32703333333,False
0,6564,274,9.25638313555,9.32703333333,False
0,6565,274,9.29452447513,9.32703333333,False
0,6566,274,9.25291507899,9.32703333333,False
0,6567,274,9.24319710938,9.32703333333,False
0,6568,274,9.28695055774,9.32703333333,False
0,6569,274,9.27918945384,9.32703333333,False
0,6570,274,9.2728826819,9.32703333333,False
0,6571,274,9.2611716681,9.32703333333,False
0,6572,274,9.28182167706,9.32703333333,False
0,6573,274,9.26704559743,9.32703333333,False
0,6574,274,9.24291696936,9.32703333333,False
0,6575,274,9.20678141375,9.32703333333,False
0,6576,274,9.2822925239,9.32703333333,False
0,6577,274,9.25390621186,9.32703333333,False
0,6578,274,9.18180154237,9.32703333333,False
0,6579,274,9.26897859428,9.32703333333,False
0,6580,274,9.25807903352,9.32703333333,False
0,6581,274,9.27232301008,9.32703333333,False
0,6582,274,9.24910480009,9.32703333333,False
0,6583,274,9.27466185235,9.32703333333,False
0,6584,274,9.26440832352,9.32703333333,False
0,6585,274,9.24939568794,9.32703333333,False
0,6586,274,9.28974711914,9.32703333333,False
0,6587,274,9.22248871757,9.32703333333,False
0,6588,274,9.26690280587,9.32703333333,False
0,6589,274,9.29098658943,9.32703333333,False
0,6590,274,9.24423128346,9.32703333333,False
0,6591,274,9.31315364563,9.32703333333,False
0,6592,274,9.28415680392,9.32703333333,False
0,6593,274,9.26564010954,9.32703333333,False
0,6594,274,9.23354185911,9.32703333333,False
0,6595,274,9.23087305781,9.32703333333,False
0,6596,274,9.23101093593,9.32703333333,False
0,6597,274,9.28065025561,9.32703333333,False
0,6598,274,9.2914826958,9.32703333333,False
0,6599,274,9.26131552912,9.32703333333,False
0,6600,274,9.27223054595,9.32703333333,False
0,6601,274,9.28140010991,9.32703333333,False
0,6602,274,9.22445217599,9.32703333333,False
0,6603,274,9.23578162694,9.32703333333,False
0,6604,274,9.24935081339,9.32703333333,False
0,6605,274,9.25819429855,9.32703333333,False
0,6606,274,9.24953853263,9.32703333333,False
0,6607,274,9.19574599699,9.32703333333,False
0,6608,274,9.2540666778,9.32703333333,False
0,6609,274,9.25895838089,9.32703333333,False
0,6610,274,9.28724355972,9.32703333333,False
0,6611,274,9.30769325054,9.32703333333,False
0,6612,274,9.25109199701,9.32703333333,False
0,6613,274,9.22873567063,9.32703333333,False
0,6614,274,9.26579333661,9.32703333333,False
0,6615,274,9.2961355143,9.32703333333,False
0,6616,274,9.29325520319,9.32703333333,False
0,6617,274,9.2317310126,9.32703333333,False
0,6618,274,9.23086345593,9.32703333333,False
0,6619,274,9.28086106876,9.32703333333,False
0,6620,274,9.25129884018,9.32703333333,False
0,6621,274,9.27299831473,9.32703333333,False
0,6622,274,9.24966125312,9.32703333333,False
0,6623,274,9.25765407911,9.32703333333,False
0,6624,274,9.29025487583,9.32703333333,False
0,6625,274,9.27309242957,9.32703333333,False
0,6626,274,9.22058445034,9.32703333333,False
0,6627,274,9.2766764936,9.32703333333,False
0,6628,274,9.25314707549,9.32703333333,False
0,6629,274,9.23809874886,9.32703333333,False
0,6630,274,9.29657103097,9.32703333333,False
0,6631,274,9.30440316554,9.32703333333,False
0,6632,274,9.27432239636,9.32703333333,False
0,6633,274,9.23059385596,9.32703333333,False
0,6634,274,9.29551044607,9.32703333333,False
0,6635,274,9.2599157332,9.32703333333,False
0,6636,274,9.2696614329,9.32703333333,False
0,6637,274,9.25554306995,9.32703333333,False
0,6638,274,9.25685076992,9.32703333333,False
0,6639,274,9.26416318923,9.32703333333,False
0,6640,274,9.21828463032,9.32703333333,False
0,6641,274,9.26537886688,9.32703333333,False
0,6642,274,9.26560908175,9.32703333333,False
0,6643,274,9.2763267621,9.32703333333,False
0,6644,274,9.29089405743,9.32703333333,False
0,6645,274,9.26998727764,9.32703333333,False
0,6646,274,9.25620410865,9.32703333333,False
0,6647,274,9.31196265462,9.32703333333,False
0,6648,274,9.30306508895,9.32703333333,False
0,6649,274,9.25898337469,9.32703333333,False
0,6650,274,9.23066684952,9.32703333333,False
0,6651,274,9.21742968467,9.32703333333,False
0,6652,274,9.24786382735,9.32703333333,False
0,6653,274,9.28612733607,9.32703333333,False
0,6654,274,9.25961884449,9.32703333333,False
0,6655,274,9.28698724323,9.32703333333,False
0,6656,274,9.27663803101,9.32703333333,False
0,6657,274,9.24268701282,9.32703333333,False
0,6658,274,9.23668254574,9.32703333333,False
0,6659,274,9.27560158312,9.32703333333,False
0,6660,274,9.28537980628,9.32703333333,False
0,6661,274,9.27152203226,9.32703333333,False
0,6662,274,9.27845407,9.32703333333,False
0,6663,274,9.26698423719,9.32703333333,False
0,6664,274,9.2362508047,9.32703333333,False
0,6665,274,9.2182991474,9.32703333333,False
0,6666,274,9.26613507901,9.32703333333,False
0,6667,274,9.24913372824,9.32703333333,False
0,6668,274,9.23004249323,9.32703333333,False
0,6669,274,9.26357515868,9.32703333333,False
0,6670,274,9.27153662378,9.32703333333,False
0,6671,274,9.25831081938,9.32703333333,False
0,6672,274,9.21117120341,9.32703333333,False
0,6673,274,9.25377925661,9.32703333333,False
0,6674,274,9.25423567586,9.32703333333,False
0,6675,274,9.25733569224,9.32703333333,False
0,6676,274,9.21337375094,9.32703333333,False
0,6677,274,9.29139739712,9.32703333333,False
0,6678,274,9.29173999594,9.32703333333,False
0,6679,274,9.25719532439,9.32703333333,False
0,6680,274,9.23628842064,9.32703333333,False
0,6681,274,9.26555484378,9.32703333333,False
0,6682,274,9.25271086978,9.32703333333,False
0,6683,274,9.24710319903,9.32703333333,False
0,6684,274,9.25638036413,9.32703333333,False
0,6685,274,9.29584152558,9.32703333333,False
0,6686,274,9.28121017237,9.32703333333,False
0,6687,274,9.26841421781,9.32703333333,False
0,6688,274,9.23372217253,9.32703333333,False
0,6689,274,9.27476219771,9.32703333333,False
0,6690,274,9.30088994965,9.32703333333,False
0,6691,274,9.23131057435,9.32703333333,False
0,6692,274,9.23575331591,9.32703333333,False
0,6693,274,9.26718520885,9.32703333333,False
0,6694,274,9.2451151502,9.32703333333,False
0,6695,274,9.28424016808,9.32703333333,False
0,6696,274,9.20432940639,9.32703333333,False
0,6697,274,9.30915687296,9.32703333333,False
0,6698,274,9.26111205511,9.32703333333,False
0,6699,274,9.2854911717,9.32703333333,False
0,6700,274,9.24595158985,9.32703333333,False
0,6701,274,9.27324074605,9.32703333333,False
0,6702,274,9.25697536737,9.32703333333,False
0,6703,274,9.24377888115,9.32703333333,False
0,6704,274,9.28787815701,9.32703333333,False
0,6705,274,9.25902817931,9.32703333333,False
0,6706,274,9.18809117456,9.32703333333,False
0,6707,274,9.27654739625,9.32703333333,False
0,6708,274,9.2911198159,9.32703333333,False
0,6709,274,9.23595777273,9.32703333333,False
0,6710,274,9.28097593614,9.32703333333,False
0,6711,274,9.26204562905,9.32703333333,False
0,6712,274,9.26689374405,9.32703333333,False
0,6713,274,9.28519939794,9.32703333333,False
0,6714,275,9.26037165938,9.36036666667,False
0,6715,275,9.26807205568,9.36036666667,False
0,6716,275,9.3048308873,9.36036666667,False
0,6717,275,9.27698851636,9.36036666667,False
0,6718,275,9.26598827944,9.36036666667,False
0,6719,275,9.35108289789,9.36036666667,False
0,6720,275,9.28166890793,9.36036666667,False
0,6721,275,9.3081440627,9.36036666667,False
0,6722,275,9.2838077311,9.36036666667,False
0,6723,275,9.36344469658,9.36036666667,True
0,6724,276,9.36120464203,9.3937,False
0,6725,276,9.2799256474,9.3937,False
0,6726,276,9.31941926922,9.3937,False
0,6727,276,9.37093355984,9.3937,False
0,6728,276,9.30054158249,9.3937,False
0,6729,276,9.35766400107,9.3937,False
0,6730,277,9.34355212113,9.42703333333,False
0,6731,277,9.38725401561,9.42703333333,False
0,6732,277,9.32536115265,9.42703333333,False
0,6733,277,9.35366510384,9.42703333333,False
0,6734,278,9.38899295216,9.46036666667,False
0,6735,278,9.4142831626,9.46036666667,False
0,6736,278,9.39718311111,9.46036666667,False
0,6737,278,9.39018236249,9.46036666667,False
0,6738,278,9.38210339674,9.46036666667,False
0,6739,279,9.40846645202,9.4937,False
0,6740,279,9.44768720828,9.4937,False
0,6741,279,9.46415792208,9.4937,False
0,6742,279,9.43920394472,9.4937,False
0,6743,279,9.41138493722,9.4937,False
0,6744,279,9.41314514686,9.4937,False
0,6745,279,9.42915613289,9.4937,False
0,6746,279,9.41765529527,9.4937,False
0,6747,279,9.39761949587,9.4937,False
0,6748,279,9.44945515585,9.4937,False
0,6749,279,9.40979107381,9.4937,False
0,6750,279,9.4552131847,9.4937,False
0,6751,279,9.4213726377,9.4937,False
0,6752,279,9.43392884453,9.4937,False
0,6753,279,9.4352016905,9.4937,False
0,6754,279,9.44588767119,9.4937,False
0,6755,279,9.45462204236,9.4937,False
0,6756,279,9.39278076109,9.4937,False
0,6757,279,9.40700330846,9.4937,False
0,6758,279,9.44505996305,9.4937,False
0,6759,279,9.39843129315,9.4937,False
0,6760,279,9.45272030547,9.4937,False
0,6761,279,9.41301873876,9.4937,False
0,6762,279,9.38835800876,9.4937,False
0,6763,279,9.43833852167,9.4937,False
0,6764,279,9.47763120736,9.4937,False
0,6765,279,9.41432902872,9.4937,False
0,6766,279,9.40442322704,9.4937,False
0,6767,279,9.45024998992,9.4937,False
0,6768,279,9.41145288104,9.4937,False
0,6769,279,9.42145639452,9.4937,False
0,6770,279,9.3886584888,9.4937,False
0,6771,279,9.44556605208,9.4937,False
0,6772,279,9.40846496535,9.4937,False
0,6773,279,9.42543101913,9.4937,False
0,6774,279,9.43189447506,9.4937,False
0,6775,279,9.42733652308,9.4937,False
0,6776,279,9.4363522106,9.4937,False
0,6777,279,9.41831830681,9.4937,False
0,6778,279,9.39204691754,9.4937,False
0,6779,279,9.38559544673,9.4937,False
0,6780,279,9.41025343018,9.4937,False
0,6781,279,9.42541976768,9.4937,False
0,6782,279,9.44020730901,9.4937,False
0,6783,279,9.43092557324,9.4937,False
0,6784,279,9.40629849426,9.4937,False
0,6785,279,9.43781799408,9.4937,False
0,6786,279,9.4446658238,9.4937,False
0,6787,279,9.43566806901,9.4937,False
0,6788,279,9.40853747867,9.4937,False
0,6789,279,9.42678657698,9.4937,False
0,6790,279,9.43407042869,9.4937,False
0,6791,279,9.42951920226,9.4937,False
0,6792,279,9.38454053265,9.4937,False
0,6793,279,9.4224653246,9.4937,False
0,6794,279,9.39718896404,9.4937,False
0,6795,279,9.41823975054,9.4937,False
0,6796,279,9.41523286025,9.4937,False
0,6797,279,9.39062262925,9.4937,False
0,6798,279,9.41464885423,9.4937,False
0,6799,279,9.42007967793,9.4937,False
0,6800,279,9.42238348244,9.4937,False
0,6801,279,9.42683743123,9.4937,False
0,6802,279,9.44313782631,9.4937,False
0,6803,279,9.41627162825,9.4937,False
0,6804,279,9.43474733555,9.4937,False
0,6805,279,9.4142690303,9.4937,False
0,6806,279,9.42209529992,9.4937,False
0,6807,279,9.50612144897,9.4937,True
0,6808,279,9.42395950753,9.4937,False
0,6809,279,9.47322684853,9.4937,False
0,6810,279,9.40682423512,9.4937,False
0,6811,279,9.42017673433,9.4937,False
0,6812,279,9.42645105899,9.4937,False
0,6813,279,9.39995615156,9.4937,False
0,6814,279,9.47195360628,9.4937,False
0,6815,279,9.40366943143,9.4937,False
0,6816,279,9.41859818876,9.4937,False
0,6817,279,9.4177109135,9.4937,False
0,6818,279,9.41303815792,9.4937,False
0,6819,279,9.4268263671,9.4937,False
0,6820,279,9.39172584219,9.4937,False
0,6821,279,9.39658124534,9.4937,False
0,6822,279,9.47555802045,9.4937,False
0,6823,279,9.45081849806,9.4937,False
0,6824,279,9.37745901335,9.4937,False
0,6825,279,9.41472684678,9.4937,False
0,6826,279,9.38010227813,9.4937,False
0,6827,279,9.39459393587,9.4937,False
0,6828,279,9.44506497926,9.4937,False
0,6829,279,9.46716074666,9.4937,False
0,6830,279,9.42558065851,9.4937,False
0,6831,279,9.43944710717,9.4937,False
0,6832,279,9.41737686948,9.4937,False
0,6833,279,9.45272092821,9.4937,False
0,6834,279,9.44338609922,9.4937,False
0,6835,279,9.42594303023,9.4937,False
0,6836,279,9.37714806025,9.4937,False
0,6837,279,9.42351630923,9.4937,False
0,6838,279,9.38123186048,9.4937,False
0,6839,279,9.45142241033,9.4937,False
0,6840,279,9.38605733412,9.4937,False
0,6841,279,9.36843441821,9.4937,False
0,6842,279,9.4116385719,9.4937,False
0,6843,279,9.43340581886,9.4937,False
0,6844,279,9.46219674196,9.4937,False
0,6845,279,9.41661387424,9.4937,False
0,6846,279,9.41315536316,9.4937,False
0,6847,279,9.39071185433,9.4937,False
0,6848,279,9.4308391164,9.4937,False
0,6849,279,9.47566525568,9.4937,False
0,6850,279,9.41682304133,9.4937,False
0,6851,279,9.40774165454,9.4937,False
0,6852,279,9.40803932488,9.4937,False
0,6853,279,9.41612494006,9.4937,False
0,6854,279,9.42806395517,9.4937,False
0,6855,279,9.40556333136,9.4937,False
0,6856,279,9.40687099866,9.4937,False
0,6857,279,9.41375100154,9.4937,False
0,6858,279,9.45780777056,9.4937,False
0,6859,279,9.42654544145,9.4937,False
0,6860,279,9.47272238864,9.4937,False
0,6861,279,9.3908516811,9.4937,False
0,6862,279,9.37953281512,9.4937,False
0,6863,279,9.40592277534,9.4937,False
0,6864,279,9.42173421531,9.4937,False
0,6865,279,9.42816291571,9.4937,False
0,6866,279,9.41567378829,9.4937,False
0,6867,279,9.40834569232,9.4937,False
0,6868,279,9.45512680691,9.4937,False
0,6869,279,9.39645608547,9.4937,False
0,6870,279,9.43163070812,9.4937,False
0,6871,279,9.39423778168,9.4937,False
0,6872,279,9.40959450974,9.4937,False
0,6873,279,9.42124134594,9.4937,False
0,6874,279,9.42416791037,9.4937,False
0,6875,279,9.41315345215,9.4937,False
0,6876,279,9.40812444673,9.4937,False
0,6877,279,9.43609405521,9.4937,False
0,6878,279,9.45009848256,9.4937,False
0,6879,279,9.46192781327,9.4937,False
0,6880,279,9.41942771654,9.4937,False
0,6881,279,9.42651807782,9.4937,False
0,6882,279,9.41331410885,9.4937,False
0,6883,279,9.394343877,9.4937,False
0,6884,279,9.46113371583,9.4937,False
0,6885,279,9.43741731985,9.4937,False
0,6886,279,9.39680725045,9.4937,False
0,6887,279,9.40978080891,9.4937,False
0,6888,279,9.41608001495,9.4937,False
0,6889,279,9.4116683583,9.4937,False
0,6890,279,9.38165745165,9.4937,False
0,6891,279,9.39270652776,9.4937,False
0,6892,279,9.39155350545,9.4937,False
0,6893,279,9.42246162636,9.4937,False
0,6894,279,9.44478155355,9.4937,False
0,6895,279,9.36922915599,9.4937,False
0,6896,279,9.39926560146,9.4937,False
0,6897,279,9.42927848652,9.4937,False
0,6898,279,9.41822243109,9.4937,False
0,6899,279,9.39175417288,9.4937,False
0,6900,279,9.46908366622,9.4937,False
0,6901,279,9.41284896733,9.4937,False
0,6902,279,9.41721312694,9.4937,False
0,6903,279,9.43367014592,9.4937,False
0,6904,279,9.41528940925,9.4937,False
0,6905,279,9.40346432686,9.4937,False
0,6906,279,9.38272222334,9.4937,False
0,6907,279,9.38170521799,9.4937,False
0,6908,279,9.40042201075,9.4937,False
0,6909,279,9.45921576551,9.4937,False
0,6910,279,9.42544714468,9.4937,False
0,6911,279,9.41830285152,9.4937,False
0,6912,279,9.41454422943,9.4937,False
0,6913,279,9.47405793964,9.4937,False
0,6914,279,9.45039264286,9.4937,False
0,6915,279,9.44915982917,9.4937,False
0,6916,279,9.42740899008,9.4937,False
0,6917,279,9.43199684356,9.4937,False
0,6918,279,9.39504402412,9.4937,False
0,6919,279,9.40014900827,9.4937,False
0,6920,279,9.47069088634,9.4937,False
0,6921,279,9.44087124398,9.4937,False
0,6922,279,9.46099782197,9.4937,False
0,6923,279,9.46138163093,9.4937,False
0,6924,279,9.43346751501,9.4937,False
0,6925,279,9.46886469995,9.4937,False
0,6926,279,9.40421382173,9.4937,False
0,6927,279,9.41039350845,9.4937,False
0,6928,279,9.40579441664,9.4937,False
0,6929,279,9.4093249309,9.4937,False
0,6930,279,9.44491220914,9.4937,False
0,6931,279,9.38920936222,9.4937,False
0,6932,279,9.43047823181,9.4937,False
0,6933,279,9.4148385168,9.4937,False
0,6934,279,9.39201461588,9.4937,False
0,6935,279,9.47529677129,9.4937,False
0,6936,279,9.41649199417,9.4937,False
0,6937,279,9.41097222826,9.4937,False
0,6938,279,9.44142941411,9.4937,False
0,6939,279,9.39537622517,9.4937,False
0,6940,279,9.44259890152,9.4937,False
0,6941,279,9.42846116846,9.4937,False
0,6942,279,9.42479317154,9.4937,False
0,6943,279,9.43418823047,9.4937,False
0,6944,279,9.41032607679,9.4937,False
0,6945,279,9.40049115728,9.4937,False
0,6946,279,9.40006857466,9.4937,False
0,6947,279,9.47333496614,9.4937,False
0,6948,279,9.39829718931,9.4937,False
0,6949,279,9.44130680492,9.4937,False
0,6950,279,9.39792470238,9.4937,False
0,6951,279,9.42944139244,9.4937,False
0,6952,279,9.43396137868,9.4937,False
0,6953,279,9.41159762516,9.4937,False
0,6954,279,9.43080212585,9.4937,False
0,6955,279,9.40645685315,9.4937,False
0,6956,279,9.4542042794,9.4937,False
0,6957,279,9.3796373161,9.4937,False
0,6958,279,9.3982713828,9.4937,False
0,6959,279,9.45497874847,9.4937,False
0,6960,279,9.47614245469,9.4937,False
0,6961,279,9.42783871868,9.4937,False
0,6962,279,9.41865387662,9.4937,False
0,6963,279,9.45100822776,9.4937,False
0,6964,279,9.39267253363,9.4937,False
0,6965,279,9.44874364467,9.4937,False
0,6966,279,9.41742720636,9.4937,False
0,6967,279,9.43914831341,9.4937,False
0,6968,279,9.40614393687,9.4937,False
0,6969,279,9.40564261339,9.4937,False
0,6970,279,9.49301971824,9.4937,False
0,6971,279,9.44393143329,9.4937,False
0,6972,279,9.42377479608,9.4937,False
0,6973,279,9.40883665334,9.4937,False
0,6974,279,9.41647752013,9.4937,False
0,6975,279,9.45750392488,9.4937,False
0,6976,279,9.46215487797,9.4937,False
0,6977,279,9.43263536738,9.4937,False
0,6978,279,9.42673960729,9.4937,False
0,6979,279,9.44793456185,9.4937,False
0,6980,279,9.39889236687,9.4937,False
0,6981,279,9.42996964675,9.4937,False
0,6982,279,9.37979158744,9.4937,False
0,6983,279,9.42767788293,9.4937,False
0,6984,279,9.45601379176,9.4937,False
0,6985,279,9.40949448816,9.4937,False
0,6986,280,9.43446057656,9.52703333333,False
0,6987,280,9.47917528056,9.52703333333,False
0,6988,280,9.45676478034,9.52703333333,False
0,6989,280,9.48365208586,9.52703333333,False
0,6990,280,9.52172560382,9.52703333333,False
0,6991,280,9.41599628596,9.52703333333,False
0,6992,280,9.44121784599,9.52703333333,False
0,6993,280,9.44922239035,9.52703333333,False
0,6994,280,9.48031663257,9.52703333333,False
0,6995,280,9.42429152164,9.52703333333,False
0,6996,281,9.53543029398,9.56036666667,False
0,6997,281,9.49485243779,9.56036666667,False
0,6998,281,9.50241834534,9.56036666667,False
0,6999,281,9.47458055554,9.56036666667,False
0,7000,281,9.48846880364,9.56036666667,False
0,7001,281,9.52165035622,9.56036666667,False
0,7002,282,9.572487295,9.5937,False
0,7003,282,9.52873245713,9.5937,False
0,7004,282,9.48163772999,9.5937,False
0,7005,282,9.5430419233,9.5937,False
0,7006,282,9.5047401448,9.5937,False
0,7007,283,9.56641914222,9.62703333333,False
0,7008,283,9.57276369306,9.62703333333,False
0,7009,283,9.58518015569,9.62703333333,False
0,7010,283,9.58392118861,9.62703333333,False
0,7011,283,9.5892504594,9.62703333333,False
0,7012,283,9.56476307108,9.62703333333,False
0,7013,283,9.53052877687,9.62703333333,False
0,7014,284,9.5850214035,9.66036666667,False
0,7015,284,9.58254445775,9.66036666667,False
0,7016,284,9.58067080645,9.66036666667,False
0,7017,284,9.64518329288,9.66036666667,False
0,7018,284,9.55613471517,9.66036666667,False
0,7019,284,9.58353232649,9.66036666667,False
0,7020,284,9.58874038228,9.66036666667,False
0,7021,284,9.62499162955,9.66036666667,False
0,7022,284,9.62133673803,9.66036666667,False
0,7023,284,9.53097130235,9.66036666667,False
0,7024,284,9.57944462106,9.66036666667,False
0,7025,284,9.57699961754,9.66036666667,False
0,7026,284,9.62687186555,9.66036666667,False
0,7027,284,9.60620772285,9.66036666667,False
0,7028,284,9.57541357127,9.66036666667,False
0,7029,284,9.57717955603,9.66036666667,False
0,7030,284,9.57467018633,9.66036666667,False
0,7031,284,9.61580686815,9.66036666667,False
0,7032,284,9.64969083753,9.66036666667,False
0,7033,284,9.60611132791,9.66036666667,False
0,7034,284,9.59300537215,9.66036666667,False
0,7035,284,9.59657348462,9.66036666667,False
0,7036,284,9.56986368282,9.66036666667,False
0,7037,284,9.61690243423,9.66036666667,False
0,7038,284,9.63065723798,9.66036666667,False
0,7039,284,9.59364679764,9.66036666667,False
0,7040,284,9.58656102541,9.66036666667,False
0,7041,284,9.61129620363,9.66036666667,False
0,7042,284,9.5837316614,9.66036666667,False
0,7043,284,9.61513614497,9.66036666667,False
0,7044,284,9.54026155219,9.66036666667,False
0,7045,284,9.61380431149,9.66036666667,False
0,7046,284,9.59867687729,9.66036666667,False
0,7047,284,9.54053956845,9.66036666667,False
0,7048,284,9.56465220264,9.66036666667,False
0,7049,284,9.60662494112,9.66036666667,False
0,7050,284,9.57313609958,9.66036666667,False
0,7051,284,9.59087729368,9.66036666667,False
0,7052,284,9.57788103605,9.66036666667,False
0,7053,284,9.59874461176,9.66036666667,False
0,7054,284,9.58788860227,9.66036666667,False
0,7055,284,9.55502962483,9.66036666667,False
0,7056,284,9.59144479391,9.66036666667,False
0,7057,284,9.55505437275,9.66036666667,False
0,7058,284,9.62888266874,9.66036666667,False
0,7059,284,9.58819058279,9.66036666667,False
0,7060,284,9.59353537888,9.66036666667,False
0,7061,284,9.61031406499,9.66036666667,False
0,7062,284,9.60835945288,9.66036666667,False
0,7063,284,9.58506122636,9.66036666667,False
0,7064,284,9.59250031514,9.66036666667,False
0,7065,284,9.62461399033,9.66036666667,False
0,7066,284,9.63484964165,9.66036666667,False
0,7067,284,9.60316070597,9.66036666667,False
0,7068,284,9.57821735624,9.66036666667,False
0,7069,284,9.61622722631,9.66036666667,False
0,7070,284,9.55652197514,9.66036666667,False
0,7071,284,9.58476265926,9.66036666667,False
0,7072,284,9.59395713774,9.66036666667,False
0,7073,284,9.57431503965,9.66036666667,False
0,7074,284,9.57693898074,9.66036666667,False
0,7075,284,9.5806556214,9.66036666667,False
0,7076,284,9.5885142327,9.66036666667,False
0,7077,284,9.6058432717,9.66036666667,False
0,7078,284,9.58601906143,9.66036666667,False
0,7079,284,9.57999049978,9.66036666667,False
0,7080,284,9.64490018421,9.66036666667,False
0,7081,284,9.56933089412,9.66036666667,False
0,7082,284,9.55449949322,9.66036666667,False
0,7083,284,9.6006669175,9.66036666667,False
0,7084,284,9.54985215593,9.66036666667,False
0,7085,284,9.57720158337,9.66036666667,False
0,7086,284,9.59533238087,9.66036666667,False
0,7087,284,9.6282750015,9.66036666667,False
0,7088,284,9.60014198391,9.66036666667,False
0,7089,284,9.59054800791,9.66036666667,False
0,7090,284,9.62146267432,9.66036666667,False
0,7091,284,9.60237024245,9.66036666667,False
0,7092,284,9.5857609231,9.66036666667,False
0,7093,284,9.57289647723,9.66036666667,False
0,7094,284,9.60097793448,9.66036666667,False
0,7095,284,9.57184324305,9.66036666667,False
0,7096,284,9.61720344327,9.66036666667,False
0,7097,284,9.56162775036,9.66036666667,False
0,7098,284,9.58410829485,9.66036666667,False
0,7099,284,9.52773764246,9.66036666667,False
0,7100,284,9.5863923967,9.66036666667,False
0,7101,284,9.59715855109,9.66036666667,False
0,7102,284,9.60340914771,9.66036666667,False
0,7103,284,9.57123626913,9.66036666667,False
0,7104,284,9.56931372926,9.66036666667,False
0,7105,284,9.62832950602,9.66036666667,False
0,7106,284,9.55667256875,9.66036666667,False
0,7107,284,9.6322910612,9.66036666667,False
0,7108,284,9.60533130256,9.66036666667,False
0,7109,284,9.57930592501,9.66036666667,False
0,7110,284,9.57561676357,9.66036666667,False
0,7111,284,9.56837277932,9.66036666667,False
0,7112,284,9.62988058787,9.66036666667,False
0,7113,284,9.57943882632,9.66036666667,False
0,7114,284,9.61720604989,9.66036666667,False
0,7115,284,9.56417017028,9.66036666667,False
0,7116,284,9.57956211203,9.66036666667,False
0,7117,284,9.54817131665,9.66036666667,False
0,7118,284,9.57705210671,9.66036666667,False
0,7119,284,9.61339088787,9.66036666667,False
0,7120,284,9.57494073685,9.66036666667,False
0,7121,284,9.58223195913,9.66036666667,False
0,7122,284,9.56718209358,9.66036666667,False
0,7123,284,9.62641142907,9.66036666667,False
0,7124,284,9.61176030211,9.66036666667,False
0,7125,284,9.56707082996,9.66036666667,False
0,7126,284,9.61934024421,9.66036666667,False
0,7127,284,9.55114005608,9.66036666667,False
0,7128,284,9.61287468605,9.66036666667,False
0,7129,284,9.57070869037,9.66036666667,False
0,7130,284,9.58008925189,9.66036666667,False
0,7131,284,9.60708131437,9.66036666667,False
0,7132,284,9.57955890217,9.66036666667,False
0,7133,284,9.59568876873,9.66036666667,False
0,7134,284,9.55451398451,9.66036666667,False
0,7135,284,9.59654394004,9.66036666667,False
0,7136,284,9.55746386463,9.66036666667,False
0,7137,284,9.59854398538,9.66036666667,False
0,7138,284,9.57141785004,9.66036666667,False
0,7139,284,9.59061049826,9.66036666667,False
0,7140,284,9.56277050861,9.66036666667,False
0,7141,284,9.59696289941,9.66036666667,False
0,7142,284,9.60210577191,9.66036666667,False
0,7143,284,9.60471657256,9.66036666667,False
0,7144,284,9.58028942096,9.66036666667,False
0,7145,284,9.54662403791,9.66036666667,False
0,7146,284,9.56039925513,9.66036666667,False
0,7147,284,9.61397702096,9.66036666667,False
0,7148,284,9.54674333705,9.66036666667,False
0,7149,284,9.58671549474,9.66036666667,False
0,7150,284,9.59119494056,9.66036666667,False
0,7151,284,9.56926386218,9.66036666667,False
0,7152,284,9.61257566772,9.66036666667,False
0,7153,284,9.59323937356,9.66036666667,False
0,7154,284,9.61658470679,9.66036666667,False
0,7155,284,9.59671730805,9.66036666667,False
0,7156,284,9.61434440634,9.66036666667,False
0,7157,284,9.58402663906,9.66036666667,False
0,7158,284,9.57083597211,9.66036666667,False
0,7159,284,9.56057981724,9.66036666667,False
0,7160,284,9.59027036999,9.66036666667,False
0,7161,284,9.63328004236,9.66036666667,False
0,7162,284,9.59386616143,9.66036666667,False
0,7163,284,9.59219836106,9.66036666667,False
0,7164,284,9.59052161743,9.66036666667,False
0,7165,284,9.61910674433,9.66036666667,False
0,7166,284,9.57293054337,9.66036666667,False
0,7167,284,9.62302197578,9.66036666667,False
0,7168,284,9.60233529666,9.66036666667,False
0,7169,284,9.5411492055,9.66036666667,False
0,7170,284,9.55291482847,9.66036666667,False
0,7171,284,9.60278825071,9.66036666667,False
0,7172,284,9.64559984549,9.66036666667,False
0,7173,284,9.57068572847,9.66036666667,False
0,7174,284,9.61998188599,9.66036666667,False
0,7175,284,9.58197609593,9.66036666667,False
0,7176,284,9.56925523077,9.66036666667,False
0,7177,284,9.5981188793,9.66036666667,False
0,7178,284,9.58667743249,9.66036666667,False
0,7179,284,9.57641671814,9.66036666667,False
0,7180,284,9.59543054628,9.66036666667,False
0,7181,284,9.64130326522,9.66036666667,False
0,7182,284,9.6545348049,9.66036666667,False
0,7183,284,9.57954481464,9.66036666667,False
0,7184,284,9.63374918107,9.66036666667,False
0,7185,284,9.57127518606,9.66036666667,False
0,7186,284,9.58294856287,9.66036666667,False
0,7187,284,9.59806764488,9.66036666667,False
0,7188,284,9.60684407704,9.66036666667,False
0,7189,284,9.65674383504,9.66036666667,False
0,7190,284,9.55449420705,9.66036666667,False
0,7191,284,9.5861935468,9.66036666667,False
0,7192,284,9.55398307883,9.66036666667,False
0,7193,284,9.60283503753,9.66036666667,False
0,7194,284,9.5797840638,9.66036666667,False
0,7195,284,9.58327096198,9.66036666667,False
0,7196,284,9.59147135761,9.66036666667,False
0,7197,284,9.62862265024,9.66036666667,False
0,7198,284,9.61072460781,9.66036666667,False
0,7199,284,9.60067103976,9.66036666667,False
0,7200,284,9.61590645154,9.66036666667,False
0,7201,284,9.60475967882,9.66036666667,False
0,7202,284,9.51817688695,9.66036666667,False
0,7203,284,9.55159574296,9.66036666667,False
0,7204,284,9.56614840358,9.66036666667,False
0,7205,284,9.56935848903,9.66036666667,False
0,7206,284,9.6037144781,9.66036666667,False
0,7207,284,9.57244697436,9.66036666667,False
0,7208,284,9.60392240444,9.66036666667,False
0,7209,284,9.57163451469,9.66036666667,False
0,7210,284,9.61416210608,9.66036666667,False
0,7211,284,9.60072166146,9.66036666667,False
0,7212,284,9.61725716939,9.66036666667,False
0,7213,284,9.61389455149,9.66036666667,False
0,7214,284,9.57031706334,9.66036666667,False
0,7215,284,9.62357269507,9.66036666667,False
0,7216,284,9.59965918622,9.66036666667,False
0,7217,284,9.58677623868,9.66036666667,False
0,7218,284,9.62985725121,9.66036666667,False
0,7219,284,9.57523068095,9.66036666667,False
0,7220,284,9.61483778697,9.66036666667,False
0,7221,284,9.58995563465,9.66036666667,False
0,7222,284,9.5582304523,9.66036666667,False
0,7223,284,9.61466355109,9.66036666667,False
0,7224,284,9.56695255848,9.66036666667,False
0,7225,284,9.58095666351,9.66036666667,False
0,7226,284,9.56160718324,9.66036666667,False
0,7227,284,9.62072187365,9.66036666667,False
0,7228,284,9.60273868963,9.66036666667,False
0,7229,284,9.60020921472,9.66036666667,False
0,7230,284,9.57405889932,9.66036666667,False
0,7231,284,9.5973762692,9.66036666667,False
0,7232,284,9.60697835847,9.66036666667,False
0,7233,284,9.56636901797,9.66036666667,False
0,7234,284,9.63207310626,9.66036666667,False
0,7235,284,9.5738149135,9.66036666667,False
0,7236,284,9.55201296275,9.66036666667,False
0,7237,284,9.59012135328,9.66036666667,False
0,7238,284,9.59454591397,9.66036666667,False
0,7239,284,9.60081791044,9.66036666667,False
0,7240,284,9.56255601818,9.66036666667,False
0,7241,284,9.56699389335,9.66036666667,False
0,7242,284,9.61158039558,9.66036666667,False
0,7243,284,9.5967332739,9.66036666667,False
0,7244,284,9.62290952398,9.66036666667,False
0,7245,284,9.59148381739,9.66036666667,False
0,7246,284,9.58566474294,9.66036666667,False
0,7247,284,9.60413076176,9.66036666667,False
0,7248,284,9.58349160894,9.66036666667,False
0,7249,284,9.58701883476,9.66036666667,False
0,7250,284,9.62878499987,9.66036666667,False
0,7251,284,9.54736188906,9.66036666667,False
0,7252,284,9.52183009908,9.66036666667,False
0,7253,284,9.63163484401,9.66036666667,False
0,7254,284,9.60670638204,9.66036666667,False
0,7255,284,9.59512860682,9.66036666667,False
0,7256,284,9.60316188143,9.66036666667,False
0,7257,284,9.63858744101,9.66036666667,False
0,7258,284,9.61518206687,9.66036666667,False
0,7259,284,9.57767610643,9.66036666667,False
0,7260,284,9.60129188442,9.66036666667,False
0,7261,284,9.5728592515,9.66036666667,False
0,7262,284,9.58672911849,9.66036666667,False
0,7263,284,9.54593050921,9.66036666667,False
0,7264,284,9.59940771731,9.66036666667,False
0,7265,284,9.62749578961,9.66036666667,False
0,7266,284,9.5902841648,9.66036666667,False
0,7267,284,9.55641403286,9.66036666667,False
0,7268,284,9.56863681162,9.66036666667,False
0,7269,284,9.64391892612,9.66036666667,False
0,7270,284,9.64543373133,9.66036666667,False
0,7271,284,9.60802732718,9.66036666667,False
0,7272,285,9.60251868943,9.6937,False
0,7273,285,9.61927695449,9.6937,False
0,7274,285,9.65970876047,9.6937,False
0,7275,285,9.60550582592,9.6937,False
0,7276,285,9.61620240081,9.6937,False
0,7277,285,9.63463008677,9.6937,False
0,7278,285,9.60854443762,9.6937,False
0,7279,285,9.61580652949,9.6937,False
0,7280,285,9.65002225457,9.6937,False
0,7281,285,9.60813138572,9.6937,False
0,7282,285,9.64510478828,9.6937,False
0,7283,286,9.63648111768,9.72703333333,False
0,7284,286,9.68458509889,9.72703333333,False
0,7285,286,9.65637065744,9.72703333333,False
0,7286,286,9.62289365338,9.72703333333,False
0,7287,286,9.66677372554,9.72703333333,False
0,7288,286,9.63241914261,9.72703333333,False
0,7289,287,9.70839701685,9.76036666667,False
0,7290,287,9.71381359822,9.76036666667,False
0,7291,287,9.70740730565,9.76036666667,False
0,7292,287,9.68181808277,9.76036666667,False
0,7293,288,9.73872692127,9.7937,False
0,7294,288,9.70158917784,9.7937,False
0,7295,288,9.73173947326,9.7937,False
0,7296,288,9.69571415265,9.7937,False
0,7297,288,9.76209629626,9.7937,False
0,7298,289,9.74014498569,9.82703333333,False
0,7299,289,9.72717731139,9.82703333333,False
0,7300,289,9.83941597413,9.82703333333,True
0,7301,289,9.7693036693,9.82703333333,False
0,7302,289,9.76735916506,9.82703333333,False
0,7303,289,9.77116786113,9.82703333333,False
0,7304,289,9.71461672681,9.82703333333,False
0,7305,289,9.74277446637,9.82703333333,False
0,7306,289,9.72015358578,9.82703333333,False
0,7307,289,9.77631163209,9.82703333333,False
0,7308,289,9.71250895177,9.82703333333,False
0,7309,289,9.78976436662,9.82703333333,False
0,7310,289,9.74741732462,9.82703333333,False
0,7311,289,9.79845087967,9.82703333333,False
0,7312,289,9.72808857012,9.82703333333,False
0,7313,289,9.78036251585,9.82703333333,False
0,7314,289,9.73317919512,9.82703333333,False
0,7315,289,9.76992698365,9.82703333333,False
0,7316,289,9.78254139219,9.82703333333,False
0,7317,289,9.77811463371,9.82703333333,False
0,7318,289,9.76462011191,9.82703333333,False
0,7319,289,9.73112788209,9.82703333333,False
0,7320,289,9.77811903975,9.82703333333,False
0,7321,289,9.77415478961,9.82703333333,False
0,7322,289,9.7298970536,9.82703333333,False
0,7323,289,9.73242092575,9.82703333333,False
0,7324,289,9.73130179594,9.82703333333,False
0,7325,289,9.75555592362,9.82703333333,False
0,7326,289,9.77894101654,9.82703333333,False
0,7327,289,9.74101258432,9.82703333333,False
0,7328,289,9.77814898524,9.82703333333,False
0,7329,289,9.72728809834,9.82703333333,False
0,7330,289,9.75854221647,9.82703333333,False
0,7331,289,9.78712120795,9.82703333333,False
0,7332,289,9.76255022527,9.82703333333,False
0,7333,289,9.79989140163,9.82703333333,False
0,7334,289,9.77865017502,9.82703333333,False
0,7335,289,9.80437708428,9.82703333333,False
0,7336,289,9.72822794663,9.82703333333,False
0,7337,289,9.7723142673,9.82703333333,False
0,7338,289,9.73223915379,9.82703333333,False
0,7339,289,9.75887124869,9.82703333333,False
0,7340,289,9.78956526938,9.82703333333,False
0,7341,289,9.77471146979,9.82703333333,False
0,7342,289,9.79254425835,9.82703333333,False
0,7343,289,9.76059242625,9.82703333333,False
0,7344,289,9.74560262276,9.82703333333,False
0,7345,289,9.81108410173,9.82703333333,False
0,7346,289,9.77311689311,9.82703333333,False
0,7347,289,9.7875305735,9.82703333333,False
0,7348,289,9.75518462848,9.82703333333,False
0,7349,289,9.7650532007,9.82703333333,False
0,7350,289,9.75493972245,9.82703333333,False
0,7351,289,9.75551760465,9.82703333333,False
0,7352,289,9.75245791901,9.82703333333,False
0,7353,289,9.72016242502,9.82703333333,False
0,7354,289,9.74712270593,9.82703333333,False
0,7355,289,9.73552981217,9.82703333333,False
0,7356,289,9.75818591791,9.82703333333,False
0,7357,289,9.7314674183,9.82703333333,False
0,7358,289,9.7124156147,9.82703333333,False
0,7359,289,9.75423252221,9.82703333333,False
0,7360,289,9.75352147634,9.82703333333,False
0,7361,289,9.7419259172,9.82703333333,False
0,7362,289,9.72525579964,9.82703333333,False
0,7363,289,9.73877065177,9.82703333333,False
0,7364,289,9.77447809478,9.82703333333,False
0,7365,289,9.74181971696,9.82703333333,False
0,7366,289,9.7669381246,9.82703333333,False
0,7367,289,9.75187720766,9.82703333333,False
0,7368,289,9.79146113269,9.82703333333,False
0,7369,289,9.79832222499,9.82703333333,False
0,7370,289,9.73976033853,9.82703333333,False
0,7371,289,9.75626711934,9.82703333333,False
0,7372,289,9.75250398213,9.82703333333,False
0,7373,289,9.77550518181,9.82703333333,False
0,7374,289,9.73157534155,9.82703333333,False
0,7375,289,9.80209204287,9.82703333333,False
0,7376,289,9.80285847532,9.82703333333,False
0,7377,289,9.69750980918,9.82703333333,False
0,7378,289,9.79792679567,9.82703333333,False
0,7379,289,9.75954864343,9.82703333333,False
0,7380,289,9.76827804732,9.82703333333,False
0,7381,289,9.74455747312,9.82703333333,False
0,7382,289,9.7415667648,9.82703333333,False
0,7383,289,9.78412257223,9.82703333333,False
0,7384,289,9.72564403561,9.82703333333,False
0,7385,289,9.78328640714,9.82703333333,False
0,7386,289,9.78198349975,9.82703333333,False
0,7387,289,9.81651586493,9.82703333333,False
0,7388,289,9.74089301738,9.82703333333,False
0,7389,289,9.73698666503,9.82703333333,False
0,7390,289,9.75956707564,9.82703333333,False
0,7391,289,9.74633456743,9.82703333333,False
0,7392,289,9.70492426238,9.82703333333,False
0,7393,289,9.76576865923,9.82703333333,False
0,7394,289,9.769088771,9.82703333333,False
0,7395,289,9.75939225909,9.82703333333,False
0,7396,289,9.74111233753,9.82703333333,False
0,7397,289,9.73937912009,9.82703333333,False
0,7398,289,9.77328041679,9.82703333333,False
0,7399,289,9.79454149049,9.82703333333,False
0,7400,289,9.78728502951,9.82703333333,False
0,7401,289,9.74532873143,9.82703333333,False
0,7402,289,9.77611489513,9.82703333333,False
0,7403,289,9.78139320957,9.82703333333,False
0,7404,289,9.74579519211,9.82703333333,False
0,7405,289,9.7522300068,9.82703333333,False
0,7406,289,9.76007766359,9.82703333333,False
0,7407,289,9.78467914598,9.82703333333,False
0,7408,289,9.76125165641,9.82703333333,False
0,7409,289,9.73923662675,9.82703333333,False
0,7410,289,9.74216641003,9.82703333333,False
0,7411,289,9.77978554717,9.82703333333,False
0,7412,289,9.77521772877,9.82703333333,False
0,7413,289,9.80108080819,9.82703333333,False
0,7414,289,9.78515026948,9.82703333333,False
0,7415,289,9.71048548395,9.82703333333,False
0,7416,289,9.77708388892,9.82703333333,False
0,7417,289,9.77234127504,9.82703333333,False
0,7418,289,9.73501330268,9.82703333333,False
0,7419,289,9.7685642181,9.82703333333,False
0,7420,289,9.79438301104,9.82703333333,False
0,7421,289,9.74003921932,9.82703333333,False
0,7422,289,9.79576851731,9.82703333333,False
0,7423,289,9.79103894174,9.82703333333,False
0,7424,289,9.75835248234,9.82703333333,False
0,7425,289,9.7756011506,9.82703333333,False
0,7426,289,9.74141374687,9.82703333333,False
0,7427,289,9.79635206358,9.82703333333,False
0,7428,289,9.72859586661,9.82703333333,False
0,7429,289,9.73154319338,9.82703333333,False
0,7430,289,9.77314381078,9.82703333333,False
0,7431,289,9.77338078504,9.82703333333,False
0,7432,289,9.75829786157,9.82703333333,False
0,7433,289,9.79656731991,9.82703333333,False
0,7434,289,9.74538811034,9.82703333333,False
0,7435,289,9.77320877192,9.82703333333,False
0,7436,289,9.75531333714,9.82703333333,False
0,7437,289,9.71319122992,9.82703333333,False
0,7438,289,9.74424321828,9.82703333333,False
0,7439,289,9.76930503031,9.82703333333,False
0,7440,289,9.8052827743,9.82703333333,False
0,7441,289,9.83373656375,9.82703333333,True
0,7442,289,9.76117945774,9.82703333333,False
0,7443,289,9.77407410127,9.82703333333,False
0,7444,289,9.75913716018,9.82703333333,False
0,7445,289,9.79191711054,9.82703333333,False
0,7446,289,9.76327123428,9.82703333333,False
0,7447,289,9.81122668254,9.82703333333,False
0,7448,289,9.75618295628,9.82703333333,False
0,7449,289,9.76450869482,9.82703333333,False
0,7450,289,9.75399905982,9.82703333333,False
0,7451,289,9.76954564329,9.82703333333,False
0,7452,289,9.7158214957,9.82703333333,False
0,7453,289,9.78192458241,9.82703333333,False
0,7454,289,9.73248973681,9.82703333333,False
0,7455,289,9.72222631752,9.82703333333,False
0,7456,289,9.74897483632,9.82703333333,False
0,7457,289,9.77185275209,9.82703333333,False
0,7458,289,9.78480165906,9.82703333333,False
0,7459,289,9.81309136345,9.82703333333,False
0,7460,289,9.73925388242,9.82703333333,False
0,7461,289,9.7537446476,9.82703333333,False
0,7462,289,9.76701162245,9.82703333333,False
0,7463,289,9.75711707151,9.82703333333,False
0,7464,289,9.78812564494,9.82703333333,False
0,7465,289,9.75194112053,9.82703333333,False
0,7466,289,9.76035197105,9.82703333333,False
0,7467,289,9.76514106534,9.82703333333,False
0,7468,289,9.75039285715,9.82703333333,False
0,7469,289,9.78277875529,9.82703333333,False
0,7470,289,9.74130676859,9.82703333333,False
0,7471,289,9.72811331172,9.82703333333,False
0,7472,289,9.78558837488,9.82703333333,False
0,7473,289,9.78599545346,9.82703333333,False
0,7474,289,9.7317626068,9.82703333333,False
0,7475,289,9.80372046858,9.82703333333,False
0,7476,289,9.75219436797,9.82703333333,False
0,7477,289,9.78321353103,9.82703333333,False
0,7478,289,9.78074716179,9.82703333333,False
0,7479,289,9.8032353168,9.82703333333,False
0,7480,289,9.81442435513,9.82703333333,False
0,7481,289,9.75274843423,9.82703333333,False
0,7482,289,9.72282380139,9.82703333333,False
0,7483,289,9.70505954258,9.82703333333,False
0,7484,289,9.76654928867,9.82703333333,False
0,7485,289,9.755131022,9.82703333333,False
0,7486,289,9.74574452189,9.82703333333,False
0,7487,289,9.7533091972,9.82703333333,False
0,7488,289,9.75040032765,9.82703333333,False
0,7489,289,9.7767776136,9.82703333333,False
0,7490,289,9.7008919578,9.82703333333,False
0,7491,289,9.76803320618,9.82703333333,False
0,7492,289,9.8090115407,9.82703333333,False
0,7493,289,9.75362169329,9.82703333333,False
0,7494,289,9.75543427352,9.82703333333,False
0,7495,289,9.71508621147,9.82703333333,False
0,7496,289,9.76118629442,9.82703333333,False
0,7497,289,9.75071799014,9.82703333333,False
0,7498,289,9.77341923654,9.82703333333,False
0,7499,289,9.7769444108,9.82703333333,False
0,7500,289,9.75927855943,9.82703333333,False
0,7501,289,9.79077635955,9.82703333333,False
0,7502,289,9.77622220879,9.82703333333,False
0,7503,289,9.74269397174,9.82703333333,False
0,7504,289,9.75616058756,9.82703333333,False
0,7505,289,9.76418928206,9.82703333333,False
0,7506,289,9.72632664055,9.82703333333,False
0,7507,289,9.80103925181,9.82703333333,False
0,7508,289,9.73858644177,9.82703333333,False
0,7509,289,9.76393743941,9.82703333333,False
0,7510,289,9.73761397679,9.82703333333,False
0,7511,289,9.72438766374,9.82703333333,False
0,7512,289,9.69938659842,9.82703333333,False
0,7513,289,9.7653269826,9.82703333333,False
0,7514,289,9.79924677527,9.82703333333,False
0,7515,289,9.78910971816,9.82703333333,False
0,7516,289,9.73594797496,9.82703333333,False
0,7517,289,9.74447581085,9.82703333333,False
0,7518,289,9.78953777043,9.82703333333,False
0,7519,289,9.74879667191,9.82703333333,False
0,7520,289,9.7324329269,9.82703333333,False
0,7521,289,9.75036186921,9.82703333333,False
0,7522,289,9.78060990072,9.82703333333,False
0,7523,289,9.74752176572,9.82703333333,False
0,7524,289,9.74607216685,9.82703333333,False
0,7525,289,9.74791422388,9.82703333333,False
0,7526,289,9.77696602196,9.82703333333,False
0,7527,289,9.78661431766,9.82703333333,False
0,7528,289,9.74925587729,9.82703333333,False
0,7529,289,9.7811939298,9.82703333333,False
0,7530,289,9.73950044747,9.82703333333,False
0,7531,289,9.78846093051,9.82703333333,False
0,7532,289,9.71759426904,9.82703333333,False
0,7533,289,9.74725877441,9.82703333333,False
0,7534,289,9.78206388702,9.82703333333,False
0,7535,289,9.73690184138,9.82703333333,False
0,7536,289,9.78374810084,9.82703333333,False
0,7537,289,9.71495643688,9.82703333333,False
0,7538,289,9.74352559135,9.82703333333,False
0,7539,289,9.79616486659,9.82703333333,False
0,7540,289,9.74592496968,9.82703333333,False
0,7541,289,9.81370105549,9.82703333333,False
0,7542,289,9.77712854882,9.82703333333,False
0,7543,289,9.76097223588,9.82703333333,False
0,7544,289,9.75363449619,9.82703333333,False
0,7545,289,9.76264273883,9.82703333333,False
0,7546,289,9.77825024267,9.82703333333,False
0,7547,289,9.78695076264,9.82703333333,False
0,7548,289,9.7198994176,9.82703333333,False
0,7549,289,9.78589713951,9.82703333333,False
0,7550,289,9.78983981316,9.82703333333,False
0,7551,289,9.76966884745,9.82703333333,False
0,7552,289,9.75235409919,9.82703333333,False
0,7553,289,9.75422160319,9.82703333333,False
0,7554,290,9.80240293661,9.86036666667,False
0,7555,290,9.77338889458,9.86036666667,False
0,7556,290,9.78519881547,9.86036666667,False
0,7557,290,9.74448532523,9.86036666667,False
0,7558,290,9.77914969883,9.86036666667,False
0,7559,290,9.81935866077,9.86036666667,False
0,7560,290,9.80427444078,9.86036666667,False
0,7561,290,9.83849713554,9.86036666667,False
0,7562,290,9.77906817078,9.86036666667,False
0,7563,291,9.83256808795,9.8937,False
0,7564,291,9.82831373423,9.8937,False
0,7565,291,9.7941622191,9.8937,False
0,7566,291,9.83479248877,9.8937,False
0,7567,291,9.84736443532,9.8937,False
0,7568,291,9.8188516114,9.8937,False
0,7569,292,9.84266633822,9.92703333333,False
0,7570,292,9.84479922401,9.92703333333,False
0,7571,292,9.86836182806,9.92703333333,False
0,7572,292,9.84325265405,9.92703333333,False
0,7573,292,9.8520895014,9.92703333333,False
0,7574,293,9.90916641212,9.96036666667,False
0,7575,293,9.89146479427,9.96036666667,False
0,7576,293,9.87595251587,9.96036666667,False
0,7577,293,9.91932352302,9.96036666667,False
0,7578,293,9.90347468956,9.96036666667,False
0,7579,293,9.92048408161,9.96036666667,False
0,7580,294,9.93376118925,9.9937,False
0,7581,294,9.9460948458,9.9937,False
0,7582,294,9.86519532829,9.9937,False
0,7583,294,9.89232804514,9.9937,False
0,7584,294,9.89834061361,9.9937,False
0,7585,294,9.95593723304,9.9937,False
0,7586,294,9.92959903998,9.9937,False
0,7587,294,9.97010364107,9.9937,False
0,7588,294,9.92394397704,9.9937,False
0,7589,294,9.92569576341,9.9937,False
0,7590,294,9.88912362246,9.9937,False
0,7591,294,9.91289104436,9.9937,False
0,7592,294,9.89559396134,9.9937,False
0,7593,294,9.96852065085,9.9937,False
0,7594,294,9.95395650243,9.9937,False
0,7595,294,9.9514380549,9.9937,False
0,7596,294,9.93372886197,9.9937,False
0,7597,294,9.88934144436,9.9937,False
0,7598,294,9.91568820119,9.9937,False
0,7599,294,9.94173822058,9.9937,False
0,7600,294,9.95187769877,9.9937,False
0,7601,294,9.88406263159,9.9937,False
0,7602,294,9.90699952747,9.9937,False
0,7603,294,9.92890441797,9.9937,False
0,7604,294,9.9350055957,9.9937,False
0,7605,294,9.91784503544,9.9937,False
0,7606,294,9.95078373604,9.9937,False
0,7607,294,9.95662676671,9.9937,False
0,7608,294,9.92443543321,9.9937,False
0,7609,294,9.90466086222,9.9937,False
0,7610,294,9.93232563165,9.9937,False
0,7611,294,9.91199558857,9.9937,False
0,7612,294,9.93306949608,9.9937,False
0,7613,294,9.9177723161,9.9937,False
0,7614,294,9.91761488852,9.9937,False
0,7615,294,9.9517150168,9.9937,False
0,7616,294,9.98674946342,9.9937,False
0,7617,294,9.8867710547,9.9937,False
0,7618,294,9.8994487447,9.9937,False
0,7619,294,9.94522222758,9.9937,False
0,7620,294,9.89206858918,9.9937,False
0,7621,294,9.92514480339,9.9937,False
0,7622,294,9.8758123753,9.9937,False
0,7623,294,9.94374097695,9.9937,False
0,7624,294,9.92317876867,9.9937,False
0,7625,294,9.94274550773,9.9937,False
0,7626,294,9.89557101755,9.9937,False
0,7627,294,9.91892236894,9.9937,False
0,7628,294,9.92449495665,9.9937,False
0,7629,294,9.97676291193,9.9937,False
0,7630,294,9.89395119452,9.9937,False
0,7631,294,9.9477106874,9.9937,False
0,7632,294,9.97354894466,9.9937,False
0,7633,294,9.9160637165,9.9937,False
0,7634,294,9.91987835447,9.9937,False
0,7635,294,9.97049645244,9.9937,False
0,7636,294,9.91092997,9.9937,False
0,7637,294,9.92845301864,9.9937,False
0,7638,294,9.9202480645,9.9937,False
0,7639,294,9.91476195715,9.9937,False
0,7640,294,9.9348708733,9.9937,False
0,7641,294,9.92719384013,9.9937,False
0,7642,294,9.93457819856,9.9937,False
0,7643,294,9.93880424872,9.9937,False
0,7644,294,9.88967494808,9.9937,False
0,7645,294,9.92933800777,9.9937,False
0,7646,294,9.88445905683,9.9937,False
0,7647,294,9.8937482798,9.9937,False
0,7648,294,9.95379718364,9.9937,False
0,7649,294,9.90804932062,9.9937,False
0,7650,294,9.93139106205,9.9937,False
0,7651,294,9.91413463299,9.9937,False
0,7652,294,9.86729239624,9.9937,False
0,7653,294,9.90929581771,9.9937,False
0,7654,294,9.93404474034,9.9937,False
0,7655,294,9.93947181053,9.9937,False
0,7656,294,9.93096132959,9.9937,False
0,7657,294,9.90564206043,9.9937,False
0,7658,294,9.9028822098,9.9937,False
0,7659,294,9.90125106023,9.9937,False
0,7660,294,9.952819116,9.9937,False
0,7661,294,9.94019200587,9.9937,False
0,7662,294,9.92858649974,9.9937,False
0,7663,294,9.99520429913,9.9937,True
0,7664,294,9.89342779069,9.9937,False
0,7665,294,9.86241349059,9.9937,False
0,7666,294,9.92622337632,9.9937,False
0,7667,294,9.91776987255,9.9937,False
0,7668,294,9.90524237963,9.9937,False
0,7669,294,9.90647656637,9.9937,False
0,7670,294,9.92642800404,9.9937,False
0,7671,294,9.97229317791,9.9937,False
0,7672,294,9.92551807275,9.9937,False
0,7673,294,9.89051207429,9.9937,False
0,7674,294,9.87930674024,9.9937,False
0,7675,294,9.92726837415,9.9937,False
0,7676,294,9.87830274232,9.9937,False
0,7677,294,9.92047675549,9.9937,False
0,7678,294,9.94583573378,9.9937,False
0,7679,294,9.91300402799,9.9937,False
0,7680,294,9.94896366933,9.9937,False
0,7681,294,9.94239413553,9.9937,False
0,7682,294,9.98347932586,9.9937,False
0,7683,294,9.93548992546,9.9937,False
0,7684,294,9.90340799703,9.9937,False
0,7685,294,9.91217594594,9.9937,False
0,7686,294,9.94845632215,9.9937,False
0,7687,294,9.94114634377,9.9937,False
0,7688,294,9.91613673886,9.9937,False
0,7689,294,9.91433196805,9.9937,False
0,7690,294,9.90106687022,9.9937,False
0,7691,294,9.93116875279,9.9937,False
0,7692,294,9.93672547965,9.9937,False
0,7693,294,9.90675212685,9.9937,False
0,7694,294,9.89973584129,9.9937,False
0,7695,294,9.91674862943,9.9937,False
0,7696,294,9.90886987716,9.9937,False
0,7697,294,9.90419502411,9.9937,False
0,7698,294,9.94701674929,9.9937,False
0,7699,294,9.94832177917,9.9937,False
0,7700,294,9.95575441274,9.9937,False
0,7701,294,9.92495786289,9.9937,False
0,7702,294,9.98066524456,9.9937,False
0,7703,294,9.92189371335,9.9937,False
0,7704,294,9.95438038606,9.9937,False
0,7705,294,9.90408031483,9.9937,False
0,7706,294,9.94452412345,9.9937,False
0,7707,294,9.92987238436,9.9937,False
0,7708,294,9.9385203328,9.9937,False
0,7709,294,9.90785868654,9.9937,False
0,7710,294,9.93056749986,9.9937,False
0,7711,294,9.92053798871,9.9937,False
0,7712,294,9.88133877107,9.9937,False
0,7713,294,9.93052738873,9.9937,False
0,7714,294,9.906973438,9.9937,False
0,7715,294,9.95931532106,9.9937,False
0,7716,294,9.84586307549,9.9937,False
0,7717,294,9.89864840056,9.9937,False
0,7718,294,9.90022632946,9.9937,False
0,7719,294,9.89772653698,9.9937,False
0,7720,294,9.95970598139,9.9937,False
0,7721,294,9.92723940563,9.9937,False
0,7722,294,9.94113062142,9.9937,False
0,7723,294,9.92062747661,9.9937,False
0,7724,294,9.92667922819,9.9937,False
0,7725,294,9.93974158241,9.9937,False
0,7726,294,9.93428894451,9.9937,False
0,7727,294,9.95837208508,9.9937,False
0,7728,294,9.94925939102,9.9937,False
0,7729,294,9.95368342461,9.9937,False
0,7730,294,9.90366366705,9.9937,False
0,7731,294,9.94686895278,9.9937,False
0,7732,294,9.95521340952,9.9937,False
0,7733,294,9.94122860282,9.9937,False
0,7734,294,9.93651720533,9.9937,False
0,7735,294,9.94587115533,9.9937,False
0,7736,294,9.89805222785,9.9937,False
0,7737,294,9.90672156694,9.9937,False
0,7738,294,9.93470252243,9.9937,False
0,7739,294,9.93197606582,9.9937,False
0,7740,294,9.92005744751,9.9937,False
0,7741,294,9.94051069959,9.9937,False
0,7742,294,9.96551158956,9.9937,False
0,7743,294,9.93370817333,9.9937,False
0,7744,294,9.89733682774,9.9937,False
0,7745,294,9.91462728036,9.9937,False
0,7746,294,9.89870900852,9.9937,False
0,7747,294,9.91536782662,9.9937,False
0,7748,294,9.88797787534,9.9937,False
0,7749,294,9.92967898609,9.9937,False
0,7750,294,9.92282553311,9.9937,False
0,7751,294,9.90135779893,9.9937,False
0,7752,294,9.91737232524,9.9937,False
0,7753,294,9.90712693857,9.9937,False
0,7754,294,9.88849287892,9.9937,False
0,7755,294,9.90753895405,9.9937,False
0,7756,294,9.87278018294,9.9937,False
0,7757,294,9.96271598018,9.9937,False
0,7758,294,9.93954963795,9.9937,False
0,7759,294,9.92153265985,9.9937,False
0,7760,294,9.96014001334,9.9937,False
0,7761,294,9.89645222689,9.9937,False
0,7762,294,9.94165382807,9.9937,False
0,7763,294,9.97747414938,9.9937,False
0,7764,294,9.91845188102,9.9937,False
0,7765,294,9.87236335934,9.9937,False
0,7766,294,9.93558983246,9.9937,False
0,7767,294,9.9522418328,9.9937,False
0,7768,294,9.97440334329,9.9937,False
0,7769,294,9.92642873269,9.9937,False
0,7770,294,9.96121472482,9.9937,False
0,7771,294,9.94665903056,9.9937,False
0,7772,294,9.91237932953,9.9937,False
0,7773,294,9.93417643671,9.9937,False
0,7774,294,9.92722032731,9.9937,False
0,7775,294,9.96252243375,9.9937,False
0,7776,294,9.89777078644,9.9937,False
0,7777,294,9.91723581976,9.9937,False
0,7778,294,9.93650502025,9.9937,False
0,7779,294,9.94452074427,9.9937,False
0,7780,294,9.9268770741,9.9937,False
0,7781,294,9.91509724384,9.9937,False
0,7782,294,9.85672776592,9.9937,False
0,7783,294,9.94896479993,9.9937,False
0,7784,294,9.94863443562,9.9937,False
0,7785,294,9.93650170808,9.9937,False
0,7786,294,9.92999949025,9.9937,False
0,7787,294,9.89546840739,9.9937,False
0,7788,294,9.91974401013,9.9937,False
0,7789,294,9.95269537342,9.9937,False
0,7790,294,9.94374456354,9.9937,False
0,7791,294,9.90673379565,9.9937,False
0,7792,294,9.99014585096,9.9937,False
0,7793,294,9.95723610885,9.9937,False
0,7794,294,9.89885150705,9.9937,False
0,7795,294,9.92260567635,9.9937,False
0,7796,294,9.9009424618,9.9937,False
0,7797,294,9.91118571234,9.9937,False
0,7798,294,9.8948189312,9.9937,False
0,7799,294,9.90709179146,9.9937,False
0,7800,294,9.94269388402,9.9937,False
0,7801,294,9.89150228027,9.9937,False
0,7802,294,9.85200184866,9.9937,False
0,7803,294,9.92498925317,9.9937,False
0,7804,294,9.94999582082,9.9937,False
0,7805,294,9.95602552635,9.9937,False
0,7806,294,9.95715999195,9.9937,False
0,7807,294,9.92858962808,9.9937,False
0,7808,294,9.92005523369,9.9937,False
0,7809,294,9.9352129202,9.9937,False
0,7810,294,9.87696672991,9.9937,False
0,7811,294,9.92372888941,9.9937,False
0,7812,294,9.9284855391,9.9937,False
0,7813,294,9.93662166502,9.9937,False
0,7814,294,9.94137125877,9.9937,False
0,7815,294,9.93861393695,9.9937,False
0,7816,294,9.91169158913,9.9937,False
0,7817,294,9.94585512614,9.9937,False
0,7818,294,9.95705583883,9.9937,False
0,7819,294,9.9235232294,9.9937,False
0,7820,294,9.95397855525,9.9937,False
0,7821,294,9.94970692248,9.9937,False
0,7822,294,9.9598730953,9.9937,False
0,7823,294,9.92658810994,9.9937,False
0,7824,294,9.95218348018,9.9937,False
0,7825,294,9.90957665968,9.9937,False
0,7826,294,9.9564184892,9.9937,False
0,7827,294,9.94017219305,9.9937,False
0,7828,294,9.87631361628,9.9937,False
0,7829,294,9.91700621835,9.9937,False
0,7830,294,9.91046156304,9.9937,False
0,7831,294,9.92458436391,9.9937,False
0,7832,294,9.94722366989,9.9937,False
0,7833,294,9.93917848978,9.9937,False
0,7834,294,9.91358826059,9.9937,False
0,7835,294,9.95510596665,9.9937,False
0,7836,294,9.9603849119,9.9937,False
0,7837,294,9.91723662242,9.9937,False
0,7838,294,9.87473259744,9.9937,False
0,7839,294,9.9014888771,9.9937,False
0,7840,294,9.91293855507,9.9937,False
0,7841,294,9.9143325398,9.9937,False
0,7842,294,9.92224422783,9.9937,False
0,7843,294,9.93952280955,9.9937,False
0,7844,294,9.98268336723,9.9937,False
0,7845,294,9.93729811206,9.9937,False
0,7846,295,9.95470501771,10.0270333333,False
0,7847,295,9.94374992718,10.0270333333,False
0,7848,295,9.98266314523,10.0270333333,False
0,7849,295,10.0041348298,10.0270333333,False
0,7850,295,9.99229658552,10.0270333333,False
0,7851,295,9.97522000695,10.0270333333,False
0,7852,295,9.92473441602,10.0270333333,False
0,7853,295,9.94817058961,10.0270333333,False
0,7854,295,9.96084070473,10.0270333333,False
0,7855,296,9.98275514392,10.0603666667,False
0,7856,296,10.0212641102,10.0603666667,False
0,7857,296,9.9975105336,10.0603666667,False
0,7858,296,10.0033668237,10.0603666667,False
0,7859,296,9.99919962438,10.0603666667,False
0,7860,296,10.0283201848,10.0603666667,False
0,7861,297,10.0526927154,10.0937,False
0,7862,297,10.0187063523,10.0937,False
0,7863,297,10.0250558457,10.0937,False
0,7864,297,10.0354859982,10.0937,False
0,7865,298,10.0609045978,10.1270333333,False
0,7866,298,10.0757248532,10.1270333333,False
0,7867,298,10.0817987658,10.1270333333,False
0,7868,298,10.0432714365,10.1270333333,False
0,7869,298,10.0261541118,10.1270333333,False
0,7870,299,10.0648264692,10.1603666667,False
0,7871,299,10.1266671256,10.1603666667,False
0,7872,299,10.0494074514,10.1603666667,False
0,7873,299,10.0791902604,10.1603666667,False
0,7874,299,10.0678230415,10.1603666667,False
0,7875,299,10.0792526127,10.1603666667,False
0,7876,299,10.0775178575,10.1603666667,False
0,7877,299,10.128070045,10.1603666667,False
0,7878,299,10.0592285006,10.1603666667,False
0,7879,299,10.0365008373,10.1603666667,False
0,7880,299,10.1015044249,10.1603666667,False
0,7881,299,10.0682321654,10.1603666667,False
0,7882,299,10.0571589204,10.1603666667,False
0,7883,299,10.0853188123,10.1603666667,False
0,7884,299,10.0871981167,10.1603666667,False
0,7885,299,10.0991936793,10.1603666667,False
0,7886,299,10.1175429826,10.1603666667,False
0,7887,299,10.0465029192,10.1603666667,False
0,7888,299,10.1246509515,10.1603666667,False
0,7889,299,10.0693687041,10.1603666667,False
0,7890,299,10.1154819856,10.1603666667,False
0,7891,299,10.1314564691,10.1603666667,False
0,7892,299,10.074401265,10.1603666667,False
0,7893,299,10.1467037658,10.1603666667,False
0,7894,299,10.1027195893,10.1603666667,False
0,7895,299,10.0754322334,10.1603666667,False
0,7896,299,10.040553766,10.1603666667,False
0,7897,299,10.0988901261,10.1603666667,False
0,7898,299,10.1000956866,10.1603666667,False
0,7899,299,10.0898308482,10.1603666667,False
0,7900,299,10.064971369,10.1603666667,False
0,7901,299,10.1110924261,10.1603666667,False
0,7902,299,10.0935267087,10.1603666667,False
0,7903,299,10.0852375673,10.1603666667,False
0,7904,299,10.1165041184,10.1603666667,False
0,7905,299,10.0976827577,10.1603666667,False
0,7906,299,10.1008945015,10.1603666667,False
0,7907,299,10.0965954431,10.1603666667,False
0,7908,299,10.0952513749,10.1603666667,False
0,7909,299,10.0826348117,10.1603666667,False
0,7910,299,10.0715598851,10.1603666667,False
0,7911,299,10.1244711814,10.1603666667,False
0,7912,299,10.1082641894,10.1603666667,False
0,7913,299,10.1267305685,10.1603666667,False
0,7914,299,10.0725012926,10.1603666667,False
0,7915,299,10.1032507575,10.1603666667,False
0,7916,299,10.1107100558,10.1603666667,False
0,7917,299,10.0722576871,10.1603666667,False
0,7918,299,10.109672519,10.1603666667,False
0,7919,299,10.0877688905,10.1603666667,False
0,7920,299,10.1022600799,10.1603666667,False
0,7921,299,10.0953427158,10.1603666667,False
0,7922,299,10.0500266717,10.1603666667,False
0,7923,299,10.0456849109,10.1603666667,False
0,7924,299,10.1198996472,10.1603666667,False
0,7925,299,10.1285506081,10.1603666667,False
0,7926,299,10.1601265866,10.1603666667,False
0,7927,299,10.0559125874,10.1603666667,False
0,7928,299,10.0794042236,10.1603666667,False
0,7929,299,10.0899257085,10.1603666667,False
0,7930,299,10.0672707527,10.1603666667,False
0,7931,299,10.0839300096,10.1603666667,False
0,7932,299,10.1019583743,10.1603666667,False
0,7933,299,10.1136620457,10.1603666667,False
0,7934,299,10.1440682591,10.1603666667,False
0,7935,299,10.0948451131,10.1603666667,False
0,7936,299,10.067441777,10.1603666667,False
0,7937,299,10.0798570878,10.1603666667,False
0,7938,299,10.0812420355,10.1603666667,False
0,7939,299,10.1040649981,10.1603666667,False
0,7940,299,10.0785740995,10.1603666667,False
0,7941,299,10.0987390505,10.1603666667,False
0,7942,299,10.0899704817,10.1603666667,False
0,7943,299,10.0760720636,10.1603666667,False
0,7944,299,10.0639552592,10.1603666667,False
0,7945,299,10.0959791163,10.1603666667,False
0,7946,299,10.1000909521,10.1603666667,False
0,7947,299,10.1156710292,10.1603666667,False
0,7948,299,10.0969803552,10.1603666667,False
0,7949,299,10.1162160197,10.1603666667,False
0,7950,299,10.1080023753,10.1603666667,False
0,7951,299,10.1196804041,10.1603666667,False
0,7952,299,10.083792686,10.1603666667,False
0,7953,299,10.1180276287,10.1603666667,False
0,7954,299,10.1180305279,10.1603666667,False
0,7955,299,10.082261579,10.1603666667,False
0,7956,299,10.0596648697,10.1603666667,False
0,7957,299,10.0689596597,10.1603666667,False
0,7958,299,10.0902145596,10.1603666667,False
0,7959,299,10.085230704,10.1603666667,False
0,7960,299,10.0922493678,10.1603666667,False
0,7961,299,10.0966922089,10.1603666667,False
0,7962,299,10.137592171,10.1603666667,False
0,7963,299,10.1477970349,10.1603666667,False
0,7964,299,10.096873921,10.1603666667,False
0,7965,299,10.0702043966,10.1603666667,False
0,7966,299,10.1144319003,10.1603666667,False
0,7967,299,10.1093877501,10.1603666667,False
0,7968,299,10.0617979219,10.1603666667,False
0,7969,299,10.06844815,10.1603666667,False
0,7970,299,10.0860146497,10.1603666667,False
0,7971,299,10.0648973611,10.1603666667,False
0,7972,299,10.0787506745,10.1603666667,False
0,7973,299,10.0794487894,10.1603666667,False
0,7974,299,10.1091325613,10.1603666667,False
0,7975,299,10.127528218,10.1603666667,False
0,7976,299,10.0763964521,10.1603666667,False
0,7977,299,10.091144173,10.1603666667,False
0,7978,299,10.0936258345,10.1603666667,False
0,7979,299,10.1333195625,10.1603666667,False
0,7980,299,10.0646214452,10.1603666667,False
0,7981,299,10.0818217044,10.1603666667,False
0,7982,299,10.0795740677,10.1603666667,False
0,7983,299,10.067069309,10.1603666667,False
0,7984,299,10.0297262413,10.1603666667,False
0,7985,299,10.0964801788,10.1603666667,False
0,7986,299,10.0756989441,10.1603666667,False
0,7987,299,10.1128149416,10.1603666667,False
0,7988,299,10.0900560354,10.1603666667,False
0,7989,299,10.0696221282,10.1603666667,False
0,7990,299,10.1131967165,10.1603666667,False
0,7991,299,10.1134005219,10.1603666667,False
0,7992,299,10.1319025075,10.1603666667,False
0,7993,299,10.0926850113,10.1603666667,False
0,7994,299,10.0833267726,10.1603666667,False
0,7995,299,10.0673283725,10.1603666667,False
0,7996,299,10.1141932452,10.1603666667,False
0,7997,299,10.1009687352,10.1603666667,False
0,7998,299,10.1107497558,10.1603666667,False
0,7999,299,10.061611812,10.1603666667,False
0,8000,299,10.0644213902,10.1603666667,False
0,8001,299,10.0587670564,10.1603666667,False
0,8002,299,10.0529512051,10.1603666667,False
0,8003,299,10.0947503217,10.1603666667,False
0,8004,299,10.0869793834,10.1603666667,False
0,8005,299,10.1088366452,10.1603666667,False
0,8006,299,10.060899633,10.1603666667,False
0,8007,299,10.1590793586,10.1603666667,False
0,8008,299,10.0099766425,10.1603666667,False
0,8009,299,10.1172706475,10.1603666667,False
0,8010,299,10.1247724368,10.1603666667,False
0,8011,299,10.1083075144,10.1603666667,False
0,8012,299,10.0817272823,10.1603666667,False
0,8013,299,10.1037735073,10.1603666667,False
0,8014,299,10.0666200929,10.1603666667,False
0,8015,299,10.1025989977,10.1603666667,False
0,8016,299,10.1385430388,10.1603666667,False
0,8017,299,10.081484006,10.1603666667,False
0,8018,299,10.0902308372,10.1603666667,False
0,8019,299,10.1556989379,10.1603666667,False
0,8020,299,10.1079716503,10.1603666667,False
0,8021,299,10.0907669438,10.1603666667,False
0,8022,299,10.1011421903,10.1603666667,False
0,8023,299,10.0791463839,10.1603666667,False
0,8024,299,10.0726052836,10.1603666667,False
0,8025,299,10.1203991924,10.1603666667,False
0,8026,299,10.0836736097,10.1603666667,False
0,8027,299,10.0709593408,10.1603666667,False
0,8028,299,10.13680361,10.1603666667,False
0,8029,299,10.1101211515,10.1603666667,False
0,8030,299,10.0725258216,10.1603666667,False
0,8031,299,10.1046818824,10.1603666667,False
0,8032,299,10.0352640851,10.1603666667,False
0,8033,299,10.0356056866,10.1603666667,False
0,8034,299,10.1204476677,10.1603666667,False
0,8035,299,10.0862177424,10.1603666667,False
0,8036,299,10.0670897324,10.1603666667,False
0,8037,299,10.0738569077,10.1603666667,False
0,8038,299,10.012750941,10.1603666667,False
0,8039,299,10.0919170997,10.1603666667,False
0,8040,299,10.0866848585,10.1603666667,False
0,8041,299,10.1001607089,10.1603666667,False
0,8042,299,10.1049088976,10.1603666667,False
0,8043,299,10.1295686623,10.1603666667,False
0,8044,299,10.0708320664,10.1603666667,False
0,8045,299,10.1021967928,10.1603666667,False
0,8046,299,10.0930701432,10.1603666667,False
0,8047,299,10.1093429544,10.1603666667,False
0,8048,299,10.08967699,10.1603666667,False
0,8049,299,10.050493061,10.1603666667,False
0,8050,299,10.0718830438,10.1603666667,False
0,8051,299,10.0773431747,10.1603666667,False
0,8052,299,10.0819507354,10.1603666667,False
0,8053,299,10.1041903319,10.1603666667,False
0,8054,299,10.0835359875,10.1603666667,False
0,8055,299,10.1107571806,10.1603666667,False
0,8056,299,10.0659569082,10.1603666667,False
0,8057,299,10.085081737,10.1603666667,False
0,8058,299,10.0564842487,10.1603666667,False
0,8059,299,10.0911429242,10.1603666667,False
0,8060,299,10.0957819798,10.1603666667,False
0,8061,299,10.0745132985,10.1603666667,False
0,8062,299,10.0831912081,10.1603666667,False
0,8063,299,10.0821028296,10.1603666667,False
0,8064,299,10.1220068509,10.1603666667,False
0,8065,299,10.1103478541,10.1603666667,False
0,8066,299,10.1157240439,10.1603666667,False
0,8067,299,10.1111674614,10.1603666667,False
0,8068,299,10.062918942,10.1603666667,False
0,8069,299,10.0758012841,10.1603666667,False
0,8070,299,10.0753047426,10.1603666667,False
0,8071,299,10.1099528654,10.1603666667,False
0,8072,299,10.088696694,10.1603666667,False
0,8073,299,10.1261915066,10.1603666667,False
0,8074,299,10.0860024782,10.1603666667,False
0,8075,299,10.0571091199,10.1603666667,False
0,8076,299,10.0749364235,10.1603666667,False
0,8077,299,10.063812836,10.1603666667,False
0,8078,299,10.0965508839,10.1603666667,False
0,8079,299,10.111904409,10.1603666667,False
0,8080,299,10.0881445961,10.1603666667,False
0,8081,299,10.1112753799,10.1603666667,False
0,8082,299,10.1339219997,10.1603666667,False
0,8083,299,9.99532167794,10.1603666667,False
0,8084,299,10.1184084546,10.1603666667,False
0,8085,299,10.0855334806,10.1603666667,False
0,8086,299,10.0552596348,10.1603666667,False
0,8087,299,10.0992483293,10.1603666667,False
0,8088,299,10.0903923983,10.1603666667,False
0,8089,299,10.0813237336,10.1603666667,False
0,8090,299,10.1125719075,10.1603666667,False
0,8091,299,10.0855359875,10.1603666667,False
0,8092,299,10.0742182056,10.1603666667,False
0,8093,299,10.1071967945,10.1603666667,False
0,8094,299,10.0750670463,10.1603666667,False
0,8095,299,10.0846502813,10.1603666667,False
0,8096,299,10.0872348984,10.1603666667,False
0,8097,299,10.0462269925,10.1603666667,False
0,8098,299,10.1020967622,10.1603666667,False
0,8099,299,10.1392510137,10.1603666667,False
0,8100,299,10.0676960669,10.1603666667,False
0,8101,299,10.1180343466,10.1603666667,False
0,8102,299,10.1346399991,10.1603666667,False
0,8103,299,10.0920966534,10.1603666667,False
0,8104,299,10.09815099,10.1603666667,False
0,8105,299,10.1072549871,10.1603666667,False
0,8106,299,10.1004264985,10.1603666667,False
0,8107,299,10.1232765559,10.1603666667,False
0,8108,299,10.0708963305,10.1603666667,False
0,8109,299,10.0920251558,10.1603666667,False
0,8110,299,10.0930218054,10.1603666667,False
0,8111,299,10.1045401385,10.1603666667,False
0,8112,299,10.0968422617,10.1603666667,False
0,8113,299,10.0664079494,10.1603666667,False
0,8114,299,10.0795011875,10.1603666667,False
0,8115,299,10.094690578,10.1603666667,False
0,8116,299,10.0492250242,10.1603666667,False
0,8117,299,10.0920187369,10.1603666667,False
0,8118,299,10.113924039,10.1603666667,False
0,8119,299,10.1530857837,10.1603666667,False
0,8120,299,10.066341412,10.1603666667,False
0,8121,299,10.1120148819,10.1603666667,False
0,8122,299,10.1073031674,10.1603666667,False
0,8123,299,10.0654710613,10.1603666667,False
0,8124,299,10.0706238095,10.1603666667,False
0,8125,299,10.0552055487,10.1603666667,False
0,8126,299,10.0796427812,10.1603666667,False
0,8127,299,10.0921454075,10.1603666667,False
0,8128,299,10.1058496163,10.1603666667,False
0,8129,299,10.0740286457,10.1603666667,False
0,8130,299,10.1149046707,10.1603666667,False
0,8131,299,10.0666177264,10.1603666667,False
0,8132,299,10.1054363358,10.1603666667,False
0,8133,300,10.1110923141,10.1937,False
0,8134,300,10.1308805762,10.1937,False
0,8135,300,10.1428512335,10.1937,False
0,8136,300,10.1179844428,10.1937,False
0,8137,300,10.1060846901,10.1937,False
0,8138,300,10.1542022527,10.1937,False
0,8139,300,10.0883554914,10.1937,False
0,8140,300,10.0824948253,10.1937,False
0,8141,300,10.1083626947,10.1937,False
0,8142,300,10.118328062,10.1937,False
0,8143,301,10.1448653754,10.2270333333,False
0,8144,301,10.1533832435,10.2270333333,False
0,8145,301,10.1394488543,10.2270333333,False
0,8146,301,10.1669805353,10.2270333333,False
0,8147,301,10.1734687245,10.2270333333,False
0,8148,301,10.1597232498,10.2270333333,False
0,8149,302,10.1776600098,10.2603666667,False
0,8150,302,10.2150011084,10.2603666667,False
0,8151,302,10.2234794937,10.2603666667,False
0,8152,302,10.1896536181,10.2603666667,False
0,8153,303,10.2493792924,10.2937,False
0,8154,303,10.220547253,10.2937,False
0,8155,303,10.1869788245,10.2937,False
0,8156,303,10.2297945987,10.2937,False
0,8157,303,10.2365735634,10.2937,False
0,8158,303,10.2553955016,10.2937,False
0,8159,304,10.2868066085,10.3270333333,False
0,8160,304,10.2612626425,10.3270333333,False
0,8161,304,10.2636022568,10.3270333333,False
0,8162,304,10.2784160633,10.3270333333,False
0,8163,304,10.1880429515,10.3270333333,False
0,8164,304,10.204935724,10.3270333333,False
0,8165,304,10.2843071387,10.3270333333,False
0,8166,304,10.2634842751,10.3270333333,False
0,8167,304,10.2685699464,10.3270333333,False
0,8168,304,10.2322293294,10.3270333333,False
0,8169,304,10.2156255728,10.3270333333,False
0,8170,304,10.2834733053,10.3270333333,False
0,8171,304,10.2599612948,10.3270333333,False
0,8172,304,10.2574451985,10.3270333333,False
0,8173,304,10.2642615856,10.3270333333,False
0,8174,304,10.313376927,10.3270333333,False
0,8175,304,10.2438177236,10.3270333333,False
0,8176,304,10.2202489186,10.3270333333,False
0,8177,304,10.2368801227,10.3270333333,False
0,8178,304,10.258827897,10.3270333333,False
0,8179,304,10.2310837814,10.3270333333,False
0,8180,304,10.2716255161,10.3270333333,False
0,8181,304,10.2384186128,10.3270333333,False
0,8182,304,10.2506987324,10.3270333333,False
0,8183,304,10.2587654801,10.3270333333,False
0,8184,304,10.2490669362,10.3270333333,False
0,8185,304,10.2623911449,10.3270333333,False
0,8186,304,10.2414402892,10.3270333333,False
0,8187,304,10.2647979523,10.3270333333,False
0,8188,304,10.2889758278,10.3270333333,False
0,8189,304,10.2728047086,10.3270333333,False
0,8190,304,10.2794781141,10.3270333333,False
0,8191,304,10.2367890153,10.3270333333,False
0,8192,304,10.2893878876,10.3270333333,False
0,8193,304,10.2283620619,10.3270333333,False
0,8194,304,10.2651322154,10.3270333333,False
0,8195,304,10.2516470456,10.3270333333,False
0,8196,304,10.2609553982,10.3270333333,False
0,8197,304,10.1912391944,10.3270333333,False
0,8198,304,10.2812270249,10.3270333333,False
0,8199,304,10.2359565342,10.3270333333,False
0,8200,304,10.30689882,10.3270333333,False
0,8201,304,10.2864475215,10.3270333333,False
0,8202,304,10.2709529481,10.3270333333,False
0,8203,304,10.2534762309,10.3270333333,False
0,8204,304,10.275278235,10.3270333333,False
0,8205,304,10.2675606134,10.3270333333,False
0,8206,304,10.2298750003,10.3270333333,False
0,8207,304,10.2076265967,10.3270333333,False
0,8208,304,10.2702262389,10.3270333333,False
0,8209,304,10.283513281,10.3270333333,False
0,8210,304,10.2578149354,10.3270333333,False
0,8211,304,10.273232942,10.3270333333,False
0,8212,304,10.227052962,10.3270333333,False
0,8213,304,10.2788411526,10.3270333333,False
0,8214,304,10.2631163637,10.3270333333,False
0,8215,304,10.2652562724,10.3270333333,False
0,8216,304,10.2455224879,10.3270333333,False
0,8217,304,10.3337582745,10.3270333333,True
0,8218,304,10.2825770591,10.3270333333,False
0,8219,304,10.2265548761,10.3270333333,False
0,8220,304,10.2348408939,10.3270333333,False
0,8221,304,10.2661192872,10.3270333333,False
0,8222,304,10.2762484252,10.3270333333,False
0,8223,304,10.3139271672,10.3270333333,False
0,8224,304,10.2557065108,10.3270333333,False
0,8225,304,10.2606117607,10.3270333333,False
0,8226,304,10.2311463588,10.3270333333,False
0,8227,304,10.2850610914,10.3270333333,False
0,8228,304,10.2941526563,10.3270333333,False
0,8229,304,10.2965285427,10.3270333333,False
0,8230,304,10.2506857612,10.3270333333,False
0,8231,304,10.237600232,10.3270333333,False
0,8232,304,10.2755198403,10.3270333333,False
0,8233,304,10.2441793222,10.3270333333,False
0,8234,304,10.2693557189,10.3270333333,False
0,8235,304,10.2614437478,10.3270333333,False
0,8236,304,10.2932141013,10.3270333333,False
0,8237,304,10.2743109831,10.3270333333,False
0,8238,304,10.2330642171,10.3270333333,False
0,8239,304,10.2246179438,10.3270333333,False
0,8240,304,10.2543943174,10.3270333333,False
0,8241,304,10.2802729493,10.3270333333,False
0,8242,304,10.2744149917,10.3270333333,False
0,8243,304,10.2622638345,10.3270333333,False
0,8244,304,10.260718207,10.3270333333,False
0,8245,304,10.2592469089,10.3270333333,False
0,8246,304,10.1925861853,10.3270333333,False
0,8247,304,10.2778928742,10.3270333333,False
0,8248,304,10.2427699732,10.3270333333,False
0,8249,304,10.248959087,10.3270333333,False
0,8250,304,10.3268055017,10.3270333333,False
0,8251,304,10.2656182416,10.3270333333,False
0,8252,304,10.2776006313,10.3270333333,False
0,8253,304,10.2711748909,10.3270333333,False
0,8254,304,10.2598712467,10.3270333333,False
0,8255,304,10.2795520629,10.3270333333,False
0,8256,304,10.2801589838,10.3270333333,False
0,8257,304,10.2635668891,10.3270333333,False
0,8258,304,10.2635494908,10.3270333333,False
0,8259,304,10.2266143047,10.3270333333,False
0,8260,304,10.2629143917,10.3270333333,False
0,8261,304,10.2296285816,10.3270333333,False
0,8262,304,10.3011283844,10.3270333333,False
0,8263,304,10.2607836969,10.3270333333,False
0,8264,304,10.2675480524,10.3270333333,False
0,8265,304,10.2793532067,10.3270333333,False
0,8266,304,10.2574523662,10.3270333333,False
0,8267,304,10.2534807182,10.3270333333,False
0,8268,304,10.2620779278,10.3270333333,False
0,8269,304,10.2612079392,10.3270333333,False
0,8270,304,10.2520189105,10.3270333333,False
0,8271,304,10.2106637173,10.3270333333,False
0,8272,304,10.2566174219,10.3270333333,False
0,8273,304,10.2484204414,10.3270333333,False
0,8274,304,10.2830232872,10.3270333333,False
0,8275,304,10.2614501009,10.3270333333,False
0,8276,304,10.2660378533,10.3270333333,False
0,8277,304,10.2675827194,10.3270333333,False
0,8278,304,10.2657756625,10.3270333333,False
0,8279,304,10.2937878801,10.3270333333,False
0,8280,304,10.2737133354,10.3270333333,False
0,8281,304,10.2665108639,10.3270333333,False
0,8282,304,10.2574509275,10.3270333333,False
0,8283,304,10.2661569382,10.3270333333,False
0,8284,304,10.2529826431,10.3270333333,False
0,8285,304,10.234980845,10.3270333333,False
0,8286,304,10.2551633051,10.3270333333,False
0,8287,304,10.2883529863,10.3270333333,False
0,8288,304,10.2474611652,10.3270333333,False
0,8289,304,10.258218203,10.3270333333,False
0,8290,304,10.2472351664,10.3270333333,False
0,8291,304,10.2988240956,10.3270333333,False
0,8292,304,10.2507753534,10.3270333333,False
0,8293,304,10.2754386175,10.3270333333,False
0,8294,304,10.2362467486,10.3270333333,False
0,8295,304,10.3006502033,10.3270333333,False
0,8296,304,10.1999925682,10.3270333333,False
0,8297,304,10.2849345376,10.3270333333,False
0,8298,304,10.265898021,10.3270333333,False
0,8299,304,10.2310797841,10.3270333333,False
0,8300,304,10.2229683619,10.3270333333,False
0,8301,304,10.2512886682,10.3270333333,False
0,8302,304,10.2863501837,10.3270333333,False
0,8303,304,10.2713278149,10.3270333333,False
0,8304,304,10.2956441947,10.3270333333,False
0,8305,304,10.2517404826,10.3270333333,False
0,8306,304,10.261753804,10.3270333333,False
0,8307,304,10.2115376852,10.3270333333,False
0,8308,304,10.2833348005,10.3270333333,False
0,8309,304,10.2496584894,10.3270333333,False
0,8310,304,10.2426318911,10.3270333333,False
0,8311,304,10.2410932638,10.3270333333,False
0,8312,304,10.2372472828,10.3270333333,False
0,8313,304,10.1841404037,10.3270333333,False
0,8314,304,10.2576390175,10.3270333333,False
0,8315,304,10.2841391362,10.3270333333,False
0,8316,304,10.2951057598,10.3270333333,False
0,8317,304,10.2416382898,10.3270333333,False
0,8318,304,10.2233456011,10.3270333333,False
0,8319,304,10.2786600006,10.3270333333,False
0,8320,304,10.2897937833,10.3270333333,False
0,8321,304,10.2777922886,10.3270333333,False
0,8322,304,10.3292436818,10.3270333333,True
0,8323,304,10.2372185868,10.3270333333,False
0,8324,304,10.3094653328,10.3270333333,False
0,8325,304,10.240965145,10.3270333333,False
0,8326,304,10.2229575377,10.3270333333,False
0,8327,304,10.2485774863,10.3270333333,False
0,8328,304,10.2479531142,10.3270333333,False
0,8329,304,10.2644054229,10.3270333333,False
0,8330,304,10.283830583,10.3270333333,False
0,8331,304,10.2897290675,10.3270333333,False
0,8332,304,10.2442755195,10.3270333333,False
0,8333,304,10.2217585814,10.3270333333,False
0,8334,304,10.259048819,10.3270333333,False
0,8335,304,10.2216543283,10.3270333333,False
0,8336,304,10.2542256971,10.3270333333,False
0,8337,304,10.2683228495,10.3270333333,False
0,8338,304,10.2766656817,10.3270333333,False
0,8339,304,10.2605206856,10.3270333333,False
0,8340,304,10.2699545658,10.3270333333,False
0,8341,304,10.246033847,10.3270333333,False
0,8342,304,10.1943972165,10.3270333333,False
0,8343,304,10.280731418,10.3270333333,False
0,8344,304,10.267888078,10.3270333333,False
0,8345,304,10.2173826656,10.3270333333,False
0,8346,304,10.2599425692,10.3270333333,False
0,8347,304,10.2554803537,10.3270333333,False
0,8348,304,10.3176339704,10.3270333333,False
0,8349,304,10.2811858999,10.3270333333,False
0,8350,304,10.2941992791,10.3270333333,False
0,8351,304,10.2558153312,10.3270333333,False
0,8352,304,10.2739709456,10.3270333333,False
0,8353,304,10.2703094285,10.3270333333,False
0,8354,304,10.2655677184,10.3270333333,False
0,8355,304,10.2670545444,10.3270333333,False
0,8356,304,10.302851345,10.3270333333,False
0,8357,304,10.2768601332,10.3270333333,False
0,8358,304,10.2807559601,10.3270333333,False
0,8359,304,10.2605188511,10.3270333333,False
0,8360,304,10.2715808858,10.3270333333,False
0,8361,304,10.274603784,10.3270333333,False
0,8362,304,10.2436744783,10.3270333333,False
0,8363,304,10.2448561593,10.3270333333,False
0,8364,304,10.267546627,10.3270333333,False
0,8365,304,10.2648073554,10.3270333333,False
0,8366,304,10.2376470091,10.3270333333,False
0,8367,304,10.2996473886,10.3270333333,False
0,8368,304,10.3054685239,10.3270333333,False
0,8369,304,10.2651377509,10.3270333333,False
0,8370,304,10.2573888769,10.3270333333,False
0,8371,304,10.2897166447,10.3270333333,False
0,8372,304,10.2344016579,10.3270333333,False
0,8373,304,10.218098941,10.3270333333,False
0,8374,304,10.2610223527,10.3270333333,False
0,8375,304,10.2607260506,10.3270333333,False
0,8376,304,10.2475206423,10.3270333333,False
0,8377,304,10.26013312,10.3270333333,False
0,8378,304,10.2555879846,10.3270333333,False
0,8379,304,10.260117141,10.3270333333,False
0,8380,304,10.2485926436,10.3270333333,False
0,8381,304,10.2632427367,10.3270333333,False
0,8382,304,10.2430078856,10.3270333333,False
0,8383,304,10.2900184915,10.3270333333,False
0,8384,304,10.2389435666,10.3270333333,False
0,8385,304,10.2634628502,10.3270333333,False
0,8386,304,10.2331131058,10.3270333333,False
0,8387,304,10.2549199994,10.3270333333,False
0,8388,304,10.28063126,10.3270333333,False
0,8389,304,10.2626095175,10.3270333333,False
0,8390,304,10.2291903314,10.3270333333,False
0,8391,304,10.2570875747,10.3270333333,False
0,8392,304,10.2620817957,10.3270333333,False
0,8393,304,10.2812267501,10.3270333333,False
0,8394,304,10.2437293297,10.3270333333,False
0,8395,304,10.2434440616,10.3270333333,False
0,8396,304,10.2444376083,10.3270333333,False
0,8397,304,10.275892249,10.3270333333,False
0,8398,304,10.2990996889,10.3270333333,False
0,8399,304,10.2627792128,10.3270333333,False
0,8400,304,10.2564650596,10.3270333333,False
0,8401,304,10.2728569993,10.3270333333,False
0,8402,304,10.2380374433,10.3270333333,False
0,8403,304,10.2543226413,10.3270333333,False
0,8404,304,10.2349813824,10.3270333333,False
0,8405,304,10.2656878364,10.3270333333,False
0,8406,304,10.2723593806,10.3270333333,False
0,8407,304,10.2167079337,10.3270333333,False
0,8408,304,10.2547134079,10.3270333333,False
0,8409,304,10.2683376052,10.3270333333,False
0,8410,304,10.2671129267,10.3270333333,False
0,8411,304,10.3232186604,10.3270333333,False
0,8412,304,10.2802830321,10.3270333333,False
0,8413,304,10.3092642074,10.3270333333,False
0,8414,304,10.2641937546,10.3270333333,False
0,8415,304,10.2142147889,10.3270333333,False
0,8416,304,10.2485061307,10.3270333333,False
0,8417,304,10.2809653976,10.3270333333,False
0,8418,304,10.232660729,10.3270333333,False
0,8419,304,10.2384433133,10.3270333333,False
0,8420,304,10.257855206,10.3270333333,False
0,8421,304,10.2742209233,10.3270333333,False
0,8422,304,10.2293449628,10.3270333333,False
0,8423,304,10.2819248271,10.3270333333,False
0,8424,304,10.2257131883,10.3270333333,False
0,8425,304,10.2327239954,10.3270333333,False
0,8426,304,10.2092089965,10.3270333333,False
0,8427,304,10.2674493081,10.3270333333,False
0,8428,305,10.2869683158,10.3603666667,False
0,8429,305,10.3032571622,10.3603666667,False
0,8430,305,10.277915275,10.3603666667,False
0,8431,305,10.2558668359,10.3603666667,False
0,8432,305,10.2528788811,10.3603666667,False
0,8433,305,10.3192690615,10.3603666667,False
0,8434,305,10.2981578895,10.3603666667,False
0,8435,305,10.2676368089,10.3603666667,False
0,8436,305,10.2799031021,10.3603666667,False
0,8437,306,10.3500101805,10.3937,False
0,8438,306,10.300054338,10.3937,False
0,8439,306,10.3224997667,10.3937,False
0,8440,306,10.3152198997,10.3937,False
0,8441,306,10.3222619164,10.3937,False
0,8442,307,10.3731354981,10.4270333333,False
0,8443,307,10.3466270742,10.4270333333,False
0,8444,307,10.3766375606,10.4270333333,False
0,8445,307,10.3045149819,10.4270333333,False
0,8446,308,10.3731409339,10.4603666667,False
0,8447,308,10.3744163099,10.4603666667,False
0,8448,308,10.4092879122,10.4603666667,False
0,8449,308,10.3762592462,10.4603666667,False
0,8450,308,10.3752697283,10.4603666667,False
0,8451,309,10.3866650756,10.4937,False
0,8452,309,10.414930822,10.4937,False
0,8453,309,10.4337900116,10.4937,False
0,8454,309,10.4684805909,10.4937,False
0,8455,309,10.4374804923,10.4937,False
0,8456,309,10.4426170027,10.4937,False
0,8457,309,10.4245115543,10.4937,False
0,8458,309,10.4784988459,10.4937,False
0,8459,309,10.4156745103,10.4937,False
0,8460,309,10.4381178814,10.4937,False
0,8461,309,10.4380995503,10.4937,False
0,8462,309,10.4333950331,10.4937,False
0,8463,309,10.4235125891,10.4937,False
0,8464,309,10.4374042013,10.4937,False
0,8465,309,10.3938953576,10.4937,False
0,8466,309,10.4378594601,10.4937,False
0,8467,309,10.4419316685,10.4937,False
0,8468,309,10.4168207966,10.4937,False
0,8469,309,10.4631451669,10.4937,False
0,8470,309,10.4443059914,10.4937,False
0,8471,309,10.4195087545,10.4937,False
0,8472,309,10.4165342181,10.4937,False
0,8473,309,10.4360771548,10.4937,False
0,8474,309,10.4272835071,10.4937,False
0,8475,309,10.4228997568,10.4937,False
0,8476,309,10.400548106,10.4937,False
0,8477,309,10.4099135136,10.4937,False
0,8478,309,10.4131652814,10.4937,False
0,8479,309,10.4107264384,10.4937,False
0,8480,309,10.4702355562,10.4937,False
0,8481,309,10.4350450085,10.4937,False
0,8482,309,10.4204479164,10.4937,False
0,8483,309,10.4384769963,10.4937,False
0,8484,309,10.4445088819,10.4937,False
0,8485,309,10.3864651297,10.4937,False
0,8486,309,10.4206052354,10.4937,False
0,8487,309,10.4657127231,10.4937,False
0,8488,309,10.4300692084,10.4937,False
0,8489,309,10.4764423334,10.4937,False
0,8490,309,10.4071858563,10.4937,False
0,8491,309,10.4356435165,10.4937,False
0,8492,309,10.4007465885,10.4937,False
0,8493,309,10.386428685,10.4937,False
0,8494,309,10.4574553885,10.4937,False
0,8495,309,10.4607792669,10.4937,False
0,8496,309,10.4498120389,10.4937,False
0,8497,309,10.441946766,10.4937,False
0,8498,309,10.39640668,10.4937,False
0,8499,309,10.4154278642,10.4937,False
0,8500,309,10.3984006846,10.4937,False
0,8501,309,10.4199207959,10.4937,False
0,8502,309,10.4043255542,10.4937,False
0,8503,309,10.4395909942,10.4937,False
0,8504,309,10.446065175,10.4937,False
0,8505,309,10.434896804,10.4937,False
0,8506,309,10.4099828952,10.4937,False
0,8507,309,10.4337299065,10.4937,False
0,8508,309,10.4381231687,10.4937,False
0,8509,309,10.418906409,10.4937,False
0,8510,309,10.4034565196,10.4937,False
0,8511,309,10.4055252014,10.4937,False
0,8512,309,10.4191399319,10.4937,False
0,8513,309,10.4414462302,10.4937,False
0,8514,309,10.4192463164,10.4937,False
0,8515,309,10.4237099521,10.4937,False
0,8516,309,10.419439951,10.4937,False
0,8517,309,10.4414356106,10.4937,False
0,8518,309,10.3943584018,10.4937,False
0,8519,309,10.4789345336,10.4937,False
0,8520,309,10.4404560201,10.4937,False
0,8521,309,10.4410791966,10.4937,False
0,8522,309,10.4096807472,10.4937,False
0,8523,309,10.4125788395,10.4937,False
0,8524,309,10.4566435218,10.4937,False
0,8525,309,10.4192512321,10.4937,False
0,8526,309,10.4490024935,10.4937,False
0,8527,309,10.3968198499,10.4937,False
0,8528,309,10.4335043229,10.4937,False
0,8529,309,10.3751119587,10.4937,False
0,8530,309,10.4106861373,10.4937,False
0,8531,309,10.3941939889,10.4937,False
0,8532,309,10.3889792446,10.4937,False
0,8533,309,10.4499617069,10.4937,False
0,8534,309,10.4612670125,10.4937,False
0,8535,309,10.4223824123,10.4937,False
0,8536,309,10.424258768,10.4937,False
0,8537,309,10.4546113085,10.4937,False
0,8538,309,10.421510447,10.4937,False
0,8539,309,10.4335663485,10.4937,False
0,8540,309,10.4620453512,10.4937,False
0,8541,309,10.4113199062,10.4937,False
0,8542,309,10.4027772422,10.4937,False
0,8543,309,10.4541924023,10.4937,False
0,8544,309,10.4174958743,10.4937,False
0,8545,309,10.4500847906,10.4937,False
0,8546,309,10.3989837426,10.4937,False
0,8547,309,10.4337092246,10.4937,False
0,8548,309,10.418912639,10.4937,False
0,8549,309,10.3953243847,10.4937,False
0,8550,309,10.4524620719,10.4937,False
0,8551,309,10.372763923,10.4937,False
0,8552,309,10.4099367824,10.4937,False
0,8553,309,10.4118634909,10.4937,False
0,8554,309,10.427201934,10.4937,False
0,8555,309,10.3870367449,10.4937,False
0,8556,309,10.4030509335,10.4937,False
0,8557,309,10.4630033821,10.4937,False
0,8558,309,10.4094512883,10.4937,False
0,8559,309,10.4475860794,10.4937,False
0,8560,309,10.4174827117,10.4937,False
0,8561,309,10.4573302878,10.4937,False
0,8562,309,10.3585356707,10.4937,False
0,8563,309,10.4303923997,10.4937,False
0,8564,309,10.4318922922,10.4937,False
0,8565,309,10.4304462737,10.4937,False
0,8566,309,10.4741245427,10.4937,False
0,8567,309,10.3923740158,10.4937,False
0,8568,309,10.4074645426,10.4937,False
0,8569,309,10.4533975854,10.4937,False
0,8570,309,10.4352379462,10.4937,False
0,8571,309,10.4243911488,10.4937,False
0,8572,309,10.45783872,10.4937,False
0,8573,309,10.4209102544,10.4937,False
0,8574,309,10.4295193699,10.4937,False
0,8575,309,10.4417520075,10.4937,False
0,8576,309,10.4176006347,10.4937,False
0,8577,309,10.426011823,10.4937,False
0,8578,309,10.4193538733,10.4937,False
0,8579,309,10.3943777158,10.4937,False
0,8580,309,10.4403581125,10.4937,False
0,8581,309,10.4633790654,10.4937,False
0,8582,309,10.4571353644,10.4937,False
0,8583,309,10.4007943229,10.4937,False
0,8584,309,10.3973443642,10.4937,False
0,8585,309,10.4228242359,10.4937,False
0,8586,309,10.4742208677,10.4937,False
0,8587,309,10.4139241738,10.4937,False
0,8588,309,10.4009441069,10.4937,False
0,8589,309,10.4302468469,10.4937,False
0,8590,309,10.4520793813,10.4937,False
0,8591,309,10.4489600904,10.4937,False
0,8592,309,10.4389509561,10.4937,False
0,8593,309,10.3875239039,10.4937,False
0,8594,309,10.4657984806,10.4937,False
0,8595,309,10.459081328,10.4937,False
0,8596,309,10.4441792349,10.4937,False
0,8597,309,10.4233289357,10.4937,False
0,8598,309,10.4406834982,10.4937,False
0,8599,309,10.4021597864,10.4937,False
0,8600,309,10.4933567189,10.4937,False
0,8601,309,10.4682441933,10.4937,False
0,8602,309,10.4133299861,10.4937,False
0,8603,309,10.4714994379,10.4937,False
0,8604,309,10.4662778517,10.4937,False
0,8605,309,10.4065876427,10.4937,False
0,8606,309,10.421986938,10.4937,False
0,8607,309,10.4319305262,10.4937,False
0,8608,309,10.4357498426,10.4937,False
0,8609,309,10.4533593422,10.4937,False
0,8610,309,10.4118267314,10.4937,False
0,8611,309,10.4184597543,10.4937,False
0,8612,309,10.4207902371,10.4937,False
0,8613,309,10.4133411512,10.4937,False
0,8614,309,10.404311631,10.4937,False
0,8615,309,10.4468077557,10.4937,False
0,8616,309,10.4401573307,10.4937,False
0,8617,309,10.4215958832,10.4937,False
0,8618,309,10.3762089452,10.4937,False
0,8619,309,10.4376279932,10.4937,False
0,8620,309,10.4610839651,10.4937,False
0,8621,309,10.4363686917,10.4937,False
0,8622,309,10.4488908225,10.4937,False
0,8623,309,10.4237341678,10.4937,False
0,8624,309,10.4435441605,10.4937,False
0,8625,309,10.4209565416,10.4937,False
0,8626,309,10.4302872466,10.4937,False
0,8627,309,10.4350926871,10.4937,False
0,8628,309,10.4031209152,10.4937,False
0,8629,309,10.4319748559,10.4937,False
0,8630,309,10.4224401037,10.4937,False
0,8631,309,10.4514402684,10.4937,False
0,8632,309,10.4189172295,10.4937,False
0,8633,309,10.3861634591,10.4937,False
0,8634,309,10.430717394,10.4937,False
0,8635,309,10.4030950708,10.4937,False
0,8636,309,10.4487938493,10.4937,False
0,8637,309,10.4096745824,10.4937,False
0,8638,309,10.418726807,10.4937,False
0,8639,309,10.4167906314,10.4937,False
0,8640,309,10.3967538183,10.4937,False
0,8641,309,10.4330461878,10.4937,False
0,8642,309,10.4171750265,10.4937,False
0,8643,309,10.4296040833,10.4937,False
0,8644,309,10.4527080625,10.4937,False
0,8645,309,10.4207142008,10.4937,False
0,8646,309,10.4474214777,10.4937,False
0,8647,309,10.4349023602,10.4937,False
0,8648,309,10.4369919562,10.4937,False
0,8649,309,10.432498076,10.4937,False
0,8650,309,10.4125804939,10.4937,False
0,8651,309,10.4012545004,10.4937,False
0,8652,309,10.4329392395,10.4937,False
0,8653,309,10.3902272587,10.4937,False
0,8654,309,10.4504645298,10.4937,False
0,8655,309,10.4037843022,10.4937,False
0,8656,309,10.4458836826,10.4937,False
0,8657,309,10.4046734405,10.4937,False
0,8658,309,10.3952688734,10.4937,False
0,8659,309,10.435100639,10.4937,False
0,8660,309,10.4061247072,10.4937,False
0,8661,309,10.4167969554,10.4937,False
0,8662,309,10.415138946,10.4937,False
0,8663,309,10.4332779826,10.4937,False
0,8664,309,10.3826365178,10.4937,False
0,8665,309,10.4288070025,10.4937,False
0,8666,309,10.3909847929,10.4937,False
0,8667,309,10.4174264952,10.4937,False
0,8668,309,10.4650263535,10.4937,False
0,8669,309,10.418250205,10.4937,False
0,8670,309,10.4467503793,10.4937,False
0,8671,309,10.373225443,10.4937,False
0,8672,309,10.4158504689,10.4937,False
0,8673,309,10.4430233334,10.4937,False
0,8674,309,10.4353485014,10.4937,False
0,8675,309,10.4309943945,10.4937,False
0,8676,309,10.3920944594,10.4937,False
0,8677,309,10.4379577682,10.4937,False
0,8678,309,10.4287072596,10.4937,False
0,8679,309,10.3809332845,10.4937,False
0,8680,309,10.3999173841,10.4937,False
0,8681,309,10.4045147909,10.4937,False
0,8682,309,10.3845931448,10.4937,False
0,8683,309,10.4412893152,10.4937,False
0,8684,309,10.4166100075,10.4937,False
0,8685,309,10.4594323973,10.4937,False
0,8686,309,10.4240314357,10.4937,False
0,8687,309,10.397457964,10.4937,False
0,8688,309,10.4222163146,10.4937,False
0,8689,309,10.4329565119,10.4937,False
0,8690,309,10.4326839284,10.4937,False
0,8691,309,10.4430291977,10.4937,False
0,8692,309,10.3880037556,10.4937,False
0,8693,309,10.4302418382,10.4937,False
0,8694,309,10.4191400061,10.4937,False
0,8695,309,10.4224291429,10.4937,False
0,8696,309,10.4214579242,10.4937,False
0,8697,309,10.4232668241,10.4937,False
0,8698,309,10.4039869199,10.4937,False
0,8699,309,10.4256870796,10.4937,False
0,8700,309,10.4334387548,10.4937,False
0,8701,309,10.4174021534,10.4937,False
0,8702,309,10.4712423616,10.4937,False
0,8703,309,10.4061242816,10.4937,False
0,8704,309,10.4819101883,10.4937,False
0,8705,309,10.4072888117,10.4937,False
0,8706,309,10.4454538599,10.4937,False
0,8707,309,10.4422410162,10.4937,False
0,8708,309,10.4172387115,10.4937,False
0,8709,309,10.4363790985,10.4937,False
0,8710,309,10.4406442418,10.4937,False
0,8711,309,10.4249268576,10.4937,False
0,8712,309,10.4154818642,10.4937,False
0,8713,309,10.4338249522,10.4937,False
0,8714,309,10.4504062622,10.4937,False
0,8715,309,10.4574591717,10.4937,False
0,8716,309,10.4086902633,10.4937,False
0,8717,309,10.4176265393,10.4937,False
0,8718,309,10.4325217323,10.4937,False
0,8719,309,10.4167149755,10.4937,False
0,8720,309,10.4189459703,10.4937,False
0,8721,309,10.4450995658,10.4937,False
0,8722,309,10.4402595445,10.4937,False
0,8723,310,10.4963144962,10.5270333333,False
0,8724,310,10.464387226,10.5270333333,False
0,8725,310,10.4525483705,10.5270333333,False
0,8726,310,10.496798114,10.5270333333,False
0,8727,310,10.4803588934,10.5270333333,False
0,8728,310,10.4631161159,10.5270333333,False
0,8729,310,10.4814746456,10.5270333333,False
0,8730,310,10.4683690457,10.5270333333,False
0,8731,310,10.4981962525,10.5270333333,False
0,8732,311,10.4508323032,10.5603666667,False
0,8733,311,10.4350171362,10.5603666667,False
0,8734,311,10.4930549099,10.5603666667,False
0,8735,311,10.4495417434,10.5603666667,False
0,8736,311,10.5095898425,10.5603666667,False
0,8737,311,10.5173271411,10.5603666667,False
0,8738,312,10.5450725458,10.5937,False
0,8739,312,10.5120565787,10.5937,False
0,8740,312,10.5255504409,10.5937,False
0,8741,312,10.5063144596,10.5937,False
0,8742,312,10.5377713141,10.5937,False
0,8743,313,10.5515669618,10.6270333333,False
0,8744,313,10.5592248965,10.6270333333,False
0,8745,313,10.5892011562,10.6270333333,False
0,8746,313,10.5861621596,10.6270333333,False
0,8747,313,10.5575095425,10.6270333333,False
0,8748,314,10.5751860043,10.6603666667,False
0,8749,314,10.6047098024,10.6603666667,False
0,8750,314,10.6330672903,10.6603666667,False
0,8751,314,10.5573189576,10.6603666667,False
0,8752,314,10.6367484526,10.6603666667,False
0,8753,314,10.5486108611,10.6603666667,False
0,8754,314,10.5809853221,10.6603666667,False
0,8755,314,10.5825258305,10.6603666667,False
0,8756,314,10.5992098394,10.6603666667,False
0,8757,314,10.6216467739,10.6603666667,False
0,8758,314,10.5962097016,10.6603666667,False
0,8759,314,10.5773823288,10.6603666667,False
0,8760,314,10.5875580574,10.6603666667,False
0,8761,314,10.5730843193,10.6603666667,False
0,8762,314,10.6290888605,10.6603666667,False
0,8763,314,10.6353311426,10.6603666667,False
0,8764,314,10.6064339243,10.6603666667,False
0,8765,314,10.5728068169,10.6603666667,False
0,8766,314,10.6154235631,10.6603666667,False
0,8767,314,10.5875447598,10.6603666667,False
0,8768,314,10.5805084094,10.6603666667,False
0,8769,314,10.5585950389,10.6603666667,False
0,8770,314,10.6101690044,10.6603666667,False
0,8771,314,10.6315204004,10.6603666667,False
0,8772,314,10.5740720822,10.6603666667,False
0,8773,314,10.565641188,10.6603666667,False
0,8774,314,10.5946286075,10.6603666667,False
0,8775,314,10.5964273636,10.6603666667,False
0,8776,314,10.6030595251,10.6603666667,False
0,8777,314,10.5347500577,10.6603666667,False
0,8778,314,10.5856412445,10.6603666667,False
0,8779,314,10.6221944636,10.6603666667,False
0,8780,314,10.6461654956,10.6603666667,False
0,8781,314,10.5410439703,10.6603666667,False
0,8782,314,10.5785580405,10.6603666667,False
0,8783,314,10.5630478213,10.6603666667,False
0,8784,314,10.5905071224,10.6603666667,False
0,8785,314,10.5904206306,10.6603666667,False
0,8786,314,10.6148064658,10.6603666667,False
0,8787,314,10.6234814288,10.6603666667,False
0,8788,314,10.5320005834,10.6603666667,False
0,8789,314,10.5999893616,10.6603666667,False
0,8790,314,10.6652090667,10.6603666667,True
0,8791,314,10.6060815544,10.6603666667,False
0,8792,314,10.5628670735,10.6603666667,False
0,8793,314,10.6169237034,10.6603666667,False
0,8794,314,10.6094905822,10.6603666667,False
0,8795,314,10.5938142362,10.6603666667,False
0,8796,314,10.612689273,10.6603666667,False
0,8797,314,10.5880766634,10.6603666667,False
0,8798,314,10.5662437047,10.6603666667,False
0,8799,314,10.6215968752,10.6603666667,False
0,8800,314,10.5642045296,10.6603666667,False
0,8801,314,10.6098933399,10.6603666667,False
0,8802,314,10.574884628,10.6603666667,False
0,8803,314,10.5787398659,10.6603666667,False
0,8804,314,10.5773490667,10.6603666667,False
0,8805,314,10.6375965631,10.6603666667,False
0,8806,314,10.6092424898,10.6603666667,False
0,8807,314,10.6397609785,10.6603666667,False
0,8808,314,10.5950007397,10.6603666667,False
0,8809,314,10.5628955909,10.6603666667,False
0,8810,314,10.5854856879,10.6603666667,False
0,8811,314,10.5956802393,10.6603666667,False
0,8812,314,10.587993936,10.6603666667,False
0,8813,314,10.5651191665,10.6603666667,False
0,8814,314,10.5831133447,10.6603666667,False
0,8815,314,10.566398372,10.6603666667,False
0,8816,314,10.6124088906,10.6603666667,False
0,8817,314,10.5989790456,10.6603666667,False
0,8818,314,10.5721575037,10.6603666667,False
0,8819,314,10.5979608147,10.6603666667,False
0,8820,314,10.6145528186,10.6603666667,False
0,8821,314,10.5987796996,10.6603666667,False
0,8822,314,10.6251045245,10.6603666667,False
0,8823,314,10.5604676204,10.6603666667,False
0,8824,314,10.5649815274,10.6603666667,False
0,8825,314,10.5934095905,10.6603666667,False
0,8826,314,10.5935834611,10.6603666667,False
0,8827,314,10.5576095819,10.6603666667,False
0,8828,314,10.5800502208,10.6603666667,False
0,8829,314,10.5796803389,10.6603666667,False
0,8830,314,10.5654576392,10.6603666667,False
0,8831,314,10.6138340737,10.6603666667,False
0,8832,314,10.6385081824,10.6603666667,False
0,8833,314,10.5625800589,10.6603666667,False
0,8834,314,10.6154669016,10.6603666667,False
0,8835,314,10.58018272,10.6603666667,False
0,8836,314,10.5846914884,10.6603666667,False
0,8837,314,10.5830189111,10.6603666667,False
0,8838,314,10.5922664748,10.6603666667,False
0,8839,314,10.5999074678,10.6603666667,False
0,8840,314,10.58871938,10.6603666667,False
0,8841,314,10.5429423838,10.6603666667,False
0,8842,314,10.5697748615,10.6603666667,False
0,8843,314,10.5356079786,10.6603666667,False
0,8844,314,10.5655605696,10.6603666667,False
0,8845,314,10.5365357912,10.6603666667,False
0,8846,314,10.6467259137,10.6603666667,False
0,8847,314,10.5731158462,10.6603666667,False
0,8848,314,10.6695227138,10.6603666667,True
0,8849,314,10.5541272554,10.6603666667,False
0,8850,314,10.5829464799,10.6603666667,False
0,8851,314,10.5993341058,10.6603666667,False
0,8852,314,10.6228348722,10.6603666667,False
0,8853,314,10.5596104302,10.6603666667,False
0,8854,314,10.6020522721,10.6603666667,False
0,8855,314,10.5797122404,10.6603666667,False
0,8856,314,10.5767857332,10.6603666667,False
0,8857,314,10.6093417907,10.6603666667,False
0,8858,314,10.5558186613,10.6603666667,False
0,8859,314,10.5866499189,10.6603666667,False
0,8860,314,10.6071906428,10.6603666667,False
0,8861,314,10.5705965893,10.6603666667,False
0,8862,314,10.6066460143,10.6603666667,False
0,8863,314,10.5715636573,10.6603666667,False
0,8864,314,10.6106178066,10.6603666667,False
0,8865,314,10.6230550077,10.6603666667,False
0,8866,314,10.5987476255,10.6603666667,False
0,8867,314,10.6002120264,10.6603666667,False
0,8868,314,10.5884151585,10.6603666667,False
0,8869,314,10.6092457612,10.6603666667,False
0,8870,314,10.5791114338,10.6603666667,False
0,8871,314,10.6436858633,10.6603666667,False
0,8872,314,10.5682669629,10.6603666667,False
0,8873,314,10.5919066343,10.6603666667,False
0,8874,314,10.6117676776,10.6603666667,False
0,8875,314,10.5489279548,10.6603666667,False
0,8876,314,10.5998695972,10.6603666667,False
0,8877,314,10.5534948475,10.6603666667,False
0,8878,314,10.5710635542,10.6603666667,False
0,8879,314,10.643066693,10.6603666667,False
0,8880,314,10.5798399671,10.6603666667,False
0,8881,314,10.5693607122,10.6603666667,False
0,8882,314,10.603277219,10.6603666667,False
0,8883,314,10.5932295829,10.6603666667,False
0,8884,314,10.5775234336,10.6603666667,False
0,8885,314,10.5801203767,10.6603666667,False
0,8886,314,10.5891838016,10.6603666667,False
0,8887,314,10.6029212581,10.6603666667,False
0,8888,314,10.6266716144,10.6603666667,False
0,8889,314,10.6077102644,10.6603666667,False
0,8890,314,10.6306584401,10.6603666667,False
0,8891,314,10.6084910779,10.6603666667,False
0,8892,314,10.5889181324,10.6603666667,False
0,8893,314,10.5686978956,10.6603666667,False
0,8894,314,10.5967239898,10.6603666667,False
0,8895,314,10.6194565163,10.6603666667,False
0,8896,314,10.6201157002,10.6603666667,False
0,8897,314,10.573122192,10.6603666667,False
0,8898,314,10.5816675666,10.6603666667,False
0,8899,314,10.6012049763,10.6603666667,False
0,8900,314,10.5869261677,10.6603666667,False
0,8901,314,10.5504895848,10.6603666667,False
0,8902,314,10.599834623,10.6603666667,False
0,8903,314,10.582469643,10.6603666667,False
0,8904,314,10.5970498814,10.6603666667,False
0,8905,314,10.5698929466,10.6603666667,False
0,8906,314,10.5761757278,10.6603666667,False
0,8907,314,10.6396748079,10.6603666667,False
0,8908,314,10.6581992294,10.6603666667,False
0,8909,314,10.6043227678,10.6603666667,False
0,8910,314,10.6010196756,10.6603666667,False
0,8911,314,10.6457499213,10.6603666667,False
0,8912,314,10.596392125,10.6603666667,False
0,8913,314,10.5807318703,10.6603666667,False
0,8914,314,10.6047172232,10.6603666667,False
0,8915,314,10.5999755393,10.6603666667,False
0,8916,314,10.601208938,10.6603666667,False
0,8917,314,10.6063917459,10.6603666667,False
0,8918,314,10.590284606,10.6603666667,False
0,8919,314,10.5844071806,10.6603666667,False
0,8920,314,10.6140737011,10.6603666667,False
0,8921,314,10.5851227469,10.6603666667,False
0,8922,314,10.5823100023,10.6603666667,False
0,8923,314,10.585060851,10.6603666667,False
0,8924,314,10.5705268719,10.6603666667,False
0,8925,314,10.6300152384,10.6603666667,False
0,8926,314,10.5950237906,10.6603666667,False
0,8927,314,10.5540043178,10.6603666667,False
0,8928,314,10.6140568022,10.6603666667,False
0,8929,314,10.6214649782,10.6603666667,False
0,8930,314,10.6077104811,10.6603666667,False
0,8931,314,10.6189822113,10.6603666667,False
0,8932,314,10.5720400004,10.6603666667,False
0,8933,314,10.5794517333,10.6603666667,False
0,8934,314,10.5473261363,10.6603666667,False
0,8935,314,10.5524219553,10.6603666667,False
0,8936,314,10.6115483411,10.6603666667,False
0,8937,314,10.5955760358,10.6603666667,False
0,8938,314,10.5709203164,10.6603666667,False
0,8939,314,10.6381356173,10.6603666667,False
0,8940,314,10.5827323496,10.6603666667,False
0,8941,314,10.5897052695,10.6603666667,False
0,8942,314,10.5595541434,10.6603666667,False
0,8943,314,10.5715261598,10.6603666667,False
0,8944,314,10.6163220824,10.6603666667,False
0,8945,314,10.5835249263,10.6603666667,False
0,8946,314,10.5621808548,10.6603666667,False
0,8947,314,10.5780656748,10.6603666667,False
0,8948,314,10.5648106259,10.6603666667,False
0,8949,314,10.5989637913,10.6603666667,False
0,8950,314,10.6110583564,10.6603666667,False
0,8951,314,10.6066031945,10.6603666667,False
0,8952,314,10.5562440546,10.6603666667,False
0,8953,314,10.5999365757,10.6603666667,False
0,8954,314,10.537814668,10.6603666667,False
0,8955,314,10.5971315887,10.6603666667,False
0,8956,314,10.6028285314,10.6603666667,False
0,8957,314,10.584293327,10.6603666667,False
0,8958,314,10.5641078846,10.6603666667,False
0,8959,314,10.5395388966,10.6603666667,False
0,8960,314,10.5760465023,10.6603666667,False
0,8961,314,10.5554617121,10.6603666667,False
0,8962,314,10.5725903673,10.6603666667,False
0,8963,314,10.6053041868,10.6603666667,False
0,8964,314,10.5844123943,10.6603666667,False
0,8965,314,10.5463442675,10.6603666667,False
0,8966,314,10.5657371741,10.6603666667,False
0,8967,314,10.5970100318,10.6603666667,False
0,8968,314,10.5522667813,10.6603666667,False
0,8969,314,10.5524281323,10.6603666667,False
0,8970,314,10.555383142,10.6603666667,False
0,8971,314,10.5985606904,10.6603666667,False
0,8972,314,10.5810318925,10.6603666667,False
0,8973,314,10.5757891912,10.6603666667,False
0,8974,314,10.6083632478,10.6603666667,False
0,8975,314,10.5468714707,10.6603666667,False
0,8976,314,10.6056911551,10.6603666667,False
0,8977,314,10.5900588258,10.6603666667,False
0,8978,314,10.6009068192,10.6603666667,False
0,8979,314,10.6231702733,10.6603666667,False
0,8980,314,10.6041930022,10.6603666667,False
0,8981,314,10.576402849,10.6603666667,False
0,8982,314,10.6035644181,10.6603666667,False
0,8983,314,10.6267854695,10.6603666667,False
0,8984,314,10.5806376799,10.6603666667,False
0,8985,314,10.578687275,10.6603666667,False
0,8986,314,10.5679588437,10.6603666667,False
0,8987,314,10.6457809252,10.6603666667,False
0,8988,314,10.5785470747,10.6603666667,False
0,8989,314,10.5610318399,10.6603666667,False
0,8990,314,10.6163924866,10.6603666667,False
0,8991,314,10.6278261028,10.6603666667,False
0,8992,314,10.6141543243,10.6603666667,False
0,8993,314,10.5693900631,10.6603666667,False
0,8994,314,10.5522962313,10.6603666667,False
0,8995,314,10.6115020551,10.6603666667,False
0,8996,314,10.5864813634,10.6603666667,False
0,8997,314,10.6036210775,10.6603666667,False
0,8998,314,10.5820609504,10.6603666667,False
0,8999,314,10.5957722632,10.6603666667,False
0,9000,314,10.6046950634,10.6603666667,False
0,9001,314,10.5530432295,10.6603666667,False
0,9002,314,10.6023953029,10.6603666667,False
0,9003,314,10.6031991986,10.6603666667,False
0,9004,314,10.5791224862,10.6603666667,False
0,9005,314,10.6541149947,10.6603666667,False
0,9006,314,10.5833427279,10.6603666667,False
0,9007,314,10.5977420877,10.6603666667,False
0,9008,314,10.5571150967,10.6603666667,False
0,9009,314,10.59620262,10.6603666667,False
0,9010,314,10.6297705418,10.6603666667,False
0,9011,314,10.6331522753,10.6603666667,False
0,9012,314,10.5807620317,10.6603666667,False
0,9013,314,10.6087975957,10.6603666667,False
0,9014,314,10.5640279032,10.6603666667,False
0,9015,314,10.624042561,10.6603666667,False
0,9016,314,10.6095092203,10.6603666667,False
0,9017,314,10.6188760918,10.6603666667,False
0,9018,314,10.5415671086,10.6603666667,False
0,9019,314,10.5851861458,10.6603666667,False
0,9020,314,10.6154130324,10.6603666667,False
0,9021,314,10.5927806363,10.6603666667,False
0,9022,314,10.5929391246,10.6603666667,False
0,9023,314,10.587846382,10.6603666667,False
0,9024,314,10.5975554508,10.6603666667,False
0,9025,314,10.6132840843,10.6603666667,False
0,9026,314,10.6072509437,10.6603666667,False
0,9027,314,10.6107944308,10.6603666667,False
0,9028,314,10.5970599285,10.6603666667,False
0,9029,315,10.6081607752,10.6937,False
0,9030,315,10.6481963175,10.6937,False
0,9031,315,10.6162804381,10.6937,False
0,9032,315,10.5856696053,10.6937,False
0,9033,315,10.6164582387,10.6937,False
0,9034,315,10.6299963682,10.6937,False
0,9035,315,10.5917676378,10.6937,False
0,9036,315,10.618808957,10.6937,False
0,9037,315,10.6336474119,10.6937,False
0,9038,315,10.6014381494,10.6937,False
0,9039,316,10.6532437283,10.7270333333,False
0,9040,316,10.6768870045,10.7270333333,False
0,9041,316,10.6836500162,10.7270333333,False
0,9042,316,10.6580524515,10.7270333333,False
0,9043,316,10.6681115234,10.7270333333,False
0,9044,316,10.6092312086,10.7270333333,False
0,9045,317,10.7025586559,10.7603666667,False
0,9046,317,10.7310512316,10.7603666667,False
0,9047,317,10.6742099477,10.7603666667,False
0,9048,317,10.7232253735,10.7603666667,False
0,9049,317,10.6921588038,10.7603666667,False
0,9050,318,10.7292183574,10.7937,False
0,9051,318,10.7132631981,10.7937,False
0,9052,318,10.7123241968,10.7937,False
0,9053,318,10.6922755984,10.7937,False
0,9054,318,10.7162744039,10.7937,False
0,9055,319,10.7752722446,10.8270333333,False
0,9056,319,10.7694034739,10.8270333333,False
0,9057,319,10.7548244123,10.8270333333,False
0,9058,319,10.7133975614,10.8270333333,False
0,9059,319,10.6979286587,10.8270333333,False
0,9060,319,10.7512956541,10.8270333333,False
0,9061,319,10.7805588455,10.8270333333,False
0,9062,319,10.7601081425,10.8270333333,False
0,9063,319,10.7652155414,10.8270333333,False
0,9064,319,10.7594832383,10.8270333333,False
0,9065,319,10.7549645599,10.8270333333,False
0,9066,319,10.7377341315,10.8270333333,False
0,9067,319,10.7354248694,10.8270333333,False
0,9068,319,10.7380295208,10.8270333333,False
0,9069,319,10.7277821212,10.8270333333,False
0,9070,319,10.7676370623,10.8270333333,False
0,9071,319,10.7653674443,10.8270333333,False
0,9072,319,10.7587350964,10.8270333333,False
0,9073,319,10.7246638929,10.8270333333,False
0,9074,319,10.7844384971,10.8270333333,False
0,9075,319,10.760611695,10.8270333333,False
0,9076,319,10.7628813043,10.8270333333,False
0,9077,319,10.7499830764,10.8270333333,False
0,9078,319,10.7750551598,10.8270333333,False
0,9079,319,10.7547436703,10.8270333333,False
0,9080,319,10.7766672544,10.8270333333,False
0,9081,319,10.7580957996,10.8270333333,False
0,9082,319,10.7803457196,10.8270333333,False
0,9083,319,10.7483361777,10.8270333333,False
0,9084,319,10.7443057497,10.8270333333,False
0,9085,319,10.760199992,10.8270333333,False
0,9086,319,10.7716152781,10.8270333333,False
0,9087,319,10.7587876633,10.8270333333,False
0,9088,319,10.7379901803,10.8270333333,False
0,9089,319,10.7653167978,10.8270333333,False
0,9090,319,10.7641462933,10.8270333333,False
0,9091,319,10.785187381,10.8270333333,False
0,9092,319,10.7762534925,10.8270333333,False
0,9093,319,10.7209382093,10.8270333333,False
0,9094,319,10.723881341,10.8270333333,False
0,9095,319,10.7971106445,10.8270333333,False
0,9096,319,10.739741227,10.8270333333,False
0,9097,319,10.7946688519,10.8270333333,False
0,9098,319,10.7116827656,10.8270333333,False
0,9099,319,10.7204413319,10.8270333333,False
0,9100,319,10.7715109646,10.8270333333,False
0,9101,319,10.7327497695,10.8270333333,False
0,9102,319,10.7344423535,10.8270333333,False
0,9103,319,10.7784187291,10.8270333333,False
0,9104,319,10.7438357451,10.8270333333,False
0,9105,319,10.7353147713,10.8270333333,False
0,9106,319,10.7404451152,10.8270333333,False
0,9107,319,10.8068672079,10.8270333333,False
0,9108,319,10.7569970623,10.8270333333,False
0,9109,319,10.7957888174,10.8270333333,False
0,9110,319,10.7907027433,10.8270333333,False
0,9111,319,10.7692697973,10.8270333333,False
0,9112,319,10.7488702485,10.8270333333,False
0,9113,319,10.7717886594,10.8270333333,False
0,9114,319,10.7997074049,10.8270333333,False
0,9115,319,10.7550154638,10.8270333333,False
0,9116,319,10.7741776999,10.8270333333,False
0,9117,319,10.7970728244,10.8270333333,False
0,9118,319,10.7838748128,10.8270333333,False
0,9119,319,10.8121298491,10.8270333333,False
0,9120,319,10.694002367,10.8270333333,False
0,9121,319,10.7671670885,10.8270333333,False
0,9122,319,10.8078535893,10.8270333333,False
0,9123,319,10.7352484624,10.8270333333,False
0,9124,319,10.7542000341,10.8270333333,False
0,9125,319,10.7589930831,10.8270333333,False
0,9126,319,10.748813802,10.8270333333,False
0,9127,319,10.7666913634,10.8270333333,False
0,9128,319,10.7738152486,10.8270333333,False
0,9129,319,10.7741682513,10.8270333333,False
0,9130,319,10.7736435971,10.8270333333,False
0,9131,319,10.7434582702,10.8270333333,False
0,9132,319,10.7816387418,10.8270333333,False
0,9133,319,10.7488184597,10.8270333333,False
0,9134,319,10.757484727,10.8270333333,False
0,9135,319,10.7375388628,10.8270333333,False
0,9136,319,10.6928980082,10.8270333333,False
0,9137,319,10.7700646499,10.8270333333,False
0,9138,319,10.7315875625,10.8270333333,False
0,9139,319,10.7722748813,10.8270333333,False
0,9140,319,10.7230704573,10.8270333333,False
0,9141,319,10.8151219317,10.8270333333,False
0,9142,319,10.7352278481,10.8270333333,False
0,9143,319,10.7575459193,10.8270333333,False
0,9144,319,10.6800656358,10.8270333333,False
0,9145,319,10.7428425143,10.8270333333,False
0,9146,319,10.721333447,10.8270333333,False
0,9147,319,10.77285888,10.8270333333,False
0,9148,319,10.7693158672,10.8270333333,False
0,9149,319,10.8100247869,10.8270333333,False
0,9150,319,10.7850375814,10.8270333333,False
0,9151,319,10.7441614824,10.8270333333,False
0,9152,319,10.7355881917,10.8270333333,False
0,9153,319,10.7125088187,10.8270333333,False
0,9154,319,10.7703400816,10.8270333333,False
0,9155,319,10.7603388627,10.8270333333,False
0,9156,319,10.747381762,10.8270333333,False
0,9157,319,10.7532062657,10.8270333333,False
0,9158,319,10.7463061334,10.8270333333,False
0,9159,319,10.7362077849,10.8270333333,False
0,9160,319,10.7497858904,10.8270333333,False
0,9161,319,10.7566279485,10.8270333333,False
0,9162,319,10.7116266277,10.8270333333,False
0,9163,319,10.7483643559,10.8270333333,False
0,9164,319,10.786640461,10.8270333333,False
0,9165,319,10.7336111881,10.8270333333,False
0,9166,319,10.709622976,10.8270333333,False
0,9167,319,10.7572611982,10.8270333333,False
0,9168,319,10.7729940813,10.8270333333,False
0,9169,319,10.7674890988,10.8270333333,False
0,9170,319,10.7762599838,10.8270333333,False
0,9171,319,10.7562978959,10.8270333333,False
0,9172,319,10.7301255093,10.8270333333,False
0,9173,319,10.7448785328,10.8270333333,False
0,9174,319,10.7397144139,10.8270333333,False
0,9175,319,10.7414202921,10.8270333333,False
0,9176,319,10.7634078051,10.8270333333,False
0,9177,319,10.7278092209,10.8270333333,False
0,9178,319,10.7806588213,10.8270333333,False
0,9179,319,10.7170704819,10.8270333333,False
0,9180,319,10.7431481075,10.8270333333,False
0,9181,319,10.7803052997,10.8270333333,False
0,9182,319,10.7758732984,10.8270333333,False
0,9183,319,10.7688201862,10.8270333333,False
0,9184,319,10.7585694046,10.8270333333,False
0,9185,319,10.7557582359,10.8270333333,False
0,9186,319,10.7252021864,10.8270333333,False
0,9187,319,10.8013713478,10.8270333333,False
0,9188,319,10.7561373927,10.8270333333,False
0,9189,319,10.7941629867,10.8270333333,False
0,9190,319,10.7816627457,10.8270333333,False
0,9191,319,10.7437688277,10.8270333333,False
0,9192,319,10.7444960639,10.8270333333,False
0,9193,319,10.7470042944,10.8270333333,False
0,9194,319,10.7520130327,10.8270333333,False
0,9195,319,10.7705284588,10.8270333333,False
0,9196,319,10.7622990258,10.8270333333,False
0,9197,319,10.7448041768,10.8270333333,False
0,9198,319,10.7169163369,10.8270333333,False
0,9199,319,10.7728679598,10.8270333333,False
0,9200,319,10.7345396351,10.8270333333,False
0,9201,319,10.7550740611,10.8270333333,False
0,9202,319,10.740295878,10.8270333333,False
0,9203,319,10.78512356,10.8270333333,False
0,9204,319,10.7506590432,10.8270333333,False
0,9205,319,10.7770048731,10.8270333333,False
0,9206,319,10.7506234098,10.8270333333,False
0,9207,319,10.7556989878,10.8270333333,False
0,9208,319,10.7860021196,10.8270333333,False
0,9209,319,10.7909881928,10.8270333333,False
0,9210,319,10.7685238825,10.8270333333,False
0,9211,319,10.7371380733,10.8270333333,False
0,9212,319,10.7598543972,10.8270333333,False
0,9213,319,10.7906988415,10.8270333333,False
0,9214,319,10.8106798781,10.8270333333,False
0,9215,319,10.7606171523,10.8270333333,False
0,9216,319,10.7396550736,10.8270333333,False
0,9217,319,10.7382588393,10.8270333333,False
0,9218,319,10.7472119634,10.8270333333,False
0,9219,319,10.7391881823,10.8270333333,False
0,9220,319,10.7494635426,10.8270333333,False
0,9221,319,10.7165063621,10.8270333333,False
0,9222,319,10.7561929545,10.8270333333,False
0,9223,319,10.7869326159,10.8270333333,False
0,9224,319,10.7706281308,10.8270333333,False
0,9225,319,10.7625549168,10.8270333333,False
0,9226,319,10.7492614788,10.8270333333,False
0,9227,319,10.7473606615,10.8270333333,False
0,9228,319,10.7272531827,10.8270333333,False
0,9229,319,10.7564832169,10.8270333333,False
0,9230,319,10.7948895162,10.8270333333,False
0,9231,319,10.7612590251,10.8270333333,False
0,9232,319,10.7489702952,10.8270333333,False
0,9233,319,10.7224121518,10.8270333333,False
0,9234,319,10.7828644226,10.8270333333,False
0,9235,319,10.7724587096,10.8270333333,False
0,9236,319,10.7501691548,10.8270333333,False
0,9237,319,10.768067051,10.8270333333,False
0,9238,319,10.7198223877,10.8270333333,False
0,9239,319,10.7882708474,10.8270333333,False
0,9240,319,10.7508211208,10.8270333333,False
0,9241,319,10.7844538806,10.8270333333,False
0,9242,319,10.7572062492,10.8270333333,False
0,9243,319,10.730025529,10.8270333333,False
0,9244,319,10.733410436,10.8270333333,False
0,9245,319,10.7681343378,10.8270333333,False
0,9246,319,10.7529594821,10.8270333333,False
0,9247,319,10.7600099479,10.8270333333,False
0,9248,319,10.7440376261,10.8270333333,False
0,9249,319,10.7486791365,10.8270333333,False
0,9250,319,10.7675476789,10.8270333333,False
0,9251,319,10.7872340585,10.8270333333,False
0,9252,319,10.7838181514,10.8270333333,False
0,9253,319,10.7836165269,10.8270333333,False
0,9254,319,10.7588061009,10.8270333333,False
0,9255,319,10.7210734406,10.8270333333,False
0,9256,319,10.7576980592,10.8270333333,False
0,9257,319,10.7311405389,10.8270333333,False
0,9258,319,10.7738185876,10.8270333333,False
0,9259,319,10.7527205815,10.8270333333,False
0,9260,319,10.7561809838,10.8270333333,False
0,9261,319,10.7184658243,10.8270333333,False
0,9262,319,10.7476483453,10.8270333333,False
0,9263,319,10.769721575,10.8270333333,False
0,9264,319,10.7308269263,10.8270333333,False
0,9265,319,10.7561648514,10.8270333333,False
0,9266,319,10.799291373,10.8270333333,False
0,9267,319,10.771294819,10.8270333333,False
0,9268,319,10.7238110602,10.8270333333,False
0,9269,319,10.7848877894,10.8270333333,False
0,9270,319,10.7221298162,10.8270333333,False
0,9271,319,10.7984079663,10.8270333333,False
0,9272,319,10.8008276473,10.8270333333,False
0,9273,319,10.7609690613,10.8270333333,False
0,9274,319,10.7713026138,10.8270333333,False
0,9275,319,10.7374572292,10.8270333333,False
0,9276,319,10.7812942061,10.8270333333,False
0,9277,319,10.7285801358,10.8270333333,False
0,9278,319,10.7647474638,10.8270333333,False
0,9279,319,10.7320510222,10.8270333333,False
0,9280,319,10.7791765707,10.8270333333,False
0,9281,319,10.7557427698,10.8270333333,False
0,9282,319,10.7536835204,10.8270333333,False
0,9283,319,10.7671753651,10.8270333333,False
0,9284,319,10.7392950501,10.8270333333,False
0,9285,319,10.7566859701,10.8270333333,False
0,9286,319,10.7418789082,10.8270333333,False
0,9287,319,10.7906684829,10.8270333333,False
0,9288,319,10.7286355652,10.8270333333,False
0,9289,319,10.7585715874,10.8270333333,False
0,9290,319,10.8228144135,10.8270333333,False
0,9291,319,10.7358723176,10.8270333333,False
0,9292,319,10.7320213522,10.8270333333,False
0,9293,319,10.7732202505,10.8270333333,False
0,9294,319,10.7615065276,10.8270333333,False
0,9295,319,10.7908354384,10.8270333333,False
0,9296,319,10.7780906808,10.8270333333,False
0,9297,319,10.7771658819,10.8270333333,False
0,9298,319,10.7758652148,10.8270333333,False
0,9299,319,10.7693916973,10.8270333333,False
0,9300,319,10.7752283345,10.8270333333,False
0,9301,319,10.75942862,10.8270333333,False
0,9302,319,10.7596999187,10.8270333333,False
0,9303,319,10.7636784443,10.8270333333,False
0,9304,319,10.7579607626,10.8270333333,False
0,9305,319,10.779671168,10.8270333333,False
0,9306,319,10.7328537747,10.8270333333,False
0,9307,319,10.7610317745,10.8270333333,False
0,9308,319,10.6956169496,10.8270333333,False
0,9309,319,10.7713557967,10.8270333333,False
0,9310,319,10.7416868917,10.8270333333,False
0,9311,319,10.744362432,10.8270333333,False
0,9312,319,10.7609475506,10.8270333333,False
0,9313,319,10.7495531318,10.8270333333,False
0,9314,319,10.694286125,10.8270333333,False
0,9315,319,10.7685562142,10.8270333333,False
0,9316,319,10.7197949846,10.8270333333,False
0,9317,319,10.770494383,10.8270333333,False
0,9318,319,10.7644457837,10.8270333333,False
0,9319,319,10.7639732055,10.8270333333,False
0,9320,319,10.7923937755,10.8270333333,False
0,9321,319,10.7792380657,10.8270333333,False
0,9322,319,10.7233358612,10.8270333333,False
0,9323,319,10.7553656069,10.8270333333,False
0,9324,319,10.7911015642,10.8270333333,False
0,9325,319,10.7380043356,10.8270333333,False
0,9326,319,10.7779341811,10.8270333333,False
0,9327,319,10.7078233618,10.8270333333,False
0,9328,319,10.7185448773,10.8270333333,False
0,9329,319,10.7642234815,10.8270333333,False
0,9330,319,10.7553776215,10.8270333333,False
0,9331,319,10.7227054692,10.8270333333,False
0,9332,319,10.7168051489,10.8270333333,False
0,9333,319,10.7576671722,10.8270333333,False
0,9334,319,10.7461421552,10.8270333333,False
0,9335,319,10.7747866924,10.8270333333,False
0,9336,319,10.7652565641,10.8270333333,False
0,9337,319,10.7443589204,10.8270333333,False
0,9338,320,10.7950655893,10.8603666667,False
0,9339,320,10.7527052242,10.8603666667,False
0,9340,320,10.8407623236,10.8603666667,False
0,9341,320,10.8138204859,10.8603666667,False
0,9342,320,10.849749475,10.8603666667,False
0,9343,320,10.774173236,10.8603666667,False
0,9344,320,10.7987386819,10.8603666667,False
0,9345,320,10.8012119991,10.8603666667,False
0,9346,320,10.7844866123,10.8603666667,False
0,9347,321,10.8550025391,10.8937,False
0,9348,321,10.8833084946,10.8937,False
0,9349,321,10.7975879971,10.8937,False
0,9350,321,10.8590840318,10.8937,False
0,9351,321,10.8431633319,10.8937,False
0,9352,322,10.829900142,10.9270333333,False
0,9353,322,10.8612122883,10.9270333333,False
0,9354,322,10.8328607076,10.9270333333,False
0,9355,322,10.8569639783,10.9270333333,False
0,9356,322,10.8900226336,10.9270333333,False
0,9357,323,10.8780793981,10.9603666667,False
0,9358,323,10.8779616436,10.9603666667,False
0,9359,323,10.8766176111,10.9603666667,False
0,9360,323,10.8992897648,10.9603666667,False
0,9361,323,10.8999092728,10.9603666667,False
0,9362,323,10.8550239821,10.9603666667,False
0,9363,324,10.9589925095,10.9937,False
0,9364,324,10.949621116,10.9937,False
0,9365,324,10.906104184,10.9937,False
0,9366,324,10.903963003,10.9937,False
0,9367,324,10.9507491062,10.9937,False
0,9368,324,10.9512331429,10.9937,False
0,9369,324,10.9407574668,10.9937,False
0,9370,324,10.938444651,10.9937,False
0,9371,324,10.9280517992,10.9937,False
0,9372,324,10.9184238702,10.9937,False
0,9373,324,10.9034345126,10.9937,False
0,9374,324,10.8942040657,10.9937,False
0,9375,324,10.9000233104,10.9937,False
0,9376,324,10.8994923658,10.9937,False
0,9377,324,10.9262629948,10.9937,False
0,9378,324,10.9264989098,10.9937,False
0,9379,324,10.9804741248,10.9937,False
0,9380,324,10.9202503008,10.9937,False
0,9381,324,10.904453907,10.9937,False
0,9382,324,10.9207599574,10.9937,False
0,9383,324,10.8916670846,10.9937,False
0,9384,324,10.8912864331,10.9937,False
0,9385,324,10.9132070549,10.9937,False
0,9386,324,10.9193329179,10.9937,False
0,9387,324,10.9494697935,10.9937,False
0,9388,324,10.8949976989,10.9937,False
0,9389,324,10.890405853,10.9937,False
0,9390,324,10.9927180388,10.9937,False
0,9391,324,10.9119535705,10.9937,False
0,9392,324,10.9150537266,10.9937,False
0,9393,324,10.8966454573,10.9937,False
0,9394,324,10.9333197714,10.9937,False
0,9395,324,10.8896687902,10.9937,False
0,9396,324,10.9232474098,10.9937,False
0,9397,324,10.9389546088,10.9937,False
0,9398,324,10.9624225849,10.9937,False
0,9399,324,10.8832502957,10.9937,False
0,9400,324,10.8961036518,10.9937,False
0,9401,324,10.9114791988,10.9937,False
0,9402,324,10.8929771968,10.9937,False
0,9403,324,10.9265744188,10.9937,False
0,9404,324,10.9120908617,10.9937,False
0,9405,324,10.9180002215,10.9937,False
0,9406,324,10.9658746725,10.9937,False
0,9407,324,10.9246627161,10.9937,False
0,9408,324,10.9502944192,10.9937,False
0,9409,324,10.9167702675,10.9937,False
0,9410,324,10.9342894671,10.9937,False
0,9411,324,10.9401158282,10.9937,False
0,9412,324,10.880171101,10.9937,False
0,9413,324,10.9098411496,10.9937,False
0,9414,324,10.98328969,10.9937,False
0,9415,324,10.8831940317,10.9937,False
0,9416,324,10.9448974917,10.9937,False
0,9417,324,10.9323343538,10.9937,False
0,9418,324,10.9025643715,10.9937,False
0,9419,324,10.8615230707,10.9937,False
0,9420,324,10.9299898698,10.9937,False
0,9421,324,10.92129878,10.9937,False
0,9422,324,10.9167978122,10.9937,False
0,9423,324,10.9459113814,10.9937,False
0,9424,324,10.9486887935,10.9937,False
0,9425,324,10.9685421017,10.9937,False
0,9426,324,10.907271958,10.9937,False
0,9427,324,10.9484609718,10.9937,False
0,9428,324,10.9038514837,10.9937,False
0,9429,324,10.8930796818,10.9937,False
0,9430,324,10.9068841298,10.9937,False
0,9431,324,10.9427327568,10.9937,False
0,9432,324,10.9453530064,10.9937,False
0,9433,324,10.8984033531,10.9937,False
0,9434,324,10.9422613342,10.9937,False
0,9435,324,10.9347283315,10.9937,False
0,9436,324,10.8826694593,10.9937,False
0,9437,324,10.9373167368,10.9937,False
0,9438,324,10.9241449086,10.9937,False
0,9439,324,10.9440219395,10.9937,False
0,9440,324,10.9561851268,10.9937,False
0,9441,324,10.9457658573,10.9937,False
0,9442,324,10.9268166136,10.9937,False
0,9443,324,10.8821862025,10.9937,False
0,9444,324,10.9308827613,10.9937,False
0,9445,324,10.9447132381,10.9937,False
0,9446,324,10.9122066825,10.9937,False
0,9447,324,10.9170001835,10.9937,False
0,9448,324,10.9348356245,10.9937,False
0,9449,324,10.9159313297,10.9937,False
0,9450,324,10.9376918882,10.9937,False
0,9451,324,10.9312440645,10.9937,False
0,9452,324,10.9475635657,10.9937,False
0,9453,324,10.9200560464,10.9937,False
0,9454,324,10.9141643917,10.9937,False
0,9455,324,10.9474769394,10.9937,False
0,9456,324,10.8965981611,10.9937,False
0,9457,324,10.9526913649,10.9937,False
0,9458,324,10.9574958003,10.9937,False
0,9459,324,10.9112368951,10.9937,False
0,9460,324,10.9291643359,10.9937,False
0,9461,324,10.9670134661,10.9937,False
0,9462,324,10.9485075638,10.9937,False
0,9463,324,10.9356024535,10.9937,False
0,9464,324,10.9449444941,10.9937,False
0,9465,324,10.9109499155,10.9937,False
0,9466,324,10.9191941674,10.9937,False
0,9467,324,10.9334796273,10.9937,False
0,9468,324,10.9200647796,10.9937,False
0,9469,324,10.8647235047,10.9937,False
0,9470,324,10.9224061073,10.9937,False
0,9471,324,10.9248027876,10.9937,False
0,9472,324,10.9557514627,10.9937,False
0,9473,324,10.9393123668,10.9937,False
0,9474,324,10.9309979312,10.9937,False
0,9475,324,10.9352778561,10.9937,False
0,9476,324,10.904961863,10.9937,False
0,9477,324,10.9124002802,10.9937,False
0,9478,324,10.9330673995,10.9937,False
0,9479,324,10.9005000633,10.9937,False
0,9480,324,10.907595567,10.9937,False
0,9481,324,10.9380713095,10.9937,False
0,9482,324,10.8927815224,10.9937,False
0,9483,324,10.9603397334,10.9937,False
0,9484,324,10.8756558802,10.9937,False
0,9485,324,10.9229805244,10.9937,False
0,9486,324,10.9396859419,10.9937,False
0,9487,324,10.9666452705,10.9937,False
0,9488,324,10.9350825226,10.9937,False
0,9489,324,10.9344290491,10.9937,False
0,9490,324,10.9244187717,10.9937,False
0,9491,324,10.9770761073,10.9937,False
0,9492,324,10.9070664664,10.9937,False
0,9493,324,10.8820607277,10.9937,False
0,9494,324,10.9346148268,10.9937,False
0,9495,324,10.9019621165,10.9937,False
0,9496,324,10.967699028,10.9937,False
0,9497,324,10.8931681691,10.9937,False
0,9498,324,10.9109858597,10.9937,False
0,9499,324,10.9000413283,10.9937,False
0,9500,324,10.9284307765,10.9937,False
0,9501,324,10.9324739113,10.9937,False
0,9502,324,10.9356962472,10.9937,False
0,9503,324,10.9219330866,10.9937,False
0,9504,324,10.9175979288,10.9937,False
0,9505,324,10.9070741895,10.9937,False
0,9506,324,10.9127691008,10.9937,False
0,9507,324,10.9000425998,10.9937,False
0,9508,324,10.9442101971,10.9937,False
0,9509,324,10.8909823864,10.9937,False
0,9510,324,10.9244221215,10.9937,False
0,9511,324,10.9049707918,10.9937,False
0,9512,324,10.9133656874,10.9937,False
0,9513,324,10.9184127758,10.9937,False
0,9514,324,10.9560014395,10.9937,False
0,9515,324,10.8816766598,10.9937,False
0,9516,324,10.9002533143,10.9937,False
0,9517,324,10.9298062774,10.9937,False
0,9518,324,10.8854717449,10.9937,False
0,9519,324,10.9276208728,10.9937,False
0,9520,324,10.9054265122,10.9937,False
0,9521,324,10.8885849838,10.9937,False
0,9522,324,10.9336892847,10.9937,False
0,9523,324,10.9590731155,10.9937,False
0,9524,324,10.9257202857,10.9937,False
0,9525,324,10.9526641432,10.9937,False
0,9526,324,10.9245569307,10.9937,False
0,9527,324,10.9098266886,10.9937,False
0,9528,324,10.9337521671,10.9937,False
0,9529,324,10.9473004011,10.9937,False
0,9530,324,10.9467435501,10.9937,False
0,9531,324,10.8869236015,10.9937,False
0,9532,324,10.9481155673,10.9937,False
0,9533,324,10.9029311797,10.9937,False
0,9534,324,10.9302736621,10.9937,False
0,9535,324,10.9376094162,10.9937,False
0,9536,324,10.9133316168,10.9937,False
0,9537,324,10.9220922986,10.9937,False
0,9538,324,10.9788050699,10.9937,False
0,9539,324,10.9092824539,10.9937,False
0,9540,324,10.9104745391,10.9937,False
0,9541,324,10.887559613,10.9937,False
0,9542,324,10.9573775947,10.9937,False
0,9543,324,10.9467366326,10.9937,False
0,9544,324,10.9037669176,10.9937,False
0,9545,324,10.9073480243,10.9937,False
0,9546,324,10.9427204112,10.9937,False
0,9547,324,10.8974957153,10.9937,False
0,9548,324,10.9276907623,10.9937,False
0,9549,324,10.9365865494,10.9937,False
0,9550,324,10.8805998528,10.9937,False
0,9551,324,10.9460917,10.9937,False
0,9552,324,10.914033083,10.9937,False
0,9553,324,10.9645884321,10.9937,False
0,9554,324,10.9162800555,10.9937,False
0,9555,324,10.9389827863,10.9937,False
0,9556,324,10.8686580222,10.9937,False
0,9557,324,10.9004177078,10.9937,False
0,9558,324,10.8969703867,10.9937,False
0,9559,324,10.9160404999,10.9937,False
0,9560,324,10.9303579108,10.9937,False
0,9561,324,10.9190495267,10.9937,False
0,9562,324,10.9037734225,10.9937,False
0,9563,324,10.9641247201,10.9937,False
0,9564,324,10.8881671118,10.9937,False
0,9565,324,10.8911612112,10.9937,False
0,9566,324,10.8961271764,10.9937,False
0,9567,324,10.9046507219,10.9937,False
0,9568,324,10.9032260849,10.9937,False
0,9569,324,10.8884912343,10.9937,False
0,9570,324,10.9070794582,10.9937,False
0,9571,324,10.9007763248,10.9937,False
0,9572,324,10.9184631799,10.9937,False
0,9573,324,10.948411709,10.9937,False
0,9574,324,10.9514714797,10.9937,False
0,9575,324,10.9419550917,10.9937,False
0,9576,324,10.9395872925,10.9937,False
0,9577,324,10.9882199377,10.9937,False
0,9578,324,10.9244099386,10.9937,False
0,9579,324,10.927052353,10.9937,False
0,9580,324,10.9004069431,10.9937,False
0,9581,324,10.9479733157,10.9937,False
0,9582,324,10.9044037061,10.9937,False
0,9583,324,10.9308404544,10.9937,False
0,9584,324,10.9172617242,10.9937,False
0,9585,324,10.9274966302,10.9937,False
0,9586,324,10.9639186089,10.9937,False
0,9587,324,10.9268810379,10.9937,False
0,9588,324,10.935862908,10.9937,False
0,9589,324,10.9259054083,10.9937,False
0,9590,324,10.9058174837,10.9937,False
0,9591,324,10.9382291473,10.9937,False
0,9592,324,10.9231928502,10.9937,False
0,9593,324,10.9279262444,10.9937,False
0,9594,324,10.9320001516,10.9937,False
0,9595,324,10.9359444202,10.9937,False
0,9596,324,10.9185435228,10.9937,False
0,9597,324,10.9307721961,10.9937,False
0,9598,324,10.9198888882,10.9937,False
0,9599,324,10.9380340999,10.9937,False
0,9600,324,10.9126307728,10.9937,False
0,9601,324,10.9415094328,10.9937,False
0,9602,324,10.9298350739,10.9937,False
0,9603,324,10.915207889,10.9937,False
0,9604,324,10.9262586208,10.9937,False
0,9605,324,10.9320662207,10.9937,False
0,9606,324,10.9131456143,10.9937,False
0,9607,324,10.9068709068,10.9937,False
0,9608,324,10.9275987459,10.9937,False
0,9609,324,10.9143438076,10.9937,False
0,9610,324,10.9471570103,10.9937,False
0,9611,324,10.858266675,10.9937,False
0,9612,324,10.9506983228,10.9937,False
0,9613,324,10.9102516589,10.9937,False
0,9614,324,10.918807719,10.9937,False
0,9615,324,10.9093233338,10.9937,False
0,9616,324,10.9632817712,10.9937,False
0,9617,324,10.892649989,10.9937,False
0,9618,324,10.9136925242,10.9937,False
0,9619,324,10.8935193109,10.9937,False
0,9620,324,10.9073177032,10.9937,False
0,9621,324,10.921828542,10.9937,False
0,9622,324,10.9372348152,10.9937,False
0,9623,324,10.9389306545,10.9937,False
0,9624,324,10.9430416321,10.9937,False
0,9625,324,10.9354463038,10.9937,False
0,9626,324,10.9278995249,10.9937,False
0,9627,324,10.971690282,10.9937,False
0,9628,324,10.9227518252,10.9937,False
0,9629,324,10.8835167315,10.9937,False
0,9630,324,10.9021209741,10.9937,False
0,9631,324,10.9340679377,10.9937,False
0,9632,324,10.9326959933,10.9937,False
0,9633,324,10.9838891353,10.9937,False
0,9634,324,10.874610692,10.9937,False
0,9635,324,10.9318107613,10.9937,False
0,9636,324,10.9077849697,10.9937,False
0,9637,324,10.9171106938,10.9937,False
0,9638,324,10.9325058179,10.9937,False
0,9639,324,10.90306849,10.9937,False
0,9640,324,10.8873701494,10.9937,False
0,9641,324,10.9084541729,10.9937,False
0,9642,324,10.9108889461,10.9937,False
0,9643,324,10.9137768405,10.9937,False
0,9644,324,10.9256302623,10.9937,False
0,9645,324,10.9442441485,10.9937,False
0,9646,324,10.9598711608,10.9937,False
0,9647,324,10.9600368203,10.9937,False
0,9648,324,10.9583836812,10.9937,False
0,9649,324,10.9279206139,10.9937,False
0,9650,324,10.9356729029,10.9937,False
0,9651,324,10.9221549241,10.9937,False
0,9652,324,10.9356852646,10.9937,False
0,9653,324,10.889979652,10.9937,False
0,9654,324,10.9348809026,10.9937,False
0,9655,324,10.9115088728,10.9937,False
0,9656,324,10.9038636666,10.9937,False
0,9657,324,10.9295598205,10.9937,False
0,9658,324,10.9075834907,10.9937,False
0,9659,324,10.8917777318,10.9937,False
0,9660,324,10.9183113043,10.9937,False
0,9661,324,10.9332420897,10.9937,False
0,9662,324,10.9652284002,10.9937,False
0,9663,324,10.9524152693,10.9937,False
0,9664,324,10.8843336806,10.9937,False
0,9665,324,10.9088650302,10.9937,False
0,9666,324,10.9313892435,10.9937,False
0,9667,324,10.9607998112,10.9937,False
0,9668,324,10.9306532577,10.9937,False
0,9669,324,10.8923478472,10.9937,False
0,9670,324,10.9297906804,10.9937,False
0,9671,324,10.9764471557,10.9937,False
0,9672,324,10.8769349987,10.9937,False
0,9673,324,10.9425529381,10.9937,False
0,9674,324,10.9283935532,10.9937,False
0,9675,324,10.8762355007,10.9937,False
0,9676,324,10.9069661129,10.9937,False
0,9677,324,10.9442259704,10.9937,False
0,9678,324,10.8996059068,10.9937,False
0,9679,324,10.931474471,10.9937,False
0,9680,324,10.8914007784,10.9937,False
0,9681,324,10.9462152616,10.9937,False
0,9682,324,10.9362711,10.9937,False
0,9683,324,10.9327821664,10.9937,False
0,9684,324,10.9615498001,10.9937,False
0,9685,324,10.8940003121,10.9937,False
0,9686,324,10.9349385801,10.9937,False
0,9687,324,10.9361506601,10.9937,False
0,9688,324,10.9734228673,10.9937,False
0,9689,324,10.9227454141,10.9937,False
0,9690,324,10.9152284244,10.9937,False
0,9691,324,10.9582688476,10.9937,False
0,9692,324,10.9272878047,10.9937,False
0,9693,324,10.9287615673,10.9937,False
0,9694,325,10.9636889209,11.0270333333,False
0,9695,325,10.9626154122,11.0270333333,False
0,9696,325,10.9548699075,11.0270333333,False
0,9697,325,10.9531179716,11.0270333333,False
0,9698,325,10.9809377393,11.0270333333,False
0,9699,325,10.9893059351,11.0270333333,False
0,9700,325,10.9936801604,11.0270333333,False
0,9701,325,10.9303577774,11.0270333333,False
0,9702,325,10.9503845857,11.0270333333,False
0,9703,325,10.9582849917,11.0270333333,False
0,9704,326,11.0335984752,11.0603666667,False
0,9705,326,11.0400161133,11.0603666667,False
0,9706,326,10.9406033646,11.0603666667,False
0,9707,326,10.9978334515,11.0603666667,False
0,9708,326,10.9907440353,11.0603666667,False
0,9709,327,10.9765742085,11.0937,False
0,9710,327,11.0091676525,11.0937,False
0,9711,327,11.0794121933,11.0937,False
0,9712,327,11.0548612954,11.0937,False
0,9713,328,11.0876410573,11.1270333333,False
0,9714,328,11.0199151,11.1270333333,False
0,9715,328,11.0667007389,11.1270333333,False
0,9716,328,11.0769728401,11.1270333333,False
0,9717,328,11.0301336902,11.1270333333,False
0,9718,329,11.0763020104,11.1603666667,False
0,9719,329,11.0898608061,11.1603666667,False
0,9720,329,11.089091292,11.1603666667,False
0,9721,329,11.0904539375,11.1603666667,False
0,9722,329,11.0237792548,11.1603666667,False
0,9723,329,11.0695624974,11.1603666667,False
0,9724,329,11.1201979171,11.1603666667,False
0,9725,329,11.0617716313,11.1603666667,False
0,9726,329,11.1194909358,11.1603666667,False
0,9727,329,11.1285554552,11.1603666667,False
0,9728,329,11.125288043,11.1603666667,False
0,9729,329,11.0707794209,11.1603666667,False
0,9730,329,11.0790786425,11.1603666667,False
0,9731,329,11.1244828892,11.1603666667,False
0,9732,329,11.079171187,11.1603666667,False
0,9733,329,11.085742283,11.1603666667,False
0,9734,329,11.0739506407,11.1603666667,False
0,9735,329,11.078327676,11.1603666667,False
0,9736,329,11.0837339724,11.1603666667,False
0,9737,329,11.1150739801,11.1603666667,False
0,9738,329,11.1188879035,11.1603666667,False
0,9739,329,11.1217527391,11.1603666667,False
0,9740,329,11.1031457726,11.1603666667,False
0,9741,329,11.0794740666,11.1603666667,False
0,9742,329,11.087595744,11.1603666667,False
0,9743,329,11.0980651375,11.1603666667,False
0,9744,329,11.1059167491,11.1603666667,False
0,9745,329,11.113183487,11.1603666667,False
0,9746,329,11.0746399084,11.1603666667,False
0,9747,329,11.0635804903,11.1603666667,False
0,9748,329,11.1147013385,11.1603666667,False
0,9749,329,11.091918351,11.1603666667,False
0,9750,329,11.066992487,11.1603666667,False
0,9751,329,11.0625949748,11.1603666667,False
0,9752,329,11.0941047578,11.1603666667,False
0,9753,329,11.0942827832,11.1603666667,False
0,9754,329,11.0929188903,11.1603666667,False
0,9755,329,11.1252476047,11.1603666667,False
0,9756,329,11.0856404725,11.1603666667,False
0,9757,329,11.1301239078,11.1603666667,False
0,9758,329,11.0358687601,11.1603666667,False
0,9759,329,11.1186423351,11.1603666667,False
0,9760,329,11.107778284,11.1603666667,False
0,9761,329,11.0821504642,11.1603666667,False
0,9762,329,11.0268598928,11.1603666667,False
0,9763,329,11.0555806758,11.1603666667,False
0,9764,329,11.0998807543,11.1603666667,False
0,9765,329,11.0810287651,11.1603666667,False
0,9766,329,11.1353677017,11.1603666667,False
0,9767,329,11.1389682401,11.1603666667,False
0,9768,329,11.1331065686,11.1603666667,False
0,9769,329,11.0724981413,11.1603666667,False
0,9770,329,11.1121283703,11.1603666667,False
0,9771,329,11.0982338644,11.1603666667,False
0,9772,329,11.1205293354,11.1603666667,False
0,9773,329,11.0887935117,11.1603666667,False
0,9774,329,11.065108369,11.1603666667,False
0,9775,329,11.1054857327,11.1603666667,False
0,9776,329,11.0608480816,11.1603666667,False
0,9777,329,11.1018037404,11.1603666667,False
0,9778,329,11.0673491225,11.1603666667,False
0,9779,329,11.1169725683,11.1603666667,False
0,9780,329,11.0865989903,11.1603666667,False
0,9781,329,11.0580851347,11.1603666667,False
0,9782,329,11.113190801,11.1603666667,False
0,9783,329,11.0716253762,11.1603666667,False
0,9784,329,11.0909259152,11.1603666667,False
0,9785,329,11.0882514749,11.1603666667,False
0,9786,329,11.1061888622,11.1603666667,False
0,9787,329,11.079681061,11.1603666667,False
0,9788,329,11.0824798873,11.1603666667,False
0,9789,329,11.1178813225,11.1603666667,False
0,9790,329,11.0994965992,11.1603666667,False
0,9791,329,11.07013948,11.1603666667,False
0,9792,329,11.0860515667,11.1603666667,False
0,9793,329,11.0702404653,11.1603666667,False
0,9794,329,11.0669171051,11.1603666667,False
0,9795,329,11.100519275,11.1603666667,False
0,9796,329,11.0814319097,11.1603666667,False
0,9797,329,11.0827706381,11.1603666667,False
0,9798,329,11.0654634913,11.1603666667,False
0,9799,329,11.1740985196,11.1603666667,True
0,9800,329,11.1056685052,11.1603666667,False
0,9801,329,11.0808661339,11.1603666667,False
0,9802,329,11.0922579066,11.1603666667,False
0,9803,329,11.0854735117,11.1603666667,False
0,9804,329,11.1208856949,11.1603666667,False
0,9805,329,11.1007075329,11.1603666667,False
0,9806,329,11.0566188224,11.1603666667,False
0,9807,329,11.0940680503,11.1603666667,False
0,9808,329,11.0802655162,11.1603666667,False
0,9809,329,11.1332976767,11.1603666667,False
0,9810,329,11.1018663226,11.1603666667,False
0,9811,329,11.0947491973,11.1603666667,False
0,9812,329,11.1195937391,11.1603666667,False
0,9813,329,11.131680329,11.1603666667,False
0,9814,329,11.144225092,11.1603666667,False
0,9815,329,11.1329325322,11.1603666667,False
0,9816,329,11.0854058928,11.1603666667,False
0,9817,329,11.1205327022,11.1603666667,False
0,9818,329,11.1209091446,11.1603666667,False
0,9819,329,11.0676856006,11.1603666667,False
0,9820,329,11.1110898837,11.1603666667,False
0,9821,329,11.0619853507,11.1603666667,False
0,9822,329,11.0361190723,11.1603666667,False
0,9823,329,11.0592518914,11.1603666667,False
0,9824,329,11.1349227539,11.1603666667,False
0,9825,329,11.0809525852,11.1603666667,False
0,9826,329,11.0851169715,11.1603666667,False
0,9827,329,11.0866245575,11.1603666667,False
0,9828,329,11.0641871943,11.1603666667,False
0,9829,329,11.1273107688,11.1603666667,False
0,9830,329,11.0672868017,11.1603666667,False
0,9831,329,11.0758352993,11.1603666667,False
0,9832,329,11.1449556282,11.1603666667,False
0,9833,329,11.0826164635,11.1603666667,False
0,9834,329,11.1100835827,11.1603666667,False
0,9835,329,11.1007784977,11.1603666667,False
0,9836,329,11.0784081746,11.1603666667,False
0,9837,329,11.1259166253,11.1603666667,False
0,9838,329,11.0818765898,11.1603666667,False
0,9839,329,11.0966422158,11.1603666667,False
0,9840,329,11.0882006339,11.1603666667,False
0,9841,329,11.0575532009,11.1603666667,False
0,9842,329,11.0914605014,11.1603666667,False
0,9843,329,11.084658715,11.1603666667,False
0,9844,329,11.1345825198,11.1603666667,False
0,9845,329,11.1524227244,11.1603666667,False
0,9846,329,11.0768060345,11.1603666667,False
0,9847,329,11.0960603604,11.1603666667,False
0,9848,329,11.0545112936,11.1603666667,False
0,9849,329,11.1683755414,11.1603666667,True
0,9850,329,11.073435678,11.1603666667,False
0,9851,329,11.1031962501,11.1603666667,False
0,9852,329,11.1291782295,11.1603666667,False
0,9853,329,11.0831622424,11.1603666667,False
0,9854,329,11.0918254502,11.1603666667,False
0,9855,329,11.0741519471,11.1603666667,False
0,9856,329,11.0957143272,11.1603666667,False
0,9857,329,11.0981204119,11.1603666667,False
0,9858,329,11.1201736895,11.1603666667,False
0,9859,329,11.0960776006,11.1603666667,False
0,9860,329,11.0971270413,11.1603666667,False
0,9861,329,11.0631985802,11.1603666667,False
0,9862,329,11.0806260465,11.1603666667,False
0,9863,329,11.0905989941,11.1603666667,False
0,9864,329,11.0736319567,11.1603666667,False
0,9865,329,11.1135316848,11.1603666667,False
0,9866,329,11.1109845343,11.1603666667,False
0,9867,329,11.0835397984,11.1603666667,False
0,9868,329,11.0713321084,11.1603666667,False
0,9869,329,11.0708330444,11.1603666667,False
0,9870,329,11.1260352859,11.1603666667,False
0,9871,329,11.1341465926,11.1603666667,False
0,9872,329,11.1298498513,11.1603666667,False
0,9873,329,11.1141269395,11.1603666667,False
0,9874,329,11.0961706552,11.1603666667,False
0,9875,329,11.1275201044,11.1603666667,False
0,9876,329,11.1183029359,11.1603666667,False
0,9877,329,11.0451441359,11.1603666667,False
0,9878,329,11.080880078,11.1603666667,False
0,9879,329,11.1055613332,11.1603666667,False
0,9880,329,11.0769572151,11.1603666667,False
0,9881,329,11.0780383599,11.1603666667,False
0,9882,329,11.0349837603,11.1603666667,False
0,9883,329,11.130612427,11.1603666667,False
0,9884,329,11.1022413489,11.1603666667,False
0,9885,329,11.0687356859,11.1603666667,False
0,9886,329,11.1142343545,11.1603666667,False
0,9887,329,11.1111459093,11.1603666667,False
0,9888,329,11.0620965664,11.1603666667,False
0,9889,329,11.067305554,11.1603666667,False
0,9890,329,11.0257247312,11.1603666667,False
0,9891,329,11.0737543028,11.1603666667,False
0,9892,329,11.0802485659,11.1603666667,False
0,9893,329,11.070617143,11.1603666667,False
0,9894,329,11.1005472375,11.1603666667,False
0,9895,329,11.0842415702,11.1603666667,False
0,9896,329,11.0705519241,11.1603666667,False
0,9897,329,11.1146916049,11.1603666667,False
0,9898,329,11.1000999018,11.1603666667,False
0,9899,329,11.0931910243,11.1603666667,False
0,9900,329,11.0589372365,11.1603666667,False
0,9901,329,11.0721491696,11.1603666667,False
0,9902,329,11.0816906876,11.1603666667,False
0,9903,329,11.0925679564,11.1603666667,False
0,9904,329,11.0885199092,11.1603666667,False
0,9905,329,11.0903903646,11.1603666667,False
0,9906,329,11.1474848941,11.1603666667,False
0,9907,329,11.0945563684,11.1603666667,False
0,9908,329,11.087389397,11.1603666667,False
0,9909,329,11.1051048282,11.1603666667,False
0,9910,329,11.1074600423,11.1603666667,False
0,9911,329,11.1293097072,11.1603666667,False
0,9912,329,11.1311429392,11.1603666667,False
0,9913,329,11.036421994,11.1603666667,False
0,9914,329,11.0849089251,11.1603666667,False
0,9915,329,11.1094970276,11.1603666667,False
0,9916,329,11.0815642112,11.1603666667,False
0,9917,329,11.1204902711,11.1603666667,False
0,9918,329,11.1012345394,11.1603666667,False
0,9919,329,11.0420113152,11.1603666667,False
0,9920,329,11.0569525128,11.1603666667,False
0,9921,329,11.10940511,11.1603666667,False
0,9922,329,11.0825691529,11.1603666667,False
0,9923,329,11.096326671,11.1603666667,False
0,9924,329,11.0701756166,11.1603666667,False
0,9925,329,11.0867357817,11.1603666667,False
0,9926,329,11.0404154591,11.1603666667,False
0,9927,329,11.0810751821,11.1603666667,False
0,9928,329,11.0550997751,11.1603666667,False
0,9929,329,11.0816949384,11.1603666667,False
0,9930,329,11.0543614354,11.1603666667,False
0,9931,329,11.0927774935,11.1603666667,False
0,9932,329,11.0883721805,11.1603666667,False
0,9933,329,11.0975463533,11.1603666667,False
0,9934,329,11.1044442881,11.1603666667,False
0,9935,329,11.0737065646,11.1603666667,False
0,9936,329,11.1030278138,11.1603666667,False
0,9937,329,11.0851806571,11.1603666667,False
0,9938,329,11.0482500127,11.1603666667,False
0,9939,329,11.0815800238,11.1603666667,False
0,9940,329,11.1344320949,11.1603666667,False
0,9941,329,11.0840401986,11.1603666667,False
0,9942,329,11.1286477196,11.1603666667,False
0,9943,329,11.0972481873,11.1603666667,False
0,9944,329,11.0818450026,11.1603666667,False
0,9945,329,11.0754357774,11.1603666667,False
0,9946,329,11.0543713461,11.1603666667,False
0,9947,329,11.0813918967,11.1603666667,False
0,9948,329,11.1027492207,11.1603666667,False
0,9949,329,11.0688985826,11.1603666667,False
0,9950,329,11.0827983027,11.1603666667,False
0,9951,329,11.0750221683,11.1603666667,False
0,9952,329,11.0895421079,11.1603666667,False
0,9953,329,11.1096874985,11.1603666667,False
0,9954,329,11.079339592,11.1603666667,False
0,9955,329,11.0469093845,11.1603666667,False
0,9956,329,11.0675280728,11.1603666667,False
0,9957,329,11.0655843052,11.1603666667,False
0,9958,329,11.1105659211,11.1603666667,False
0,9959,329,11.0660868183,11.1603666667,False
0,9960,329,11.1090191868,11.1603666667,False
0,9961,329,11.0456801369,11.1603666667,False
0,9962,329,11.0744841456,11.1603666667,False
0,9963,329,11.0952949788,11.1603666667,False
0,9964,329,11.0881427055,11.1603666667,False
0,9965,329,11.1236537984,11.1603666667,False
0,9966,329,11.0688712835,11.1603666667,False
0,9967,329,11.0855657678,11.1603666667,False
0,9968,329,11.0762875564,11.1603666667,False
0,9969,329,11.0706239986,11.1603666667,False
0,9970,329,11.1660770195,11.1603666667,True
0,9971,329,11.1020218812,11.1603666667,False
0,9972,329,11.0763491703,11.1603666667,False
0,9973,329,11.0392407578,11.1603666667,False
0,9974,329,11.0978823983,11.1603666667,False
0,9975,329,11.1085750491,11.1603666667,False
0,9976,329,11.0400851682,11.1603666667,False
0,9977,329,11.1095218031,11.1603666667,False
0,9978,329,11.0397476164,11.1603666667,False
0,9979,329,11.0772663927,11.1603666667,False
0,9980,329,11.0829258296,11.1603666667,False
0,9981,329,11.1199644985,11.1603666667,False
0,9982,329,11.0735913172,11.1603666667,False
0,9983,329,11.0993835465,11.1603666667,False
0,9984,329,11.0643182716,11.1603666667,False
0,9985,329,11.0750114104,11.1603666667,False
0,9986,329,11.0686639179,11.1603666667,False
0,9987,329,11.0682908035,11.1603666667,False
0,9988,329,11.0688720188,11.1603666667,False
0,9989,329,11.1394421232,11.1603666667,False
0,9990,329,11.0979971966,11.1603666667,False
0,9991,329,11.0708563724,11.1603666667,False
0,9992,329,11.0625821276,11.1603666667,False
0,9993,329,11.1201886324,11.1603666667,False
0,9994,329,11.0869670645,11.1603666667,False
0,9995,329,11.1087163188,11.1603666667,False
0,9996,329,11.1190684946,11.1603666667,False
0,9997,329,11.1089620047,11.1603666667,False
0,9998,329,11.1207363303,11.1603666667,False
0,9999,329,11.1077987351,11.1603666667,False
0,10000,329,11.1184278002,11.1603666667,False
0,10001,329,11.1246209147,11.1603666667,False
0,10002,329,11.1194793682,11.1603666667,False
0,10003,329,11.1200202093,11.1603666667,False
0,10004,329,11.10553633,11.1603666667,False
0,10005,329,11.0664133647,11.1603666667,False
0,10006,329,11.0898630304,11.1603666667,False
0,10007,329,11.089758785,11.1603666667,False
0,10008,329,11.0778257716,11.1603666667,False
0,10009,329,11.1553581925,11.1603666667,False
0,10010,329,11.0659836053,11.1603666667,False
0,10011,329,11.0773942314,11.1603666667,False
0,10012,329,11.116638116,11.1603666667,False
0,10013,329,11.0588561592,11.1603666667,False
0,10014,329,11.0870948177,11.1603666667,False
0,10015,329,11.0937561952,11.1603666667,False
0,10016,329,11.0855740535,11.1603666667,False
0,10017,329,11.1021647066,11.1603666667,False
0,10018,329,11.0917887734,11.1603666667,False
0,10019,329,11.092290814,11.1603666667,False
0,10020,329,11.1021487327,11.1603666667,False
0,10021,329,11.0786236157,11.1603666667,False
0,10022,329,11.0945090429,11.1603666667,False
0,10023,329,11.123261534,11.1603666667,False
0,10024,329,11.0861227088,11.1603666667,False
0,10025,329,11.0574877853,11.1603666667,False
0,10026,330,11.1355390413,11.1937,False
0,10027,330,11.118406602,11.1937,False
0,10028,330,11.1391570777,11.1937,False
0,10029,330,11.1302710264,11.1937,False
0,10030,330,11.1314864904,11.1937,False
0,10031,330,11.1085409113,11.1937,False
0,10032,330,11.1202196653,11.1937,False
0,10033,330,11.1430382416,11.1937,False
0,10034,330,11.084593027,11.1937,False
0,10035,330,11.149441875,11.1937,False
0,10036,331,11.1556281444,11.2270333333,False
0,10037,331,11.1645468205,11.2270333333,False
0,10038,331,11.1552909246,11.2270333333,False
0,10039,331,11.1617706588,11.2270333333,False
0,10040,331,11.1171941478,11.2270333333,False
0,10041,331,11.1368552045,11.2270333333,False
0,10042,332,11.189512699,11.2603666667,False
0,10043,332,11.2130937172,11.2603666667,False
0,10044,332,11.1909512978,11.2603666667,False
0,10045,332,11.1943497441,11.2603666667,False
0,10046,332,11.1735851717,11.2603666667,False
0,10047,333,11.2413015352,11.2937,False
0,10048,333,11.2326603169,11.2937,False
0,10049,333,11.2005836906,11.2937,False
0,10050,333,11.2396774464,11.2937,False
0,10051,333,11.2041441506,11.2937,False
0,10052,334,11.2847676415,11.3270333333,False
0,10053,334,11.2832628736,11.3270333333,False
0,10054,334,11.2635902608,11.3270333333,False
0,10055,334,11.259477377,11.3270333333,False
0,10056,334,11.2280757601,11.3270333333,False
0,10057,334,11.2984450408,11.3270333333,False
0,10058,334,11.2640117193,11.3270333333,False
0,10059,334,11.2910347037,11.3270333333,False
0,10060,334,11.2616814668,11.3270333333,False
0,10061,334,11.2962640157,11.3270333333,False
0,10062,334,11.3075266702,11.3270333333,False
0,10063,334,11.260001078,11.3270333333,False
0,10064,334,11.2605526712,11.3270333333,False
0,10065,334,11.2454256685,11.3270333333,False
0,10066,334,11.2786732696,11.3270333333,False
0,10067,334,11.2367589155,11.3270333333,False
0,10068,334,11.2448269881,11.3270333333,False
0,10069,334,11.2794625478,11.3270333333,False
0,10070,334,11.2681839402,11.3270333333,False
0,10071,334,11.2666254659,11.3270333333,False
0,10072,334,11.2332317988,11.3270333333,False
0,10073,334,11.2470662692,11.3270333333,False
0,10074,334,11.2618352016,11.3270333333,False
0,10075,334,11.2446467773,11.3270333333,False
0,10076,334,11.250348117,11.3270333333,False
0,10077,334,11.2683997253,11.3270333333,False
0,10078,334,11.2639634743,11.3270333333,False
0,10079,334,11.2535904909,11.3270333333,False
0,10080,334,11.2841748043,11.3270333333,False
0,10081,334,11.2503427074,11.3270333333,False
0,10082,334,11.2431141322,11.3270333333,False
0,10083,334,11.2658298892,11.3270333333,False
0,10084,334,11.2346236177,11.3270333333,False
0,10085,334,11.2565178424,11.3270333333,False
0,10086,334,11.2631345902,11.3270333333,False
0,10087,334,11.2721812688,11.3270333333,False
0,10088,334,11.2671678432,11.3270333333,False
0,10089,334,11.2584013762,11.3270333333,False
0,10090,334,11.2342719341,11.3270333333,False
0,10091,334,11.298230331,11.3270333333,False
0,10092,334,11.2014996997,11.3270333333,False
0,10093,334,11.2585503843,11.3270333333,False
0,10094,334,11.2498802513,11.3270333333,False
0,10095,334,11.2718202528,11.3270333333,False
0,10096,334,11.2680448843,11.3270333333,False
0,10097,334,11.265849097,11.3270333333,False
0,10098,334,11.2528285752,11.3270333333,False
0,10099,334,11.2671859052,11.3270333333,False
0,10100,334,11.2860492115,11.3270333333,False
0,10101,334,11.2813217552,11.3270333333,False
0,10102,334,11.247628096,11.3270333333,False
0,10103,334,11.2255218616,11.3270333333,False
0,10104,334,11.2945308395,11.3270333333,False
0,10105,334,11.2258753955,11.3270333333,False
0,10106,334,11.2295085798,11.3270333333,False
0,10107,334,11.23509446,11.3270333333,False
0,10108,334,11.2884915569,11.3270333333,False
0,10109,334,11.2442706413,11.3270333333,False
0,10110,334,11.2438232293,11.3270333333,False
0,10111,334,11.2486508118,11.3270333333,False
0,10112,334,11.2265321069,11.3270333333,False
0,10113,334,11.268709577,11.3270333333,False
0,10114,334,11.2410090084,11.3270333333,False
0,10115,334,11.2535000577,11.3270333333,False
0,10116,334,11.2377549372,11.3270333333,False
0,10117,334,11.2453004426,11.3270333333,False
0,10118,334,11.2499664602,11.3270333333,False
0,10119,334,11.2253831896,11.3270333333,False
0,10120,334,11.3191608644,11.3270333333,False
0,10121,334,11.2613990324,11.3270333333,False
0,10122,334,11.2461072811,11.3270333333,False
0,10123,334,11.2948316332,11.3270333333,False
0,10124,334,11.2586099236,11.3270333333,False
0,10125,334,11.2753312308,11.3270333333,False
0,10126,334,11.2650391616,11.3270333333,False
0,10127,334,11.2640196966,11.3270333333,False
0,10128,334,11.2798029843,11.3270333333,False
0,10129,334,11.2886202991,11.3270333333,False
0,10130,334,11.2906839092,11.3270333333,False
0,10131,334,11.2427705293,11.3270333333,False
0,10132,334,11.2573034158,11.3270333333,False
0,10133,334,11.2479623826,11.3270333333,False
0,10134,334,11.2344690287,11.3270333333,False
0,10135,334,11.2863333175,11.3270333333,False
0,10136,334,11.2522810442,11.3270333333,False
0,10137,334,11.2513849059,11.3270333333,False
0,10138,334,11.2898201368,11.3270333333,False
0,10139,334,11.2515947818,11.3270333333,False
0,10140,334,11.2601595613,11.3270333333,False
0,10141,334,11.227421562,11.3270333333,False
0,10142,334,11.2744877044,11.3270333333,False
0,10143,334,11.2723525529,11.3270333333,False
0,10144,334,11.2280977472,11.3270333333,False
0,10145,334,11.2628103416,11.3270333333,False
0,10146,334,11.255443428,11.3270333333,False
0,10147,334,11.2595878132,11.3270333333,False
0,10148,334,11.2431909467,11.3270333333,False
0,10149,334,11.2682650209,11.3270333333,False
0,10150,334,11.2172301579,11.3270333333,False
0,10151,334,11.2498977233,11.3270333333,False
0,10152,334,11.2604053993,11.3270333333,False
0,10153,334,11.2199823089,11.3270333333,False
0,10154,334,11.2686328626,11.3270333333,False
0,10155,334,11.2727187133,11.3270333333,False
0,10156,334,11.2237792587,11.3270333333,False
0,10157,334,11.2464794054,11.3270333333,False
0,10158,334,11.2646533354,11.3270333333,False
0,10159,334,11.2371349066,11.3270333333,False
0,10160,334,11.2565572,11.3270333333,False
0,10161,334,11.2442288418,11.3270333333,False
0,10162,334,11.1909959918,11.3270333333,False
0,10163,334,11.2665367908,11.3270333333,False
0,10164,334,11.2673829417,11.3270333333,False
0,10165,334,11.2966446093,11.3270333333,False
0,10166,334,11.2632329676,11.3270333333,False
0,10167,334,11.2489357671,11.3270333333,False
0,10168,334,11.2967154482,11.3270333333,False
0,10169,334,11.2916338001,11.3270333333,False
0,10170,334,11.2693101785,11.3270333333,False
0,10171,334,11.2835694945,11.3270333333,False
0,10172,334,11.244734766,11.3270333333,False
0,10173,334,11.2853537915,11.3270333333,False
0,10174,334,11.2304047154,11.3270333333,False
0,10175,334,11.2611523971,11.3270333333,False
0,10176,334,11.2577425579,11.3270333333,False
0,10177,334,11.2302160758,11.3270333333,False
0,10178,334,11.2547756728,11.3270333333,False
0,10179,334,11.1744423312,11.3270333333,False
0,10180,334,11.2017626229,11.3270333333,False
0,10181,334,11.3363138907,11.3270333333,True
0,10182,334,11.2721633256,11.3270333333,False
0,10183,334,11.3058879202,11.3270333333,False
0,10184,334,11.2328338095,11.3270333333,False
0,10185,334,11.2573502503,11.3270333333,False
0,10186,334,11.2653626531,11.3270333333,False
0,10187,334,11.2742103529,11.3270333333,False
0,10188,334,11.2742874539,11.3270333333,False
0,10189,334,11.3031429164,11.3270333333,False
0,10190,334,11.2917063811,11.3270333333,False
0,10191,334,11.2191872119,11.3270333333,False
0,10192,334,11.2710845321,11.3270333333,False
0,10193,334,11.2552812641,11.3270333333,False
0,10194,334,11.2630142728,11.3270333333,False
0,10195,334,11.2289946417,11.3270333333,False
0,10196,334,11.2714480964,11.3270333333,False
0,10197,334,11.3054601006,11.3270333333,False
0,10198,334,11.2709845015,11.3270333333,False
0,10199,334,11.1926723557,11.3270333333,False
0,10200,334,11.2963459306,11.3270333333,False
0,10201,334,11.2712260326,11.3270333333,False
0,10202,334,11.2690518443,11.3270333333,False
0,10203,334,11.2625421033,11.3270333333,False
0,10204,334,11.2460723551,11.3270333333,False
0,10205,334,11.2550865902,11.3270333333,False
0,10206,334,11.2603690446,11.3270333333,False
0,10207,334,11.2538633697,11.3270333333,False
0,10208,334,11.266706431,11.3270333333,False
0,10209,334,11.2839102753,11.3270333333,False
0,10210,334,11.2577904753,11.3270333333,False
0,10211,334,11.2348367109,11.3270333333,False
0,10212,334,11.2712826501,11.3270333333,False
0,10213,334,11.2444539513,11.3270333333,False
0,10214,334,11.2406448654,11.3270333333,False
0,10215,334,11.2792844884,11.3270333333,False
0,10216,334,11.2084784937,11.3270333333,False
0,10217,334,11.2375817714,11.3270333333,False
0,10218,334,11.2829831004,11.3270333333,False
0,10219,334,11.2071556849,11.3270333333,False
0,10220,334,11.2466024058,11.3270333333,False
0,10221,334,11.278526655,11.3270333333,False
0,10222,334,11.2751893624,11.3270333333,False
0,10223,334,11.2948421778,11.3270333333,False
0,10224,334,11.2787615034,11.3270333333,False
0,10225,334,11.2577171936,11.3270333333,False
0,10226,334,11.3000364863,11.3270333333,False
0,10227,334,11.2767673362,11.3270333333,False
0,10228,334,11.2675911626,11.3270333333,False
0,10229,334,11.2896415216,11.3270333333,False
0,10230,334,11.2616642642,11.3270333333,False
0,10231,334,11.3098117811,11.3270333333,False
0,10232,334,11.2614379088,11.3270333333,False
0,10233,334,11.2486214633,11.3270333333,False
0,10234,334,11.264469996,11.3270333333,False
0,10235,334,11.2559743336,11.3270333333,False
0,10236,334,11.2738633912,11.3270333333,False
0,10237,334,11.2623687915,11.3270333333,False
0,10238,334,11.2944468598,11.3270333333,False
0,10239,334,11.2981558453,11.3270333333,False
0,10240,334,11.232851612,11.3270333333,False
0,10241,334,11.2641334982,11.3270333333,False
0,10242,334,11.3202183621,11.3270333333,False
0,10243,334,11.213981441,11.3270333333,False
0,10244,334,11.269656992,11.3270333333,False
0,10245,334,11.237957397,11.3270333333,False
0,10246,334,11.2654136574,11.3270333333,False
0,10247,334,11.2494505045,11.3270333333,False
0,10248,334,11.2923887757,11.3270333333,False
0,10249,334,11.2542047772,11.3270333333,False
0,10250,334,11.2696254709,11.3270333333,False
0,10251,334,11.2150746946,11.3270333333,False
0,10252,334,11.2590877477,11.3270333333,False
0,10253,334,11.277301786,11.3270333333,False
0,10254,334,11.2453349695,11.3270333333,False
0,10255,334,11.2449243254,11.3270333333,False
0,10256,334,11.2333346455,11.3270333333,False
0,10257,334,11.2310168237,11.3270333333,False
0,10258,334,11.2594829929,11.3270333333,False
0,10259,334,11.212948304,11.3270333333,False
0,10260,334,11.2586864213,11.3270333333,False
0,10261,334,11.2759873846,11.3270333333,False
0,10262,334,11.2422317741,11.3270333333,False
0,10263,334,11.2982180856,11.3270333333,False
0,10264,334,11.2527664416,11.3270333333,False
0,10265,334,11.2674008447,11.3270333333,False
0,10266,334,11.2900300925,11.3270333333,False
0,10267,334,11.276353155,11.3270333333,False
0,10268,334,11.2094018679,11.3270333333,False
0,10269,334,11.2896227674,11.3270333333,False
0,10270,334,11.2401244106,11.3270333333,False
0,10271,334,11.2937181662,11.3270333333,False
0,10272,334,11.2742332861,11.3270333333,False
0,10273,334,11.2698149733,11.3270333333,False
0,10274,334,11.2617559556,11.3270333333,False
0,10275,334,11.3051682372,11.3270333333,False
0,10276,334,11.2634569769,11.3270333333,False
0,10277,334,11.2299387329,11.3270333333,False
0,10278,334,11.265121937,11.3270333333,False
0,10279,334,11.2522958083,11.3270333333,False
0,10280,334,11.2944873568,11.3270333333,False
0,10281,334,11.2910661617,11.3270333333,False
0,10282,334,11.2290093605,11.3270333333,False
0,10283,334,11.2620513463,11.3270333333,False
0,10284,334,11.227433699,11.3270333333,False
0,10285,334,11.2454719997,11.3270333333,False
0,10286,334,11.2634414936,11.3270333333,False
0,10287,334,11.2493990304,11.3270333333,False
0,10288,334,11.2796976896,11.3270333333,False
0,10289,334,11.2689531128,11.3270333333,False
0,10290,334,11.2692402778,11.3270333333,False
0,10291,334,11.2670308327,11.3270333333,False
0,10292,334,11.2676170655,11.3270333333,False
0,10293,334,11.2121658375,11.3270333333,False
0,10294,334,11.2751668159,11.3270333333,False
0,10295,334,11.2824628844,11.3270333333,False
0,10296,334,11.2479004902,11.3270333333,False
0,10297,334,11.2593121041,11.3270333333,False
0,10298,334,11.2323778412,11.3270333333,False
0,10299,334,11.2191104025,11.3270333333,False
0,10300,334,11.2597611673,11.3270333333,False
0,10301,334,11.2824961908,11.3270333333,False
0,10302,334,11.2528545299,11.3270333333,False
0,10303,334,11.2487862512,11.3270333333,False
0,10304,334,11.2474727493,11.3270333333,False
0,10305,334,11.2527202787,11.3270333333,False
0,10306,334,11.2980638306,11.3270333333,False
0,10307,334,11.2283402331,11.3270333333,False
0,10308,334,11.2944772965,11.3270333333,False
0,10309,334,11.2574940421,11.3270333333,False
0,10310,334,11.2837683722,11.3270333333,False
0,10311,334,11.2794787097,11.3270333333,False
0,10312,334,11.2897202541,11.3270333333,False
0,10313,334,11.2776425111,11.3270333333,False
0,10314,334,11.2061904613,11.3270333333,False
0,10315,334,11.2727977356,11.3270333333,False
0,10316,334,11.2517524546,11.3270333333,False
0,10317,334,11.2370664475,11.3270333333,False
0,10318,334,11.2176445653,11.3270333333,False
0,10319,334,11.2964613173,11.3270333333,False
0,10320,334,11.2672004851,11.3270333333,False
0,10321,334,11.2303962577,11.3270333333,False
0,10322,334,11.3005646523,11.3270333333,False
0,10323,334,11.2386517124,11.3270333333,False
0,10324,334,11.2571133361,11.3270333333,False
0,10325,334,11.2358039453,11.3270333333,False
0,10326,334,11.279493449,11.3270333333,False
0,10327,334,11.2475036476,11.3270333333,False
0,10328,334,11.2697564877,11.3270333333,False
0,10329,334,11.2809985161,11.3270333333,False
0,10330,334,11.2611102477,11.3270333333,False
0,10331,334,11.2655432579,11.3270333333,False
0,10332,334,11.2463567064,11.3270333333,False
0,10333,334,11.2119135755,11.3270333333,False
0,10334,334,11.2449843149,11.3270333333,False
0,10335,334,11.2505942392,11.3270333333,False
0,10336,334,11.2499810276,11.3270333333,False
0,10337,334,11.2755193338,11.3270333333,False
0,10338,334,11.2188278767,11.3270333333,False
0,10339,334,11.2934864991,11.3270333333,False
0,10340,334,11.2612602352,11.3270333333,False
0,10341,334,11.296840035,11.3270333333,False
0,10342,334,11.2426598287,11.3270333333,False
0,10343,334,11.2602819445,11.3270333333,False
0,10344,334,11.2293990643,11.3270333333,False
0,10345,334,11.2342642991,11.3270333333,False
0,10346,334,11.2396839032,11.3270333333,False
0,10347,334,11.265580841,11.3270333333,False
0,10348,334,11.2742369834,11.3270333333,False
0,10349,334,11.2745476931,11.3270333333,False
0,10350,334,11.2844643581,11.3270333333,False
0,10351,334,11.2282375505,11.3270333333,False
0,10352,334,11.2714614001,11.3270333333,False
0,10353,335,11.3045617314,11.3603666667,False
0,10354,335,11.288875142,11.3603666667,False
0,10355,335,11.3016782612,11.3603666667,False
0,10356,335,11.2753156329,11.3603666667,False
0,10357,335,11.249987932,11.3603666667,False
0,10358,335,11.3159212059,11.3603666667,False
0,10359,335,11.2757918495,11.3603666667,False
0,10360,335,11.2930669602,11.3603666667,False
0,10361,335,11.2696268971,11.3603666667,False
0,10362,335,11.2894764807,11.3603666667,False
0,10363,336,11.3234696698,11.3937,False
0,10364,336,11.382614098,11.3937,False
0,10365,336,11.3351917179,11.3937,False
0,10366,336,11.321563139,11.3937,False
0,10367,336,11.286224057,11.3937,False
0,10368,336,11.3503154242,11.3937,False
0,10369,337,11.337051549,11.4270333333,False
0,10370,337,11.4230050889,11.4270333333,False
0,10371,337,11.3341606999,11.4270333333,False
0,10372,337,11.3749383231,11.4270333333,False
0,10373,337,11.3330055689,11.4270333333,False
0,10374,338,11.3595243176,11.4603666667,False
0,10375,338,11.3964572572,11.4603666667,False
0,10376,338,11.4189871781,11.4603666667,False
0,10377,338,11.4402669967,11.4603666667,False
0,10378,338,11.3758674318,11.4603666667,False
0,10379,339,11.463638975,11.4937,False
0,10380,339,11.4379102102,11.4937,False
0,10381,339,11.407920038,11.4937,False
0,10382,339,11.4184123764,11.4937,False
0,10383,339,11.3702927584,11.4937,False
0,10384,339,11.401399545,11.4937,False
0,10385,339,11.3750802628,11.4937,False
0,10386,339,11.421189272,11.4937,False
0,10387,339,11.4245570766,11.4937,False
0,10388,339,11.4107026714,11.4937,False
0,10389,339,11.4177652055,11.4937,False
0,10390,339,11.4531340427,11.4937,False
0,10391,339,11.4319491381,11.4937,False
0,10392,339,11.435438345,11.4937,False
0,10393,339,11.3764108214,11.4937,False
0,10394,339,11.4199068184,11.4937,False
0,10395,339,11.4673467621,11.4937,False
0,10396,339,11.4505666907,11.4937,False
0,10397,339,11.3990688454,11.4937,False
0,10398,339,11.4514376684,11.4937,False
0,10399,339,11.4524175091,11.4937,False
0,10400,339,11.4499270642,11.4937,False
0,10401,339,11.4625883467,11.4937,False
0,10402,339,11.4392746286,11.4937,False
0,10403,339,11.410669236,11.4937,False
0,10404,339,11.4208622621,11.4937,False
0,10405,339,11.4352197623,11.4937,False
0,10406,339,11.3948103502,11.4937,False
0,10407,339,11.4480982509,11.4937,False
0,10408,339,11.4536982077,11.4937,False
0,10409,339,11.4114088381,11.4937,False
0,10410,339,11.4342945502,11.4937,False
0,10411,339,11.4239890205,11.4937,False
0,10412,339,11.454792756,11.4937,False
0,10413,339,11.4286790799,11.4937,False
0,10414,339,11.4127653935,11.4937,False
0,10415,339,11.3851787854,11.4937,False
0,10416,339,11.3827239611,11.4937,False
0,10417,339,11.4165598659,11.4937,False
0,10418,339,11.4087284633,11.4937,False
0,10419,339,11.4134729641,11.4937,False
0,10420,339,11.4335968261,11.4937,False
0,10421,339,11.4254579013,11.4937,False
0,10422,339,11.3982885932,11.4937,False
0,10423,339,11.3866521967,11.4937,False
0,10424,339,11.4219612137,11.4937,False
0,10425,339,11.4719025966,11.4937,False
0,10426,339,11.4720815814,11.4937,False
0,10427,339,11.4025201463,11.4937,False
0,10428,339,11.4107791921,11.4937,False
0,10429,339,11.4127750288,11.4937,False
0,10430,339,11.4561158397,11.4937,False
0,10431,339,11.4528601832,11.4937,False
0,10432,339,11.4399516378,11.4937,False
0,10433,339,11.4086373973,11.4937,False
0,10434,339,11.4266960413,11.4937,False
0,10435,339,11.4529088973,11.4937,False
0,10436,339,11.4312314281,11.4937,False
0,10437,339,11.442535572,11.4937,False
0,10438,339,11.4154823311,11.4937,False
0,10439,339,11.375221105,11.4937,False
0,10440,339,11.4158089808,11.4937,False
0,10441,339,11.4182996347,11.4937,False
0,10442,339,11.4253185154,11.4937,False
0,10443,339,11.4522965476,11.4937,False
0,10444,339,11.4523160353,11.4937,False
0,10445,339,11.4491217131,11.4937,False
0,10446,339,11.4470057079,11.4937,False
0,10447,339,11.3988110887,11.4937,False
0,10448,339,11.4099046385,11.4937,False
0,10449,339,11.4510851011,11.4937,False
0,10450,339,11.3969441243,11.4937,False
0,10451,339,11.4350794625,11.4937,False
0,10452,339,11.4252945127,11.4937,False
0,10453,339,11.406624554,11.4937,False
0,10454,339,11.4383470892,11.4937,False
0,10455,339,11.3839244948,11.4937,False
0,10456,339,11.439751431,11.4937,False
0,10457,339,11.4170798192,11.4937,False
0,10458,339,11.4377344685,11.4937,False
0,10459,339,11.4216410542,11.4937,False
0,10460,339,11.4569074775,11.4937,False
0,10461,339,11.4042567225,11.4937,False
0,10462,339,11.4401682878,11.4937,False
0,10463,339,11.4307973637,11.4937,False
0,10464,339,11.4365221041,11.4937,False
0,10465,339,11.4465096215,11.4937,False
0,10466,339,11.4499391014,11.4937,False
0,10467,339,11.360947534,11.4937,False
0,10468,339,11.4455340698,11.4937,False
0,10469,339,11.4557194796,11.4937,False
0,10470,339,11.3956895948,11.4937,False
0,10471,339,11.4140423169,11.4937,False
0,10472,339,11.4545954942,11.4937,False
0,10473,339,11.4727583347,11.4937,False
0,10474,339,11.4715646486,11.4937,False
0,10475,339,11.4067454096,11.4937,False
0,10476,339,11.4578190433,11.4937,False
0,10477,339,11.4260502592,11.4937,False
0,10478,339,11.4087356126,11.4937,False
0,10479,339,11.483080963,11.4937,False
0,10480,339,11.3950150184,11.4937,False
0,10481,339,11.4528807147,11.4937,False
0,10482,339,11.40618492,11.4937,False
0,10483,339,11.4381595469,11.4937,False
0,10484,339,11.4713810833,11.4937,False
0,10485,339,11.4630090401,11.4937,False
0,10486,339,11.3851706143,11.4937,False
0,10487,339,11.4528108799,11.4937,False
0,10488,339,11.4229217895,11.4937,False
0,10489,339,11.3910348378,11.4937,False
0,10490,339,11.4042317707,11.4937,False
0,10491,339,11.4469587297,11.4937,False
0,10492,339,11.4228998392,11.4937,False
0,10493,339,11.4410417295,11.4937,False
0,10494,339,11.4328022801,11.4937,False
0,10495,339,11.4290027984,11.4937,False
0,10496,339,11.4076986844,11.4937,False
0,10497,339,11.4110133051,11.4937,False
0,10498,339,11.4339396107,11.4937,False
0,10499,339,11.4127640765,11.4937,False
0,10500,339,11.4069421568,11.4937,False
0,10501,339,11.4447259029,11.4937,False
0,10502,339,11.4281925272,11.4937,False
0,10503,339,11.3854712764,11.4937,False
0,10504,339,11.4143242781,11.4937,False
0,10505,339,11.4042655658,11.4937,False
0,10506,339,11.3845970038,11.4937,False
0,10507,339,11.3975779414,11.4937,False
0,10508,339,11.4147768339,11.4937,False
0,10509,339,11.4128299122,11.4937,False
0,10510,339,11.4363414358,11.4937,False
0,10511,339,11.4428138708,11.4937,False
0,10512,339,11.4286244173,11.4937,False
0,10513,339,11.3545028302,11.4937,False
0,10514,339,11.3813488495,11.4937,False
0,10515,339,11.3770136593,11.4937,False
0,10516,339,11.4512053131,11.4937,False
0,10517,339,11.3888204117,11.4937,False
0,10518,339,11.4400806093,11.4937,False
0,10519,339,11.4201003651,11.4937,False
0,10520,339,11.4059209353,11.4937,False
0,10521,339,11.4330027459,11.4937,False
0,10522,339,11.4577994918,11.4937,False
0,10523,339,11.415181006,11.4937,False
0,10524,339,11.4024085977,11.4937,False
0,10525,339,11.4309526339,11.4937,False
0,10526,339,11.413150657,11.4937,False
0,10527,339,11.4357462619,11.4937,False
0,10528,339,11.4237204833,11.4937,False
0,10529,339,11.4651599881,11.4937,False
0,10530,339,11.3913712745,11.4937,False
0,10531,339,11.4322275634,11.4937,False
0,10532,339,11.4436440406,11.4937,False
0,10533,339,11.4453838924,11.4937,False
0,10534,339,11.4235095827,11.4937,False
0,10535,339,11.4167307329,11.4937,False
0,10536,339,11.3916916581,11.4937,False
0,10537,339,11.43765749,11.4937,False
0,10538,339,11.4101278159,11.4937,False
0,10539,339,11.4107056755,11.4937,False
0,10540,339,11.471120956,11.4937,False
0,10541,339,11.4439233324,11.4937,False
0,10542,339,11.3899314244,11.4937,False
0,10543,339,11.4319421368,11.4937,False
0,10544,339,11.4419958082,11.4937,False
0,10545,339,11.4270324472,11.4937,False
0,10546,339,11.4288974052,11.4937,False
0,10547,339,11.4570350891,11.4937,False
0,10548,339,11.4136295107,11.4937,False
0,10549,339,11.4012895027,11.4937,False
0,10550,339,11.4463529589,11.4937,False
0,10551,339,11.431193393,11.4937,False
0,10552,339,11.4003605709,11.4937,False
0,10553,339,11.4204468282,11.4937,False
0,10554,339,11.4231775071,11.4937,False
0,10555,339,11.4005577445,11.4937,False
0,10556,339,11.4192029877,11.4937,False
0,10557,339,11.416518822,11.4937,False
0,10558,339,11.4105912498,11.4937,False
0,10559,339,11.3797695867,11.4937,False
0,10560,339,11.4352235742,11.4937,False
0,10561,339,11.4313614456,11.4937,False
0,10562,339,11.4351829058,11.4937,False
0,10563,339,11.4570397464,11.4937,False
0,10564,339,11.3754864673,11.4937,False
0,10565,339,11.4497350668,11.4937,False
0,10566,339,11.4333185233,11.4937,False
0,10567,339,11.4501771017,11.4937,False
0,10568,339,11.4559862989,11.4937,False
0,10569,339,11.447170522,11.4937,False
0,10570,339,11.4265792187,11.4937,False
0,10571,339,11.4207488271,11.4937,False
0,10572,339,11.4187078737,11.4937,False
0,10573,339,11.4196530353,11.4937,False
0,10574,339,11.4028696652,11.4937,False
0,10575,339,11.4265888673,11.4937,False
0,10576,339,11.4205995065,11.4937,False
0,10577,339,11.4115469237,11.4937,False
0,10578,339,11.3459049439,11.4937,False
0,10579,339,11.430971827,11.4937,False
0,10580,339,11.4017604358,11.4937,False
0,10581,339,11.3891887577,11.4937,False
0,10582,339,11.4330335516,11.4937,False
0,10583,339,11.4228287908,11.4937,False
0,10584,339,11.4265695549,11.4937,False
0,10585,339,11.4219824477,11.4937,False
0,10586,339,11.405007333,11.4937,False
0,10587,339,11.456425119,11.4937,False
0,10588,339,11.4197638633,11.4937,False
0,10589,339,11.407159985,11.4937,False
0,10590,339,11.4305221619,11.4937,False
0,10591,339,11.4221681789,11.4937,False
0,10592,339,11.4399444204,11.4937,False
0,10593,339,11.3819945744,11.4937,False
0,10594,339,11.45302959,11.4937,False
0,10595,339,11.3757229418,11.4937,False
0,10596,339,11.4011837859,11.4937,False
0,10597,339,11.3720067335,11.4937,False
0,10598,339,11.4157000282,11.4937,False
0,10599,339,11.4298252145,11.4937,False
0,10600,339,11.4030952394,11.4937,False
0,10601,339,11.4297286918,11.4937,False
0,10602,339,11.4278011611,11.4937,False
0,10603,339,11.4333653274,11.4937,False
0,10604,339,11.4366609932,11.4937,False
0,10605,339,11.4192090362,11.4937,False
0,10606,339,11.4250237917,11.4937,False
0,10607,339,11.4200900222,11.4937,False
0,10608,339,11.3664736498,11.4937,False
0,10609,339,11.4167819851,11.4937,False
0,10610,339,11.4268025845,11.4937,False
0,10611,339,11.478174529,11.4937,False
0,10612,339,11.423795128,11.4937,False
0,10613,339,11.4411899127,11.4937,False
0,10614,339,11.3989106274,11.4937,False
0,10615,339,11.4346487594,11.4937,False
0,10616,339,11.4134906697,11.4937,False
0,10617,339,11.4474098134,11.4937,False
0,10618,339,11.4203001112,11.4937,False
0,10619,339,11.4053715451,11.4937,False
0,10620,339,11.4093129496,11.4937,False
0,10621,339,11.3915147656,11.4937,False
0,10622,339,11.4173693127,11.4937,False
0,10623,339,11.3978789562,11.4937,False
0,10624,339,11.429564305,11.4937,False
0,10625,339,11.4042381051,11.4937,False
0,10626,339,11.433847871,11.4937,False
0,10627,339,11.4273453264,11.4937,False
0,10628,339,11.3887402338,11.4937,False
0,10629,339,11.4441536946,11.4937,False
0,10630,339,11.4167758546,11.4937,False
0,10631,339,11.4486646778,11.4937,False
0,10632,339,11.4101767655,11.4937,False
0,10633,339,11.4606265918,11.4937,False
0,10634,339,11.4270591081,11.4937,False
0,10635,339,11.4386561159,11.4937,False
0,10636,339,11.4078189054,11.4937,False
0,10637,339,11.4508500228,11.4937,False
0,10638,339,11.4447339161,11.4937,False
0,10639,339,11.4345275406,11.4937,False
0,10640,339,11.3768730478,11.4937,False
0,10641,339,11.3948261805,11.4937,False
0,10642,339,11.447744648,11.4937,False
0,10643,339,11.4627223882,11.4937,False
0,10644,339,11.4517983766,11.4937,False
0,10645,339,11.4264842502,11.4937,False
0,10646,339,11.4162256274,11.4937,False
0,10647,339,11.412564495,11.4937,False
0,10648,339,11.4256615533,11.4937,False
0,10649,339,11.3895266525,11.4937,False
0,10650,339,11.4216816869,11.4937,False
0,10651,339,11.3868868586,11.4937,False
0,10652,339,11.424750413,11.4937,False
0,10653,339,11.4505481407,11.4937,False
0,10654,339,11.4047770131,11.4937,False
0,10655,339,11.446990385,11.4937,False
0,10656,339,11.4351154239,11.4937,False
0,10657,339,11.418391734,11.4937,False
0,10658,339,11.426573613,11.4937,False
0,10659,339,11.4119756587,11.4937,False
0,10660,339,11.4064779592,11.4937,False
0,10661,339,11.4108931821,11.4937,False
0,10662,339,11.4083533531,11.4937,False
0,10663,339,11.4535051132,11.4937,False
0,10664,339,11.4335474425,11.4937,False
0,10665,339,11.4421340871,11.4937,False
0,10666,339,11.4054070108,11.4937,False
0,10667,339,11.4282464958,11.4937,False
0,10668,339,11.4176287345,11.4937,False
0,10669,339,11.4249528365,11.4937,False
0,10670,339,11.4512062541,11.4937,False
0,10671,339,11.4031524819,11.4937,False
0,10672,339,11.4700528156,11.4937,False
0,10673,339,11.4315186006,11.4937,False
0,10674,339,11.415959177,11.4937,False
0,10675,339,11.3911779042,11.4937,False
0,10676,339,11.4533162427,11.4937,False
0,10677,339,11.4448515264,11.4937,False
0,10678,339,11.4513856928,11.4937,False
0,10679,339,11.4095525307,11.4937,False
0,10680,340,11.4720231431,11.5270333333,False
0,10681,340,11.4564261532,11.5270333333,False
0,10682,340,11.4649037981,11.5270333333,False
0,10683,340,11.4562333352,11.5270333333,False
0,10684,340,11.5072649871,11.5270333333,False
0,10685,340,11.4880747271,11.5270333333,False
0,10686,340,11.4707796718,11.5270333333,False
0,10687,340,11.4988589218,11.5270333333,False
0,10688,340,11.4705130817,11.5270333333,False
0,10689,340,11.4970030418,11.5270333333,False
0,10690,341,11.5168672058,11.5603666667,False
0,10691,341,11.4865401097,11.5603666667,False
0,10692,341,11.4867173384,11.5603666667,False
0,10693,341,11.4672620481,11.5603666667,False
0,10694,341,11.5283693016,11.5603666667,False
0,10695,341,11.5085059824,11.5603666667,False
0,10696,342,11.5219798369,11.5937,False
0,10697,342,11.5562146094,11.5937,False
0,10698,342,11.5119727922,11.5937,False
0,10699,342,11.4955931834,11.5937,False
0,10700,342,11.5897963564,11.5937,False
0,10701,343,11.5590221074,11.6270333333,False
0,10702,343,11.5659139233,11.6270333333,False
0,10703,343,11.5739384334,11.6270333333,False
0,10704,343,11.549812248,11.6270333333,False
0,10705,343,11.5879956256,11.6270333333,False
0,10706,343,11.6037072346,11.6270333333,False
0,10707,344,11.5453353144,11.6603666667,False
0,10708,344,11.6001065288,11.6603666667,False
0,10709,344,11.5866306346,11.6603666667,False
0,10710,344,11.635227645,11.6603666667,False
0,10711,344,11.6188664987,11.6603666667,False
0,10712,344,11.6223160311,11.6603666667,False
0,10713,344,11.5901809998,11.6603666667,False
0,10714,344,11.5860844633,11.6603666667,False
0,10715,344,11.5880798674,11.6603666667,False
0,10716,344,11.5802478051,11.6603666667,False
0,10717,344,11.6136833273,11.6603666667,False
0,10718,344,11.5977078643,11.6603666667,False
0,10719,344,11.6338071837,11.6603666667,False
0,10720,344,11.600371826,11.6603666667,False
0,10721,344,11.6240103496,11.6603666667,False
0,10722,344,11.5867161746,11.6603666667,False
0,10723,344,11.5372652733,11.6603666667,False
0,10724,344,11.6001201507,11.6603666667,False
0,10725,344,11.5468512888,11.6603666667,False
0,10726,344,11.5396401865,11.6603666667,False
0,10727,344,11.5263604793,11.6603666667,False
0,10728,344,11.6255807563,11.6603666667,False
0,10729,344,11.5726037353,11.6603666667,False
0,10730,344,11.595868642,11.6603666667,False
0,10731,344,11.5728778552,11.6603666667,False
0,10732,344,11.5697000525,11.6603666667,False
0,10733,344,11.5941730046,11.6603666667,False
0,10734,344,11.5965715519,11.6603666667,False
0,10735,344,11.6449598956,11.6603666667,False
0,10736,344,11.5828630404,11.6603666667,False
0,10737,344,11.6271666578,11.6603666667,False
0,10738,344,11.6010542103,11.6603666667,False
0,10739,344,11.6432314566,11.6603666667,False
0,10740,344,11.5696941765,11.6603666667,False
0,10741,344,11.5663815659,11.6603666667,False
0,10742,344,11.5763646743,11.6603666667,False
0,10743,344,11.6172183924,11.6603666667,False
0,10744,344,11.5705758099,11.6603666667,False
0,10745,344,11.5721375752,11.6603666667,False
0,10746,344,11.6143739081,11.6603666667,False
0,10747,344,11.6476414751,11.6603666667,False
0,10748,344,11.5420876662,11.6603666667,False
0,10749,344,11.5842633686,11.6603666667,False
0,10750,344,11.5962677591,11.6603666667,False
0,10751,344,11.6039284624,11.6603666667,False
0,10752,344,11.5932450593,11.6603666667,False
0,10753,344,11.5991096713,11.6603666667,False
0,10754,344,11.5794334524,11.6603666667,False
0,10755,344,11.5942408046,11.6603666667,False
0,10756,344,11.5748506742,11.6603666667,False
0,10757,344,11.6119924906,11.6603666667,False
0,10758,344,11.5977816163,11.6603666667,False
0,10759,344,11.6092157706,11.6603666667,False
0,10760,344,11.5924678492,11.6603666667,False
0,10761,344,11.5918324777,11.6603666667,False
0,10762,344,11.576037471,11.6603666667,False
0,10763,344,11.5693811756,11.6603666667,False
0,10764,344,11.5776626125,11.6603666667,False
0,10765,344,11.6096103474,11.6603666667,False
0,10766,344,11.5798735022,11.6603666667,False
0,10767,344,11.6559797009,11.6603666667,False
0,10768,344,11.6344961165,11.6603666667,False
0,10769,344,11.5873287945,11.6603666667,False
0,10770,344,11.5639032375,11.6603666667,False
0,10771,344,11.5679801138,11.6603666667,False
0,10772,344,11.5659153315,11.6603666667,False
0,10773,344,11.6111034263,11.6603666667,False
0,10774,344,11.6007361134,11.6603666667,False
0,10775,344,11.600949015,11.6603666667,False
0,10776,344,11.6170768918,11.6603666667,False
0,10777,344,11.5977349759,11.6603666667,False
0,10778,344,11.5913245678,11.6603666667,False
0,10779,344,11.5627538294,11.6603666667,False
0,10780,344,11.6029392331,11.6603666667,False
0,10781,344,11.5726841198,11.6603666667,False
0,10782,344,11.5920994564,11.6603666667,False
0,10783,344,11.5661150486,11.6603666667,False
0,10784,344,11.5641083534,11.6603666667,False
0,10785,344,11.6357582082,11.6603666667,False
0,10786,344,11.6226868388,11.6603666667,False
0,10787,344,11.591571864,11.6603666667,False
0,10788,344,11.5923397247,11.6603666667,False
0,10789,344,11.5737737134,11.6603666667,False
0,10790,344,11.5780471168,11.6603666667,False
0,10791,344,11.6139042322,11.6603666667,False
0,10792,344,11.6113670824,11.6603666667,False
0,10793,344,11.5973145804,11.6603666667,False
0,10794,344,11.595965655,11.6603666667,False
0,10795,344,11.5724392603,11.6603666667,False
0,10796,344,11.5973269369,11.6603666667,False
0,10797,344,11.5647492226,11.6603666667,False
0,10798,344,11.5572151126,11.6603666667,False
0,10799,344,11.5814478454,11.6603666667,False
0,10800,344,11.6125360614,11.6603666667,False
0,10801,344,11.5662446656,11.6603666667,False
0,10802,344,11.583676666,11.6603666667,False
0,10803,344,11.6006755505,11.6603666667,False
0,10804,344,11.5879371142,11.6603666667,False
0,10805,344,11.608175548,11.6603666667,False
0,10806,344,11.5904690543,11.6603666667,False
0,10807,344,11.5877292747,11.6603666667,False
0,10808,344,11.5670986261,11.6603666667,False
0,10809,344,11.6308462243,11.6603666667,False
0,10810,344,11.5963421816,11.6603666667,False
0,10811,344,11.5508976547,11.6603666667,False
0,10812,344,11.6180088253,11.6603666667,False
0,10813,344,11.5340397188,11.6603666667,False
0,10814,344,11.6239319742,11.6603666667,False
0,10815,344,11.5886927245,11.6603666667,False
0,10816,344,11.5780259854,11.6603666667,False
0,10817,344,11.5763544521,11.6603666667,False
0,10818,344,11.5697916163,11.6603666667,False
0,10819,344,11.549138562,11.6603666667,False
0,10820,344,11.6161792915,11.6603666667,False
0,10821,344,11.6039578356,11.6603666667,False
0,10822,344,11.5611872524,11.6603666667,False
0,10823,344,11.6259939741,11.6603666667,False
0,10824,344,11.6242593599,11.6603666667,False
0,10825,344,11.5967762951,11.6603666667,False
0,10826,344,11.5888141859,11.6603666667,False
0,10827,344,11.5858904149,11.6603666667,False
0,10828,344,11.6616013623,11.6603666667,True
0,10829,344,11.5697009426,11.6603666667,False
0,10830,344,11.5926654471,11.6603666667,False
0,10831,344,11.6021686272,11.6603666667,False
0,10832,344,11.6042569719,11.6603666667,False
0,10833,344,11.5533528272,11.6603666667,False
0,10834,344,11.5615116836,11.6603666667,False
0,10835,344,11.5898286683,11.6603666667,False
0,10836,344,11.5514492662,11.6603666667,False
0,10837,344,11.5951659243,11.6603666667,False
0,10838,344,11.5653433831,11.6603666667,False
0,10839,344,11.6113992926,11.6603666667,False
0,10840,344,11.5730164398,11.6603666667,False
0,10841,344,11.6006234965,11.6603666667,False
0,10842,344,11.5577266503,11.6603666667,False
0,10843,344,11.5820862363,11.6603666667,False
0,10844,344,11.5913820017,11.6603666667,False
0,10845,344,11.6181577534,11.6603666667,False
0,10846,344,11.6167154388,11.6603666667,False
0,10847,344,11.6315166485,11.6603666667,False
0,10848,344,11.6429887144,11.6603666667,False
0,10849,344,11.6209632693,11.6603666667,False
0,10850,344,11.5883460035,11.6603666667,False
0,10851,344,11.5977002315,11.6603666667,False
0,10852,344,11.6021653384,11.6603666667,False
0,10853,344,11.5398734598,11.6603666667,False
0,10854,344,11.5797208591,11.6603666667,False
0,10855,344,11.5614945263,11.6603666667,False
0,10856,344,11.5867088356,11.6603666667,False
0,10857,344,11.5843442023,11.6603666667,False
0,10858,344,11.598665358,11.6603666667,False
0,10859,344,11.6293137529,11.6603666667,False
0,10860,344,11.5758933385,11.6603666667,False
0,10861,344,11.6054012019,11.6603666667,False
0,10862,344,11.5881953246,11.6603666667,False
0,10863,344,11.6109429064,11.6603666667,False
0,10864,344,11.6006460459,11.6603666667,False
0,10865,344,11.5761088305,11.6603666667,False
0,10866,344,11.5877112541,11.6603666667,False
0,10867,344,11.6076481644,11.6603666667,False
0,10868,344,11.6345896296,11.6603666667,False
0,10869,344,11.5832705213,11.6603666667,False
0,10870,344,11.5231049579,11.6603666667,False
0,10871,344,11.5829881471,11.6603666667,False
0,10872,344,11.6196859037,11.6603666667,False
0,10873,344,11.5855198336,11.6603666667,False
0,10874,344,11.6215304585,11.6603666667,False
0,10875,344,11.5805234482,11.6603666667,False
0,10876,344,11.5888446374,11.6603666667,False
0,10877,344,11.6165415084,11.6603666667,False
0,10878,344,11.5375707121,11.6603666667,False
0,10879,344,11.6034072667,11.6603666667,False
0,10880,344,11.5700160223,11.6603666667,False
0,10881,344,11.5529468565,11.6603666667,False
0,10882,344,11.6209895137,11.6603666667,False
0,10883,344,11.594663224,11.6603666667,False
0,10884,344,11.5963022928,11.6603666667,False
0,10885,344,11.5871674422,11.6603666667,False
0,10886,344,11.5857461941,11.6603666667,False
0,10887,344,11.5548197624,11.6603666667,False
0,10888,344,11.583905653,11.6603666667,False
0,10889,344,11.5692902511,11.6603666667,False
0,10890,344,11.604139409,11.6603666667,False
0,10891,344,11.6269857231,11.6603666667,False
0,10892,344,11.5886261713,11.6603666667,False
0,10893,344,11.6124721817,11.6603666667,False
0,10894,344,11.6199616219,11.6603666667,False
0,10895,344,11.6041770041,11.6603666667,False
0,10896,344,11.6005842901,11.6603666667,False
0,10897,344,11.5911514425,11.6603666667,False
0,10898,344,11.6420437066,11.6603666667,False
0,10899,344,11.6229163131,11.6603666667,False
0,10900,344,11.5604884117,11.6603666667,False
0,10901,344,11.5724936992,11.6603666667,False
0,10902,344,11.6191228255,11.6603666667,False
0,10903,344,11.5938095322,11.6603666667,False
0,10904,344,11.5583986742,11.6603666667,False
0,10905,344,11.5686539095,11.6603666667,False
0,10906,344,11.5400240817,11.6603666667,False
0,10907,344,11.6215908463,11.6603666667,False
0,10908,344,11.5976562683,11.6603666667,False
0,10909,344,11.5953668621,11.6603666667,False
0,10910,344,11.5743402871,11.6603666667,False
0,10911,344,11.6352804347,11.6603666667,False
0,10912,344,11.5457798301,11.6603666667,False
0,10913,344,11.6127129773,11.6603666667,False
0,10914,344,11.5439685324,11.6603666667,False
0,10915,344,11.5739967523,11.6603666667,False
0,10916,344,11.6365045787,11.6603666667,False
0,10917,344,11.5532364218,11.6603666667,False
0,10918,344,11.6316364911,11.6603666667,False
0,10919,344,11.5640058447,11.6603666667,False
0,10920,344,11.5793403106,11.6603666667,False
0,10921,344,11.5305879939,11.6603666667,False
0,10922,344,11.5445091552,11.6603666667,False
0,10923,344,11.5636511475,11.6603666667,False
0,10924,344,11.62988516,11.6603666667,False
0,10925,344,11.575333879,11.6603666667,False
0,10926,344,11.5690054575,11.6603666667,False
0,10927,344,11.6267084673,11.6603666667,False
0,10928,344,11.6136934821,11.6603666667,False
0,10929,344,11.5777096482,11.6603666667,False
0,10930,344,11.5867020446,11.6603666667,False
0,10931,344,11.5913947723,11.6603666667,False
0,10932,344,11.6453968604,11.6603666667,False
0,10933,344,11.6413726721,11.6603666667,False
0,10934,344,11.6129724029,11.6603666667,False
0,10935,344,11.6128567498,11.6603666667,False
0,10936,344,11.5753522059,11.6603666667,False
0,10937,344,11.6044632198,11.6603666667,False
0,10938,344,11.5797170089,11.6603666667,False
0,10939,344,11.6160851907,11.6603666667,False
0,10940,344,11.6013054461,11.6603666667,False
0,10941,344,11.6195026253,11.6603666667,False
0,10942,344,11.6076637717,11.6603666667,False
0,10943,344,11.6219585061,11.6603666667,False
0,10944,344,11.5819066214,11.6603666667,False
0,10945,344,11.5681965897,11.6603666667,False
0,10946,344,11.5654342081,11.6603666667,False
0,10947,344,11.5665550364,11.6603666667,False
0,10948,344,11.5704279137,11.6603666667,False
0,10949,344,11.5803350908,11.6603666667,False
0,10950,344,11.559627098,11.6603666667,False
0,10951,344,11.5863707875,11.6603666667,False
0,10952,344,11.6003242416,11.6603666667,False
0,10953,344,11.6018068119,11.6603666667,False
0,10954,344,11.5594025346,11.6603666667,False
0,10955,344,11.5784945585,11.6603666667,False
0,10956,344,11.5861890153,11.6603666667,False
0,10957,344,11.5783054726,11.6603666667,False
0,10958,344,11.6006385788,11.6603666667,False
0,10959,344,11.5339704638,11.6603666667,False
0,10960,344,11.6011285931,11.6603666667,False
0,10961,344,11.6656758486,11.6603666667,True
0,10962,344,11.6100772075,11.6603666667,False
0,10963,344,11.5996147421,11.6603666667,False
0,10964,344,11.6359650051,11.6603666667,False
0,10965,344,11.6372148182,11.6603666667,False
0,10966,344,11.5588579744,11.6603666667,False
0,10967,344,11.5952592375,11.6603666667,False
0,10968,344,11.616095941,11.6603666667,False
0,10969,344,11.5870330557,11.6603666667,False
0,10970,344,11.589908912,11.6603666667,False
0,10971,344,11.5615056352,11.6603666667,False
0,10972,344,11.6043270004,11.6603666667,False
0,10973,344,11.6264113551,11.6603666667,False
0,10974,344,11.6193929607,11.6603666667,False
0,10975,344,11.5429517896,11.6603666667,False
0,10976,344,11.6125539939,11.6603666667,False
0,10977,344,11.5969479597,11.6603666667,False
0,10978,344,11.5859959533,11.6603666667,False
0,10979,344,11.5991301363,11.6603666667,False
0,10980,344,11.5685118237,11.6603666667,False
0,10981,344,11.5730159428,11.6603666667,False
0,10982,344,11.5709102836,11.6603666667,False
0,10983,344,11.6033299559,11.6603666667,False
0,10984,344,11.5968930548,11.6603666667,False
0,10985,344,11.5829987524,11.6603666667,False
0,10986,344,11.5767326264,11.6603666667,False
0,10987,344,11.5643314205,11.6603666667,False
0,10988,344,11.5818855342,11.6603666667,False
0,10989,344,11.5829456255,11.6603666667,False
0,10990,344,11.6079810278,11.6603666667,False
0,10991,344,11.5982329241,11.6603666667,False
0,10992,344,11.5557519483,11.6603666667,False
0,10993,344,11.5506275055,11.6603666667,False
0,10994,344,11.6671017454,11.6603666667,True
0,10995,344,11.6142423078,11.6603666667,False
0,10996,344,11.6143854225,11.6603666667,False
0,10997,344,11.5997663855,11.6603666667,False
0,10998,344,11.6210541309,11.6603666667,False
0,10999,344,11.6507942151,11.6603666667,False
0,11000,344,11.5387002771,11.6603666667,False
0,11001,344,11.6049375605,11.6603666667,False
0,11002,344,11.5731417935,11.6603666667,False
0,11003,344,11.6581118072,11.6603666667,False
0,11004,344,11.5937379147,11.6603666667,False
0,11005,344,11.5976979849,11.6603666667,False
0,11006,344,11.6163062381,11.6603666667,False
0,11007,344,11.6099460094,11.6603666667,False
0,11008,344,11.5625620689,11.6603666667,False
0,11009,344,11.5918194433,11.6603666667,False
0,11010,344,11.5966512277,11.6603666667,False
0,11011,344,11.5900181626,11.6603666667,False
0,11012,344,11.6141471701,11.6603666667,False
0,11013,344,11.5596972721,11.6603666667,False
0,11014,344,11.607121653,11.6603666667,False
0,11015,344,11.6026194799,11.6603666667,False
0,11016,344,11.5580090483,11.6603666667,False
0,11017,345,11.6212815767,11.6937,False
0,11018,345,11.6577722145,11.6937,False
0,11019,345,11.6612995482,11.6937,False
0,11020,345,11.6309975459,11.6937,False
0,11021,345,11.6058901187,11.6937,False
0,11022,345,11.6415673314,11.6937,False
0,11023,345,11.6287429631,11.6937,False
0,11024,345,11.6059309743,11.6937,False
0,11025,345,11.6199938621,11.6937,False
0,11026,345,11.6685264748,11.6937,False
0,11027,345,11.6270769627,11.6937,False
0,11028,345,11.6618341662,11.6937,False
0,11029,346,11.615191644,11.7270333333,False
0,11030,346,11.6698299875,11.7270333333,False
0,11031,346,11.6291570857,11.7270333333,False
0,11032,346,11.6938515658,11.7270333333,False
0,11033,346,11.6699774352,11.7270333333,False
0,11034,347,11.6556806727,11.7603666667,False
0,11035,347,11.6728749805,11.7603666667,False
0,11036,347,11.7069751383,11.7603666667,False
0,11037,347,11.691365264,11.7603666667,False
0,11038,348,11.7795588417,11.7937,False
0,11039,348,11.7455827796,11.7937,False
0,11040,348,11.7259730529,11.7937,False
0,11041,348,11.7349355405,11.7937,False
0,11042,348,11.7559690036,11.7937,False
0,11043,349,11.7737237265,11.8270333333,False
0,11044,349,11.7762091007,11.8270333333,False
0,11045,349,11.7526472556,11.8270333333,False
0,11046,349,11.7522385283,11.8270333333,False
0,11047,349,11.736728502,11.8270333333,False
0,11048,349,11.7654812588,11.8270333333,False
0,11049,349,11.7669906994,11.8270333333,False
0,11050,349,11.7680046971,11.8270333333,False
0,11051,349,11.7896884956,11.8270333333,False
0,11052,349,11.7453172002,11.8270333333,False
0,11053,349,11.7641737377,11.8270333333,False
0,11054,349,11.7486074691,11.8270333333,False
0,11055,349,11.7423436158,11.8270333333,False
0,11056,349,11.7492804801,11.8270333333,False
0,11057,349,11.7722193891,11.8270333333,False
0,11058,349,11.7797210297,11.8270333333,False
0,11059,349,11.807379596,11.8270333333,False
0,11060,349,11.7162500657,11.8270333333,False
0,11061,349,11.7291642407,11.8270333333,False
0,11062,349,11.7587720306,11.8270333333,False
0,11063,349,11.7571095007,11.8270333333,False
0,11064,349,11.7216632387,11.8270333333,False
0,11065,349,11.7921650956,11.8270333333,False
0,11066,349,11.7776250579,11.8270333333,False
0,11067,349,11.7383169379,11.8270333333,False
0,11068,349,11.7697347612,11.8270333333,False
0,11069,349,11.7657574076,11.8270333333,False
0,11070,349,11.7553683736,11.8270333333,False
0,11071,349,11.7488676778,11.8270333333,False
0,11072,349,11.7454050343,11.8270333333,False
0,11073,349,11.7268017249,11.8270333333,False
0,11074,349,11.7855468248,11.8270333333,False
0,11075,349,11.7943604161,11.8270333333,False
0,11076,349,11.7159033828,11.8270333333,False
0,11077,349,11.721447785,11.8270333333,False
0,11078,349,11.7319848153,11.8270333333,False
0,11079,349,11.76898528,11.8270333333,False
0,11080,349,11.7820020397,11.8270333333,False
0,11081,349,11.7224176858,11.8270333333,False
0,11082,349,11.7541012459,11.8270333333,False
0,11083,349,11.7725344067,11.8270333333,False
0,11084,349,11.7872088145,11.8270333333,False
0,11085,349,11.7828210778,11.8270333333,False
0,11086,349,11.7539654386,11.8270333333,False
0,11087,349,11.7700611112,11.8270333333,False
0,11088,349,11.8046064159,11.8270333333,False
0,11089,349,11.7422268821,11.8270333333,False
0,11090,349,11.7505811775,11.8270333333,False
0,11091,349,11.7696944592,11.8270333333,False
0,11092,349,11.7446637889,11.8270333333,False
0,11093,349,11.7685566359,11.8270333333,False
0,11094,349,11.7392461831,11.8270333333,False
0,11095,349,11.7637094964,11.8270333333,False
0,11096,349,11.7661728674,11.8270333333,False
0,11097,349,11.8168389699,11.8270333333,False
0,11098,349,11.7482878198,11.8270333333,False
0,11099,349,11.7116430553,11.8270333333,False
0,11100,349,11.7851416448,11.8270333333,False
0,11101,349,11.7659740015,11.8270333333,False
0,11102,349,11.7230802182,11.8270333333,False
0,11103,349,11.7485458627,11.8270333333,False
0,11104,349,11.7577606,11.8270333333,False
0,11105,349,11.803898492,11.8270333333,False
0,11106,349,11.7517418709,11.8270333333,False
0,11107,349,11.7430552606,11.8270333333,False
0,11108,349,11.7800467473,11.8270333333,False
0,11109,349,11.7937427083,11.8270333333,False
0,11110,349,11.7973135245,11.8270333333,False
0,11111,349,11.7347518679,11.8270333333,False
0,11112,349,11.7654307203,11.8270333333,False
0,11113,349,11.7252705333,11.8270333333,False
0,11114,349,11.7143164302,11.8270333333,False
0,11115,349,11.7680480837,11.8270333333,False
0,11116,349,11.7951742005,11.8270333333,False
0,11117,349,11.7617259192,11.8270333333,False
0,11118,349,11.7285713263,11.8270333333,False
0,11119,349,11.7272475769,11.8270333333,False
0,11120,349,11.7700917375,11.8270333333,False
0,11121,349,11.7187198208,11.8270333333,False
0,11122,349,11.7960931602,11.8270333333,False
0,11123,349,11.7763524714,11.8270333333,False
0,11124,349,11.7378973289,11.8270333333,False
0,11125,349,11.7749290149,11.8270333333,False
0,11126,349,11.7814286359,11.8270333333,False
0,11127,349,11.7709924123,11.8270333333,False
0,11128,349,11.7227022477,11.8270333333,False
0,11129,349,11.7208301367,11.8270333333,False
0,11130,349,11.7693720272,11.8270333333,False
0,11131,349,11.722950211,11.8270333333,False
0,11132,349,11.7247292382,11.8270333333,False
0,11133,349,11.7633974432,11.8270333333,False
0,11134,349,11.7505119508,11.8270333333,False
0,11135,349,11.7917726292,11.8270333333,False
0,11136,349,11.7475290043,11.8270333333,False
0,11137,349,11.7696615526,11.8270333333,False
0,11138,349,11.7584469544,11.8270333333,False
0,11139,349,11.7726869378,11.8270333333,False
0,11140,349,11.763449351,11.8270333333,False
0,11141,349,11.7548716284,11.8270333333,False
0,11142,349,11.7444242884,11.8270333333,False
0,11143,349,11.758638571,11.8270333333,False
0,11144,349,11.774613088,11.8270333333,False
0,11145,349,11.7339567694,11.8270333333,False
0,11146,349,11.7908377043,11.8270333333,False
0,11147,349,11.7693048068,11.8270333333,False
0,11148,349,11.8105640111,11.8270333333,False
0,11149,349,11.7952997434,11.8270333333,False
0,11150,349,11.7980739995,11.8270333333,False
0,11151,349,11.756505184,11.8270333333,False
0,11152,349,11.6931298846,11.8270333333,False
0,11153,349,11.7442664834,11.8270333333,False
0,11154,349,11.7626342681,11.8270333333,False
0,11155,349,11.7563210447,11.8270333333,False
0,11156,349,11.7306709322,11.8270333333,False
0,11157,349,11.7413209963,11.8270333333,False
0,11158,349,11.7811939597,11.8270333333,False
0,11159,349,11.7610521282,11.8270333333,False
0,11160,349,11.7311976021,11.8270333333,False
0,11161,349,11.7406200289,11.8270333333,False
0,11162,349,11.7626447248,11.8270333333,False
0,11163,349,11.7555115486,11.8270333333,False
0,11164,349,11.7530026774,11.8270333333,False
0,11165,349,11.7565041902,11.8270333333,False
0,11166,349,11.7709815436,11.8270333333,False
0,11167,349,11.7179335729,11.8270333333,False
0,11168,349,11.7498666285,11.8270333333,False
0,11169,349,11.7431435521,11.8270333333,False
0,11170,349,11.7068056086,11.8270333333,False
0,11171,349,11.719263309,11.8270333333,False
0,11172,349,11.789770219,11.8270333333,False
0,11173,349,11.7701307721,11.8270333333,False
0,11174,349,11.8010509723,11.8270333333,False
0,11175,349,11.7463869937,11.8270333333,False
0,11176,349,11.7373286082,11.8270333333,False
0,11177,349,11.7683967904,11.8270333333,False
0,11178,349,11.7828899046,11.8270333333,False
0,11179,349,11.7680887401,11.8270333333,False
0,11180,349,11.8029845869,11.8270333333,False
0,11181,349,11.7587404776,11.8270333333,False
0,11182,349,11.7082123393,11.8270333333,False
0,11183,349,11.7982898366,11.8270333333,False
0,11184,349,11.7707492355,11.8270333333,False
0,11185,349,11.8097163025,11.8270333333,False
0,11186,349,11.7479881272,11.8270333333,False
0,11187,349,11.757554615,11.8270333333,False
0,11188,349,11.7134962395,11.8270333333,False
0,11189,349,11.7446871983,11.8270333333,False
0,11190,349,11.7451212486,11.8270333333,False
0,11191,349,11.7805677745,11.8270333333,False
0,11192,349,11.7102776836,11.8270333333,False
0,11193,349,11.7720662044,11.8270333333,False
0,11194,349,11.778021869,11.8270333333,False
0,11195,349,11.7689799712,11.8270333333,False
0,11196,349,11.7595939417,11.8270333333,False
0,11197,349,11.767794745,11.8270333333,False
0,11198,349,11.6934367193,11.8270333333,False
0,11199,349,11.7254319906,11.8270333333,False
0,11200,349,11.7686681698,11.8270333333,False
0,11201,349,11.7401504306,11.8270333333,False
0,11202,349,11.7433451176,11.8270333333,False
0,11203,349,11.790831797,11.8270333333,False
0,11204,349,11.7729091863,11.8270333333,False
0,11205,349,11.7299504121,11.8270333333,False
0,11206,349,11.7525156023,11.8270333333,False
0,11207,349,11.7410344257,11.8270333333,False
0,11208,349,11.7492426814,11.8270333333,False
0,11209,349,11.7755414092,11.8270333333,False
0,11210,349,11.787497791,11.8270333333,False
0,11211,349,11.7739471993,11.8270333333,False
0,11212,349,11.7462315214,11.8270333333,False
0,11213,349,11.7533640437,11.8270333333,False
0,11214,349,11.781130204,11.8270333333,False
0,11215,349,11.7218000741,11.8270333333,False
0,11216,349,11.7814959202,11.8270333333,False
0,11217,349,11.7893546852,11.8270333333,False
0,11218,349,11.8172929471,11.8270333333,False
0,11219,349,11.7547582221,11.8270333333,False
0,11220,349,11.7566815181,11.8270333333,False
0,11221,349,11.8129654521,11.8270333333,False
0,11222,349,11.722351672,11.8270333333,False
0,11223,349,11.7803708539,11.8270333333,False
0,11224,349,11.7378758906,11.8270333333,False
0,11225,349,11.7565725585,11.8270333333,False
0,11226,349,11.7718674163,11.8270333333,False
0,11227,349,11.7879060522,11.8270333333,False
0,11228,349,11.7447644716,11.8270333333,False
0,11229,349,11.774160484,11.8270333333,False
0,11230,349,11.7389646004,11.8270333333,False
0,11231,349,11.7273159038,11.8270333333,False
0,11232,349,11.7661735331,11.8270333333,False
0,11233,349,11.7561200412,11.8270333333,False
0,11234,349,11.7313907888,11.8270333333,False
0,11235,349,11.7667530304,11.8270333333,False
0,11236,349,11.7729891963,11.8270333333,False
0,11237,349,11.7272305266,11.8270333333,False
0,11238,349,11.72877232,11.8270333333,False
0,11239,349,11.7594231064,11.8270333333,False
0,11240,349,11.7838789444,11.8270333333,False
0,11241,349,11.7942265762,11.8270333333,False
0,11242,349,11.7428542354,11.8270333333,False
0,11243,349,11.7080598919,11.8270333333,False
0,11244,349,11.7834746517,11.8270333333,False
0,11245,349,11.7252564521,11.8270333333,False
0,11246,349,11.7328534332,11.8270333333,False
0,11247,349,11.7312163179,11.8270333333,False
0,11248,349,11.7449149012,11.8270333333,False
0,11249,349,11.7377861754,11.8270333333,False
0,11250,349,11.76793695,11.8270333333,False
0,11251,349,11.7551343059,11.8270333333,False
0,11252,349,11.7497307546,11.8270333333,False
0,11253,349,11.7327330716,11.8270333333,False
0,11254,349,11.7441683568,11.8270333333,False
0,11255,349,11.7470159711,11.8270333333,False
0,11256,349,11.7626208009,11.8270333333,False
0,11257,349,11.7907936006,11.8270333333,False
0,11258,349,11.6979544267,11.8270333333,False
0,11259,349,11.7777303318,11.8270333333,False
0,11260,349,11.7172865051,11.8270333333,False
0,11261,349,11.7364124789,11.8270333333,False
0,11262,349,11.7547102566,11.8270333333,False
0,11263,349,11.7639523661,11.8270333333,False
0,11264,349,11.7069059073,11.8270333333,False
0,11265,349,11.7890588042,11.8270333333,False
0,11266,349,11.7733718619,11.8270333333,False
0,11267,349,11.7296696469,11.8270333333,False
0,11268,349,11.7664319591,11.8270333333,False
0,11269,349,11.7649844816,11.8270333333,False
0,11270,349,11.7348873087,11.8270333333,False
0,11271,349,11.770937563,11.8270333333,False
0,11272,349,11.7372776163,11.8270333333,False
0,11273,349,11.7465003895,11.8270333333,False
0,11274,349,11.7513491083,11.8270333333,False
0,11275,349,11.7525219297,11.8270333333,False
0,11276,349,11.736977283,11.8270333333,False
0,11277,349,11.769950536,11.8270333333,False
0,11278,349,11.7394040501,11.8270333333,False
0,11279,349,11.7750779102,11.8270333333,False
0,11280,349,11.7464073073,11.8270333333,False
0,11281,349,11.8140927504,11.8270333333,False
0,11282,349,11.7771674394,11.8270333333,False
0,11283,349,11.7522490331,11.8270333333,False
0,11284,349,11.8125591418,11.8270333333,False
0,11285,349,11.7738129407,11.8270333333,False
0,11286,349,11.7766733285,11.8270333333,False
0,11287,349,11.750453534,11.8270333333,False
0,11288,349,11.707729437,11.8270333333,False
0,11289,349,11.7675834703,11.8270333333,False
0,11290,349,11.7634718675,11.8270333333,False
0,11291,349,11.7930194595,11.8270333333,False
0,11292,349,11.7209961047,11.8270333333,False
0,11293,349,11.7608057347,11.8270333333,False
0,11294,349,11.7582220764,11.8270333333,False
0,11295,349,11.7383558894,11.8270333333,False
0,11296,349,11.7669098847,11.8270333333,False
0,11297,349,11.7322566857,11.8270333333,False
0,11298,349,11.7664031968,11.8270333333,False
0,11299,349,11.7703681849,11.8270333333,False
0,11300,349,11.71385991,11.8270333333,False
0,11301,349,11.7633129436,11.8270333333,False
0,11302,349,11.7974241965,11.8270333333,False
0,11303,349,11.7601994481,11.8270333333,False
0,11304,349,11.7523622815,11.8270333333,False
0,11305,349,11.782228714,11.8270333333,False
0,11306,349,11.7447174129,11.8270333333,False
0,11307,349,11.745306905,11.8270333333,False
0,11308,349,11.7609086962,11.8270333333,False
0,11309,349,11.7683324884,11.8270333333,False
0,11310,349,11.7682487404,11.8270333333,False
0,11311,349,11.7472095123,11.8270333333,False
0,11312,349,11.7656553887,11.8270333333,False
0,11313,349,11.7545248566,11.8270333333,False
0,11314,349,11.7850711922,11.8270333333,False
0,11315,349,11.7383804138,11.8270333333,False
0,11316,349,11.7417060466,11.8270333333,False
0,11317,349,11.7286436557,11.8270333333,False
0,11318,349,11.7956693473,11.8270333333,False
0,11319,349,11.8443506562,11.8270333333,True
0,11320,349,11.7809825527,11.8270333333,False
0,11321,349,11.7225720488,11.8270333333,False
0,11322,349,11.7623930647,11.8270333333,False
0,11323,349,11.7570756625,11.8270333333,False
0,11324,349,11.7330781069,11.8270333333,False
0,11325,349,11.7260491706,11.8270333333,False
0,11326,349,11.7514209207,11.8270333333,False
0,11327,349,11.7512066017,11.8270333333,False
0,11328,349,11.7194934114,11.8270333333,False
0,11329,349,11.7578185742,11.8270333333,False
0,11330,349,11.7774036874,11.8270333333,False
0,11331,349,11.7155094081,11.8270333333,False
0,11332,349,11.7508552671,11.8270333333,False
0,11333,349,11.7178648056,11.8270333333,False
0,11334,349,11.7890348531,11.8270333333,False
0,11335,349,11.7814654617,11.8270333333,False
0,11336,349,11.7631254954,11.8270333333,False
0,11337,349,11.7635661892,11.8270333333,False
0,11338,349,11.7189964686,11.8270333333,False
0,11339,349,11.7558577569,11.8270333333,False
0,11340,349,11.7538026722,11.8270333333,False
0,11341,349,11.7706835064,11.8270333333,False
0,11342,349,11.708475265,11.8270333333,False
0,11343,349,11.7548730731,11.8270333333,False
0,11344,349,11.7807728534,11.8270333333,False
0,11345,349,11.7411619213,11.8270333333,False
0,11346,349,11.7698300637,11.8270333333,False
0,11347,349,11.7520752922,11.8270333333,False
0,11348,349,11.7686750759,11.8270333333,False
0,11349,349,11.7519673274,11.8270333333,False
0,11350,349,11.7788025158,11.8270333333,False
0,11351,349,11.79254684,11.8270333333,False
0,11352,349,11.7537722901,11.8270333333,False
0,11353,349,11.7673243533,11.8270333333,False
0,11354,349,11.7328407822,11.8270333333,False
0,11355,349,11.7506050138,11.8270333333,False
0,11356,349,11.7640936299,11.8270333333,False
0,11357,349,11.7767111473,11.8270333333,False
0,11358,349,11.7536464854,11.8270333333,False
0,11359,349,11.7774330273,11.8270333333,False
0,11360,350,11.8055539943,11.8603666667,False
0,11361,350,11.7916427407,11.8603666667,False
0,11362,350,11.785511816,11.8603666667,False
0,11363,350,11.8307427389,11.8603666667,False
0,11364,350,11.7559394631,11.8603666667,False
0,11365,350,11.803000487,11.8603666667,False
0,11366,350,11.8086646174,11.8603666667,False
0,11367,350,11.7489218406,11.8603666667,False
0,11368,350,11.7757803206,11.8603666667,False
0,11369,350,11.7982863231,11.8603666667,False
0,11370,350,11.7562391475,11.8603666667,False
0,11371,351,11.7788789346,11.8937,False
0,11372,351,11.768905873,11.8937,False
0,11373,351,11.8839698346,11.8937,False
0,11374,351,11.7675848918,11.8937,False
0,11375,351,11.8445961474,11.8937,False
0,11376,351,11.8473057221,11.8937,False
0,11377,352,11.8763332117,11.9270333333,False
0,11378,352,11.863371461,11.9270333333,False
0,11379,352,11.8005721387,11.9270333333,False
0,11380,352,11.8074931522,11.9270333333,False
0,11381,353,11.9032440789,11.9603666667,False
0,11382,353,11.889339729,11.9603666667,False
0,11383,353,11.9128336053,11.9603666667,False
0,11384,353,11.8414371578,11.9603666667,False
0,11385,353,11.8907305579,11.9603666667,False
0,11386,353,11.8705559569,11.9603666667,False
0,11387,354,11.9132723178,11.9937,False
0,11388,354,11.8977300587,11.9937,False
0,11389,354,11.9515461468,11.9937,False
0,11390,354,11.8976469098,11.9937,False
0,11391,354,11.8931816709,11.9937,False
0,11392,354,11.9950073724,11.9937,True
0,11393,354,11.8659791899,11.9937,False
0,11394,354,11.9517297246,11.9937,False
0,11395,354,11.9620744916,11.9937,False
0,11396,354,11.9056805142,11.9937,False
0,11397,354,11.9144686046,11.9937,False
0,11398,354,11.9195436451,11.9937,False
0,11399,354,11.9132715191,11.9937,False
0,11400,354,11.9733672762,11.9937,False
0,11401,354,11.8947852941,11.9937,False
0,11402,354,11.9480992479,11.9937,False
0,11403,354,11.9658040799,11.9937,False
0,11404,354,11.9180714404,11.9937,False
0,11405,354,11.9016020805,11.9937,False
0,11406,354,11.9133701806,11.9937,False
0,11407,354,11.9688690777,11.9937,False
0,11408,354,11.9448797677,11.9937,False
0,11409,354,11.9693095441,11.9937,False
0,11410,354,11.939516077,11.9937,False
0,11411,354,11.9702096505,11.9937,False
0,11412,354,11.928280175,11.9937,False
0,11413,354,11.9109771067,11.9937,False
0,11414,354,11.9149158466,11.9937,False
0,11415,354,11.9701252332,11.9937,False
0,11416,354,11.9051211151,11.9937,False
0,11417,354,11.920363846,11.9937,False
0,11418,354,11.8758795968,11.9937,False
0,11419,354,11.9145952765,11.9937,False
0,11420,354,11.9241260262,11.9937,False
0,11421,354,11.9353862872,11.9937,False
0,11422,354,11.9490258231,11.9937,False
0,11423,354,11.9762659486,11.9937,False
0,11424,354,11.9342809025,11.9937,False
0,11425,354,11.9200759381,11.9937,False
0,11426,354,11.9175969222,11.9937,False
0,11427,354,11.9706150828,11.9937,False
0,11428,354,11.9702720534,11.9937,False
0,11429,354,11.9515042768,11.9937,False
0,11430,354,11.9857943264,11.9937,False
0,11431,354,11.9231695359,11.9937,False
0,11432,354,11.9116356955,11.9937,False
0,11433,354,11.9416986642,11.9937,False
0,11434,354,11.9298997535,11.9937,False
0,11435,354,11.9219589403,11.9937,False
0,11436,354,11.9392833876,11.9937,False
0,11437,354,11.9041711128,11.9937,False
0,11438,354,11.9165614165,11.9937,False
0,11439,354,11.9357482508,11.9937,False
0,11440,354,11.884019868,11.9937,False
0,11441,354,11.8816638983,11.9937,False
0,11442,354,11.8764387776,11.9937,False
0,11443,354,11.8839254775,11.9937,False
0,11444,354,11.9174131881,11.9937,False
0,11445,354,11.8821175623,11.9937,False
0,11446,354,11.9212665899,11.9937,False
0,11447,354,11.9278759291,11.9937,False
0,11448,354,11.9052075487,11.9937,False
0,11449,354,11.9313973528,11.9937,False
0,11450,354,11.8980036739,11.9937,False
0,11451,354,11.9182434271,11.9937,False
0,11452,354,11.9435467139,11.9937,False
0,11453,354,11.860837652,11.9937,False
0,11454,354,11.9120632091,11.9937,False
0,11455,354,11.8706279805,11.9937,False
0,11456,354,11.9423805718,11.9937,False
0,11457,354,11.9608794134,11.9937,False
0,11458,354,11.9451756118,11.9937,False
0,11459,354,11.9251808787,11.9937,False
0,11460,354,11.8914409481,11.9937,False
0,11461,354,11.8899167718,11.9937,False
0,11462,354,11.8894068342,11.9937,False
0,11463,354,11.9449133083,11.9937,False
0,11464,354,11.9549076148,11.9937,False
0,11465,354,11.9427268676,11.9937,False
0,11466,354,11.9266098375,11.9937,False
0,11467,354,11.9455259892,11.9937,False
0,11468,354,11.9246093437,11.9937,False
0,11469,354,11.9159051904,11.9937,False
0,11470,354,11.9077593336,11.9937,False
0,11471,354,11.8972372021,11.9937,False
0,11472,354,11.9310284566,11.9937,False
0,11473,354,11.9514422021,11.9937,False
0,11474,354,11.9099009799,11.9937,False
0,11475,354,11.9267131426,11.9937,False
0,11476,354,11.9223351799,11.9937,False
0,11477,354,11.9377477312,11.9937,False
0,11478,354,11.9109640834,11.9937,False
0,11479,354,11.9078888968,11.9937,False
0,11480,354,11.9497411798,11.9937,False
0,11481,354,11.9199669082,11.9937,False
0,11482,354,11.9536419836,11.9937,False
0,11483,354,11.9536214248,11.9937,False
0,11484,354,11.8962735315,11.9937,False
0,11485,354,11.905773623,11.9937,False
0,11486,354,11.9213318591,11.9937,False
0,11487,354,11.9418165745,11.9937,False
0,11488,354,11.9279876821,11.9937,False
0,11489,354,11.9141002363,11.9937,False
0,11490,354,11.9514641012,11.9937,False
0,11491,354,11.9312360466,11.9937,False
0,11492,354,11.9266107396,11.9937,False
0,11493,354,11.9010988208,11.9937,False
0,11494,354,11.9195110581,11.9937,False
0,11495,354,11.9186689531,11.9937,False
0,11496,354,11.9453411014,11.9937,False
0,11497,354,11.9525022704,11.9937,False
0,11498,354,11.924845262,11.9937,False
0,11499,354,11.9027864389,11.9937,False
0,11500,354,11.9417395708,11.9937,False
0,11501,354,11.9468361667,11.9937,False
0,11502,354,11.9044790922,11.9937,False
0,11503,354,11.9208012762,11.9937,False
0,11504,354,11.9316615046,11.9937,False
0,11505,354,11.8954105721,11.9937,False
0,11506,354,11.9372129982,11.9937,False
0,11507,354,11.9210513865,11.9937,False
0,11508,354,11.9386086963,11.9937,False
0,11509,354,11.9098716815,11.9937,False
0,11510,354,11.8775469193,11.9937,False
0,11511,354,11.9088608677,11.9937,False
0,11512,354,11.9689491927,11.9937,False
0,11513,354,11.9154266614,11.9937,False
0,11514,354,11.9299589135,11.9937,False
0,11515,354,11.880012612,11.9937,False
0,11516,354,11.9256586104,11.9937,False
0,11517,354,11.8873108689,11.9937,False
0,11518,354,11.9065800334,11.9937,False
0,11519,354,11.9444790736,11.9937,False
0,11520,354,11.9142632772,11.9937,False
0,11521,354,11.9410893352,11.9937,False
0,11522,354,11.9342539754,11.9937,False
0,11523,354,11.9248610374,11.9937,False
0,11524,354,11.9352671639,11.9937,False
0,11525,354,11.9540193258,11.9937,False
0,11526,354,11.9067193643,11.9937,False
0,11527,354,11.9044426518,11.9937,False
0,11528,354,11.9382657382,11.9937,False
0,11529,354,11.9301918008,11.9937,False
0,11530,354,11.9181627421,11.9937,False
0,11531,354,11.8915198527,11.9937,False
0,11532,354,11.8965251734,11.9937,False
0,11533,354,11.9382014444,11.9937,False
0,11534,354,11.913865696,11.9937,False
0,11535,354,11.8754992262,11.9937,False
0,11536,354,11.9056979969,11.9937,False
0,11537,354,11.9427467825,11.9937,False
0,11538,354,11.9121324502,11.9937,False
0,11539,354,11.9391818179,11.9937,False
0,11540,354,11.9714604551,11.9937,False
0,11541,354,11.9355460649,11.9937,False
0,11542,354,11.9401611123,11.9937,False
0,11543,354,11.9327304592,11.9937,False
0,11544,354,11.9836912906,11.9937,False
0,11545,354,11.9220124546,11.9937,False
0,11546,354,11.9286223672,11.9937,False
0,11547,354,11.9163291872,11.9937,False
0,11548,354,11.9668247301,11.9937,False
0,11549,354,11.9047746994,11.9937,False
0,11550,354,11.9399957776,11.9937,False
0,11551,354,11.9178980361,11.9937,False
0,11552,354,11.9566473439,11.9937,False
0,11553,354,11.9666726631,11.9937,False
0,11554,354,11.8815416176,11.9937,False
0,11555,354,11.8768124375,11.9937,False
0,11556,354,11.8972376921,11.9937,False
0,11557,354,11.9149480411,11.9937,False
0,11558,354,11.9234848614,11.9937,False
0,11559,354,11.9028868484,11.9937,False
0,11560,354,11.9530420615,11.9937,False
0,11561,354,11.9014678111,11.9937,False
0,11562,354,11.9564445063,11.9937,False
0,11563,354,11.9262360386,11.9937,False
0,11564,354,11.9079502341,11.9937,False
0,11565,354,11.9438020279,11.9937,False
0,11566,354,11.9336966121,11.9937,False
0,11567,354,11.9043404813,11.9937,False
0,11568,354,11.9435952549,11.9937,False
0,11569,354,11.9231637675,11.9937,False
0,11570,354,11.8999084606,11.9937,False
0,11571,354,11.9266074365,11.9937,False
0,11572,354,11.921478826,11.9937,False
0,11573,354,11.9378547242,11.9937,False
0,11574,354,11.961734541,11.9937,False
0,11575,354,11.894604555,11.9937,False
0,11576,354,11.9551460638,11.9937,False
0,11577,354,11.9462028494,11.9937,False
0,11578,354,11.9566345563,11.9937,False
0,11579,354,11.9034815094,11.9937,False
0,11580,354,11.9070600166,11.9937,False
0,11581,354,11.956115978,11.9937,False
0,11582,354,11.8667104741,11.9937,False
0,11583,354,11.9496680459,11.9937,False
0,11584,354,11.9131734295,11.9937,False
0,11585,354,11.9169872707,11.9937,False
0,11586,354,11.9329213522,11.9937,False
0,11587,354,11.9090154525,11.9937,False
0,11588,354,11.9567579444,11.9937,False
0,11589,354,11.9097399286,11.9937,False
0,11590,354,11.9208370049,11.9937,False
0,11591,354,11.8768895229,11.9937,False
0,11592,354,11.9331339489,11.9937,False
0,11593,354,11.92175826,11.9937,False
0,11594,354,11.931442543,11.9937,False
0,11595,354,11.9338404373,11.9937,False
0,11596,354,11.8968791721,11.9937,False
0,11597,354,11.8971932639,11.9937,False
0,11598,354,11.8978634107,11.9937,False
0,11599,354,11.9038522878,11.9937,False
0,11600,354,11.9001711714,11.9937,False
0,11601,354,11.901205773,11.9937,False
0,11602,354,11.9563835239,11.9937,False
0,11603,354,11.9403904022,11.9937,False
0,11604,354,11.9295439654,11.9937,False
0,11605,354,11.9418536896,11.9937,False
0,11606,354,11.9188712808,11.9937,False
0,11607,354,11.9121235609,11.9937,False
0,11608,354,11.9348900695,11.9937,False
0,11609,354,11.9195693519,11.9937,False
0,11610,354,11.9571115499,11.9937,False
0,11611,354,11.9091943167,11.9937,False
0,11612,354,11.9013527443,11.9937,False
0,11613,354,11.9000382695,11.9937,False
0,11614,354,11.9458476793,11.9937,False
0,11615,354,11.928255071,11.9937,False
0,11616,354,11.92053592,11.9937,False
0,11617,354,11.9342209165,11.9937,False
0,11618,354,11.9172285358,11.9937,False
0,11619,354,11.9112666178,11.9937,False
0,11620,354,11.925276514,11.9937,False
0,11621,354,11.9189571903,11.9937,False
0,11622,354,11.9117085783,11.9937,False
0,11623,354,11.9205146931,11.9937,False
0,11624,354,11.9625402677,11.9937,False
0,11625,354,11.9007451708,11.9937,False
0,11626,354,11.8970277578,11.9937,False
0,11627,354,11.9166387629,11.9937,False
0,11628,354,11.9027497557,11.9937,False
0,11629,354,11.9384761553,11.9937,False
0,11630,354,11.9083670479,11.9937,False
0,11631,354,11.8932371594,11.9937,False
0,11632,354,11.9615329408,11.9937,False
0,11633,354,11.8936313308,11.9937,False
0,11634,354,11.8951907657,11.9937,False
0,11635,354,11.920702619,11.9937,False
0,11636,354,11.925148892,11.9937,False
0,11637,354,11.9359522391,11.9937,False
0,11638,354,11.8981315052,11.9937,False
0,11639,354,11.9349954515,11.9937,False
0,11640,354,11.9458254474,11.9937,False
0,11641,354,11.925244375,11.9937,False
0,11642,354,11.8894553683,11.9937,False
0,11643,354,11.9174678594,11.9937,False
0,11644,354,11.9309051655,11.9937,False
0,11645,354,11.9169974453,11.9937,False
0,11646,354,11.8767202721,11.9937,False
0,11647,354,11.9315544849,11.9937,False
0,11648,354,11.923899899,11.9937,False
0,11649,354,11.9606223334,11.9937,False
0,11650,354,11.9599269269,11.9937,False
0,11651,354,11.9270241941,11.9937,False
0,11652,354,11.9265784721,11.9937,False
0,11653,354,11.9847907846,11.9937,False
0,11654,354,11.8917676073,11.9937,False
0,11655,354,11.8843323141,11.9937,False
0,11656,354,11.9506220862,11.9937,False
0,11657,354,11.9735821332,11.9937,False
0,11658,354,11.8953809991,11.9937,False
0,11659,354,11.915635963,11.9937,False
0,11660,354,11.9046578369,11.9937,False
0,11661,354,11.9418024284,11.9937,False
0,11662,354,11.9012472544,11.9937,False
0,11663,354,11.929205493,11.9937,False
0,11664,354,11.9649881384,11.9937,False
0,11665,354,11.9418072305,11.9937,False
0,11666,354,11.9480913258,11.9937,False
0,11667,354,11.9334268202,11.9937,False
0,11668,354,11.9123825437,11.9937,False
0,11669,354,11.9323985039,11.9937,False
0,11670,354,11.9294248548,11.9937,False
0,11671,354,11.8985774545,11.9937,False
0,11672,354,11.9313648343,11.9937,False
0,11673,354,11.8897083101,11.9937,False
0,11674,354,11.9637090936,11.9937,False
0,11675,354,11.9024106289,11.9937,False
0,11676,354,11.9616548981,11.9937,False
0,11677,354,11.9166564126,11.9937,False
0,11678,354,11.9363712367,11.9937,False
0,11679,354,11.9154535451,11.9937,False
0,11680,354,11.9313988583,11.9937,False
0,11681,354,11.8951135594,11.9937,False
0,11682,354,11.9424694444,11.9937,False
0,11683,354,11.9273896109,11.9937,False
0,11684,354,11.967363892,11.9937,False
0,11685,354,11.9410651073,11.9937,False
0,11686,354,11.8874673174,11.9937,False
0,11687,354,11.9072223489,11.9937,False
0,11688,354,11.9398437953,11.9937,False
0,11689,354,11.9354772704,11.9937,False
0,11690,354,11.909057307,11.9937,False
0,11691,354,11.912789987,11.9937,False
0,11692,354,11.9022571429,11.9937,False
0,11693,354,11.8979071245,11.9937,False
0,11694,354,11.8851053815,11.9937,False
0,11695,354,11.8952827696,11.9937,False
0,11696,355,11.9722942996,12.0270333333,False
0,11697,355,11.9326479534,12.0270333333,False
0,11698,355,11.9637460439,12.0270333333,False
0,11699,355,12.0007333772,12.0270333333,False
0,11700,355,11.9385105765,12.0270333333,False
0,11701,355,11.9428304333,12.0270333333,False
0,11702,355,12.003308272,12.0270333333,False
0,11703,355,11.9556753412,12.0270333333,False
0,11704,355,11.9550940867,12.0270333333,False
0,11705,355,11.9682904782,12.0270333333,False
0,11706,355,11.9583525074,12.0270333333,False
0,11707,356,11.9831795992,12.0603666667,False
0,11708,356,11.9325400812,12.0603666667,False
0,11709,356,11.9752287347,12.0603666667,False
0,11710,356,11.9930386641,12.0603666667,False
0,11711,356,11.9774694452,12.0603666667,False
0,11712,356,12.010858678,12.0603666667,False
0,11713,357,12.0424867165,12.0937,False
0,11714,357,11.9911361153,12.0937,False
0,11715,357,12.0323680719,12.0937,False
0,11716,357,11.9917735882,12.0937,False
0,11717,357,11.9967157427,12.0937,False
0,11718,358,12.0664956267,12.1270333333,False
0,11719,358,12.0912922578,12.1270333333,False
0,11720,358,12.0525850371,12.1270333333,False
0,11721,358,12.0166020517,12.1270333333,False
0,11722,358,12.071116606,12.1270333333,False
0,11723,359,12.1055230547,12.1603666667,False
0,11724,359,12.1008829555,12.1603666667,False
0,11725,359,12.0785386106,12.1603666667,False
0,11726,359,12.1279113716,12.1603666667,False
0,11727,359,12.0377835063,12.1603666667,False
0,11728,359,12.0812452874,12.1603666667,False
0,11729,359,12.0749759642,12.1603666667,False
0,11730,359,12.0720865156,12.1603666667,False
0,11731,359,12.0678077338,12.1603666667,False
0,11732,359,12.0857883624,12.1603666667,False
0,11733,359,12.1017386009,12.1603666667,False
0,11734,359,12.1186432476,12.1603666667,False
0,11735,359,12.1245259841,12.1603666667,False
0,11736,359,12.1285008575,12.1603666667,False
0,11737,359,12.1233778994,12.1603666667,False
0,11738,359,12.0858123562,12.1603666667,False
0,11739,359,12.0856077257,12.1603666667,False
0,11740,359,12.1017868693,12.1603666667,False
0,11741,359,12.1084424854,12.1603666667,False
0,11742,359,12.0704254262,12.1603666667,False
0,11743,359,12.0696848194,12.1603666667,False
0,11744,359,12.0350080602,12.1603666667,False
0,11745,359,12.1018787688,12.1603666667,False
0,11746,359,12.0612835788,12.1603666667,False
0,11747,359,12.0795544421,12.1603666667,False
0,11748,359,12.1395109863,12.1603666667,False
0,11749,359,12.0771718797,12.1603666667,False
0,11750,359,12.1111864493,12.1603666667,False
0,11751,359,12.1349784831,12.1603666667,False
0,11752,359,12.0545578884,12.1603666667,False
0,11753,359,12.0893845973,12.1603666667,False
0,11754,359,12.0835225349,12.1603666667,False
0,11755,359,12.0619067404,12.1603666667,False
0,11756,359,12.0656440668,12.1603666667,False
0,11757,359,12.1105313614,12.1603666667,False
0,11758,359,12.128214778,12.1603666667,False
0,11759,359,12.1102098424,12.1603666667,False
0,11760,359,12.0575853927,12.1603666667,False
0,11761,359,12.0825655429,12.1603666667,False
0,11762,359,12.0906832,12.1603666667,False
0,11763,359,12.117524471,12.1603666667,False
0,11764,359,12.0704352932,12.1603666667,False
0,11765,359,12.0713716021,12.1603666667,False
0,11766,359,12.0801569174,12.1603666667,False
0,11767,359,12.1170244878,12.1603666667,False
0,11768,359,12.042611901,12.1603666667,False
0,11769,359,12.0825794357,12.1603666667,False
0,11770,359,12.1026317674,12.1603666667,False
0,11771,359,12.0184922843,12.1603666667,False
0,11772,359,12.0817382509,12.1603666667,False
0,11773,359,12.0924816913,12.1603666667,False
0,11774,359,12.0520651902,12.1603666667,False
0,11775,359,12.0969755686,12.1603666667,False
0,11776,359,12.1263021331,12.1603666667,False
0,11777,359,12.1008936895,12.1603666667,False
0,11778,359,12.0652728133,12.1603666667,False
0,11779,359,12.0812125026,12.1603666667,False
0,11780,359,12.075636856,12.1603666667,False
0,11781,359,12.0751380371,12.1603666667,False
0,11782,359,12.0871099469,12.1603666667,False
0,11783,359,12.0664255869,12.1603666667,False
0,11784,359,12.0826822856,12.1603666667,False
0,11785,359,12.0404039401,12.1603666667,False
0,11786,359,12.0718759108,12.1603666667,False
0,11787,359,12.1061080986,12.1603666667,False
0,11788,359,12.1136236016,12.1603666667,False
0,11789,359,12.0484127956,12.1603666667,False
0,11790,359,12.0484622618,12.1603666667,False
0,11791,359,12.0785517966,12.1603666667,False
0,11792,359,12.0937474061,12.1603666667,False
0,11793,359,12.0825062157,12.1603666667,False
0,11794,359,12.1022417327,12.1603666667,False
0,11795,359,12.0816061681,12.1603666667,False
0,11796,359,12.0706156889,12.1603666667,False
0,11797,359,12.1318333297,12.1603666667,False
0,11798,359,12.0842895936,12.1603666667,False
0,11799,359,12.0715260982,12.1603666667,False
0,11800,359,12.0767464929,12.1603666667,False
0,11801,359,12.0622776718,12.1603666667,False
0,11802,359,12.1038402503,12.1603666667,False
0,11803,359,12.0896492993,12.1603666667,False
0,11804,359,12.0679084283,12.1603666667,False
0,11805,359,12.0369143561,12.1603666667,False
0,11806,359,12.132978249,12.1603666667,False
0,11807,359,12.0754941312,12.1603666667,False
0,11808,359,12.0933644025,12.1603666667,False
0,11809,359,12.0293822314,12.1603666667,False
0,11810,359,12.1278849471,12.1603666667,False
0,11811,359,12.1369447356,12.1603666667,False
0,11812,359,12.099773698,12.1603666667,False
0,11813,359,12.1439871365,12.1603666667,False
0,11814,359,12.0946988409,12.1603666667,False
0,11815,359,12.0946322085,12.1603666667,False
0,11816,359,12.0590019135,12.1603666667,False
0,11817,359,12.0696724153,12.1603666667,False
0,11818,359,12.0940534223,12.1603666667,False
0,11819,359,12.1170998082,12.1603666667,False
0,11820,359,12.0698891296,12.1603666667,False
0,11821,359,12.1096173838,12.1603666667,False
0,11822,359,12.0876061243,12.1603666667,False
0,11823,359,12.1174312848,12.1603666667,False
0,11824,359,12.0898402628,12.1603666667,False
0,11825,359,12.0745307207,12.1603666667,False
0,11826,359,12.1262991031,12.1603666667,False
0,11827,359,12.1024834851,12.1603666667,False
0,11828,359,12.1311667702,12.1603666667,False
0,11829,359,12.0583638686,12.1603666667,False
0,11830,359,12.1081862205,12.1603666667,False
0,11831,359,12.1234108727,12.1603666667,False
0,11832,359,12.1064177903,12.1603666667,False
0,11833,359,12.0493518936,12.1603666667,False
0,11834,359,12.0932708158,12.1603666667,False
0,11835,359,12.0766255703,12.1603666667,False
0,11836,359,12.118394188,12.1603666667,False
0,11837,359,12.1001609064,12.1603666667,False
0,11838,359,12.1517297804,12.1603666667,False
0,11839,359,12.0970227676,12.1603666667,False
0,11840,359,12.068046106,12.1603666667,False
0,11841,359,12.0991526601,12.1603666667,False
0,11842,359,12.072650575,12.1603666667,False
0,11843,359,12.0773348859,12.1603666667,False
0,11844,359,12.1000220525,12.1603666667,False
0,11845,359,12.1417787983,12.1603666667,False
0,11846,359,12.1098323494,12.1603666667,False
0,11847,359,12.0617041089,12.1603666667,False
0,11848,359,12.0437484168,12.1603666667,False
0,11849,359,12.0943281422,12.1603666667,False
0,11850,359,12.0557989785,12.1603666667,False
0,11851,359,12.0936435397,12.1603666667,False
0,11852,359,12.0951409532,12.1603666667,False
0,11853,359,12.0933011709,12.1603666667,False
0,11854,359,12.1274128687,12.1603666667,False
0,11855,359,12.1045747728,12.1603666667,False
0,11856,359,12.0815552355,12.1603666667,False
0,11857,359,12.0729328362,12.1603666667,False
0,11858,359,12.1367002158,12.1603666667,False
0,11859,359,12.1240199468,12.1603666667,False
0,11860,359,12.1178465934,12.1603666667,False
0,11861,359,12.0741044756,12.1603666667,False
0,11862,359,12.0286094874,12.1603666667,False
0,11863,359,12.1087536144,12.1603666667,False
0,11864,359,12.0987763334,12.1603666667,False
0,11865,359,12.0745694863,12.1603666667,False
0,11866,359,12.0853958226,12.1603666667,False
0,11867,359,12.0782374803,12.1603666667,False
0,11868,359,12.1150476769,12.1603666667,False
0,11869,359,12.0846304139,12.1603666667,False
0,11870,359,12.1027128218,12.1603666667,False
0,11871,359,12.0847919583,12.1603666667,False
0,11872,359,12.0798200754,12.1603666667,False
0,11873,359,12.103967198,12.1603666667,False
0,11874,359,12.1303988091,12.1603666667,False
0,11875,359,12.1246489773,12.1603666667,False
0,11876,359,12.0679836063,12.1603666667,False
0,11877,359,12.1143646477,12.1603666667,False
0,11878,359,12.1296312356,12.1603666667,False
0,11879,359,12.0964965439,12.1603666667,False
0,11880,359,12.10253157,12.1603666667,False
0,11881,359,12.112163516,12.1603666667,False
0,11882,359,12.068660134,12.1603666667,False
0,11883,359,12.058949366,12.1603666667,False
0,11884,359,12.1089844357,12.1603666667,False
0,11885,359,12.0784741385,12.1603666667,False
0,11886,359,12.1102302037,12.1603666667,False
0,11887,359,12.0800834091,12.1603666667,False
0,11888,359,12.12875831,12.1603666667,False
0,11889,359,12.1043861116,12.1603666667,False
0,11890,359,12.1259643649,12.1603666667,False
0,11891,359,12.1152637193,12.1603666667,False
0,11892,359,12.043273122,12.1603666667,False
0,11893,359,12.0622366461,12.1603666667,False
0,11894,359,12.1111604809,12.1603666667,False
0,11895,359,12.1097736234,12.1603666667,False
0,11896,359,12.0544477341,12.1603666667,False
0,11897,359,12.112858539,12.1603666667,False
0,11898,359,12.1126280678,12.1603666667,False
0,11899,359,12.0795013547,12.1603666667,False
0,11900,359,12.0937051061,12.1603666667,False
0,11901,359,12.1171003966,12.1603666667,False
0,11902,359,12.084387255,12.1603666667,False
0,11903,359,12.1195889127,12.1603666667,False
0,11904,359,12.0639574442,12.1603666667,False
0,11905,359,12.0609453878,12.1603666667,False
0,11906,359,12.0699381721,12.1603666667,False
0,11907,359,12.1085611422,12.1603666667,False
0,11908,359,12.0621617317,12.1603666667,False
0,11909,359,12.1002697712,12.1603666667,False
0,11910,359,12.1491525339,12.1603666667,False
0,11911,359,12.1164081804,12.1603666667,False
0,11912,359,12.0800050242,12.1603666667,False
0,11913,359,12.0723270406,12.1603666667,False
0,11914,359,12.0672025329,12.1603666667,False
0,11915,359,12.0578770486,12.1603666667,False
0,11916,359,12.0907473897,12.1603666667,False
0,11917,359,12.0574295275,12.1603666667,False
0,11918,359,12.0297987785,12.1603666667,False
0,11919,359,12.0835073238,12.1603666667,False
0,11920,359,12.0930396685,12.1603666667,False
0,11921,359,12.0619861495,12.1603666667,False
0,11922,359,12.1454402121,12.1603666667,False
0,11923,359,12.101581462,12.1603666667,False
0,11924,359,12.0873406168,12.1603666667,False
0,11925,359,12.0825280168,12.1603666667,False
0,11926,359,12.1002775415,12.1603666667,False
0,11927,359,12.0725233424,12.1603666667,False
0,11928,359,12.112156538,12.1603666667,False
0,11929,359,12.1090038541,12.1603666667,False
0,11930,359,12.1317273431,12.1603666667,False
0,11931,359,12.1262941773,12.1603666667,False
0,11932,359,12.0910644537,12.1603666667,False
0,11933,359,12.0715959964,12.1603666667,False
0,11934,359,12.0744083245,12.1603666667,False
0,11935,359,12.0524804918,12.1603666667,False
0,11936,359,12.1102937614,12.1603666667,False
0,11937,359,12.0652144802,12.1603666667,False
0,11938,359,12.0918053313,12.1603666667,False
0,11939,359,12.1382623445,12.1603666667,False
0,11940,359,12.1098355633,12.1603666667,False
0,11941,359,12.0733456478,12.1603666667,False
0,11942,359,12.090494801,12.1603666667,False
0,11943,359,12.0771645094,12.1603666667,False
0,11944,359,12.0941094694,12.1603666667,False
0,11945,359,12.1372599478,12.1603666667,False
0,11946,359,12.0971967559,12.1603666667,False
0,11947,359,12.0800850153,12.1603666667,False
0,11948,359,12.0666805472,12.1603666667,False
0,11949,359,12.0552485553,12.1603666667,False
0,11950,359,12.0810111216,12.1603666667,False
0,11951,359,12.1148385501,12.1603666667,False
0,11952,359,12.1069997102,12.1603666667,False
0,11953,359,12.1343067605,12.1603666667,False
0,11954,359,12.0714466635,12.1603666667,False
0,11955,359,12.094001175,12.1603666667,False
0,11956,359,12.0564293406,12.1603666667,False
0,11957,359,12.0491275584,12.1603666667,False
0,11958,359,12.053378402,12.1603666667,False
0,11959,359,12.0855895162,12.1603666667,False
0,11960,359,12.1064160227,12.1603666667,False
0,11961,359,12.1097141023,12.1603666667,False
0,11962,359,12.0672493379,12.1603666667,False
0,11963,359,12.0258327144,12.1603666667,False
0,11964,359,12.1213299311,12.1603666667,False
0,11965,359,12.0780162329,12.1603666667,False
0,11966,359,12.0470264693,12.1603666667,False
0,11967,359,12.0401754537,12.1603666667,False
0,11968,359,12.0736528115,12.1603666667,False
0,11969,359,12.0804260293,12.1603666667,False
0,11970,359,12.094674876,12.1603666667,False
0,11971,359,12.0995915756,12.1603666667,False
0,11972,359,12.1179667913,12.1603666667,False
0,11973,359,12.1532723961,12.1603666667,False
0,11974,359,12.1376556025,12.1603666667,False
0,11975,359,12.0894416201,12.1603666667,False
0,11976,359,12.1068255591,12.1603666667,False
0,11977,359,12.073756107,12.1603666667,False
0,11978,359,12.0675895873,12.1603666667,False
0,11979,359,12.0707882038,12.1603666667,False
0,11980,359,12.1013817846,12.1603666667,False
0,11981,359,12.1151586656,12.1603666667,False
0,11982,359,12.1104228615,12.1603666667,False
0,11983,359,12.0387122197,12.1603666667,False
0,11984,359,12.0953386248,12.1603666667,False
0,11985,359,12.0595774585,12.1603666667,False
0,11986,359,12.0995012782,12.1603666667,False
0,11987,359,12.0823057043,12.1603666667,False
0,11988,359,12.1045197862,12.1603666667,False
0,11989,359,12.0782094919,12.1603666667,False
0,11990,359,12.0731825019,12.1603666667,False
0,11991,359,12.0873562956,12.1603666667,False
0,11992,359,12.0690431408,12.1603666667,False
0,11993,359,12.093849706,12.1603666667,False
0,11994,359,12.0817910452,12.1603666667,False
0,11995,359,12.1195728648,12.1603666667,False
0,11996,359,12.05184932,12.1603666667,False
0,11997,359,12.0847524787,12.1603666667,False
0,11998,359,12.113928038,12.1603666667,False
0,11999,359,12.0744145068,12.1603666667,False
0,12000,359,12.0482577867,12.1603666667,False
0,12001,359,12.0746729454,12.1603666667,False
0,12002,359,12.1656623306,12.1603666667,True
0,12003,359,12.1316756193,12.1603666667,False
0,12004,359,12.1536655442,12.1603666667,False
0,12005,359,12.0510845458,12.1603666667,False
0,12006,359,12.1105948501,12.1603666667,False
0,12007,359,12.07503012,12.1603666667,False
0,12008,359,12.058504391,12.1603666667,False
0,12009,359,12.1079240933,12.1603666667,False
0,12010,359,12.0538942354,12.1603666667,False
0,12011,359,12.1024985819,12.1603666667,False
0,12012,359,12.1257883804,12.1603666667,False
0,12013,359,12.0800731461,12.1603666667,False
0,12014,359,12.0774570052,12.1603666667,False
0,12015,359,12.1094634396,12.1603666667,False
0,12016,359,12.0751621742,12.1603666667,False
0,12017,359,12.0961595972,12.1603666667,False
0,12018,359,12.141781044,12.1603666667,False
0,12019,359,12.083795267,12.1603666667,False
0,12020,359,12.1000471856,12.1603666667,False
0,12021,359,12.0637711502,12.1603666667,False
0,12022,359,12.0830325879,12.1603666667,False
0,12023,359,12.124603067,12.1603666667,False
0,12024,359,12.0577724407,12.1603666667,False
0,12025,359,12.123081772,12.1603666667,False
0,12026,359,12.0674622959,12.1603666667,False
0,12027,359,12.0814228349,12.1603666667,False
0,12028,359,12.1173509572,12.1603666667,False
0,12029,359,12.0815516663,12.1603666667,False
0,12030,359,12.0976110438,12.1603666667,False
0,12031,359,12.0479752183,12.1603666667,False
0,12032,359,12.0847453433,12.1603666667,False
0,12033,359,12.1171766421,12.1603666667,False
0,12034,359,12.0805288279,12.1603666667,False
0,12035,360,12.1015127603,12.1937,False
0,12036,360,12.1296561834,12.1937,False
0,12037,360,12.135997525,12.1937,False
0,12038,360,12.165005899,12.1937,False
0,12039,360,12.0912998457,12.1937,False
0,12040,360,12.0839746809,12.1937,False
0,12041,360,12.1265047025,12.1937,False
0,12042,360,12.117908091,12.1937,False
0,12043,360,12.0945130797,12.1937,False
0,12044,361,12.103018497,12.2270333333,False
0,12045,361,12.1603844144,12.2270333333,False
0,12046,361,12.1461455413,12.2270333333,False
0,12047,361,12.1570713035,12.2270333333,False
0,12048,361,12.1541416261,12.2270333333,False
0,12049,361,12.1767123366,12.2270333333,False
0,12050,362,12.1934997564,12.2603666667,False
0,12051,362,12.1688855123,12.2603666667,False
0,12052,362,12.1993951911,12.2603666667,False
0,12053,362,12.2103593916,12.2603666667,False
0,12054,362,12.1801863912,12.2603666667,False
0,12055,363,12.2249327739,12.2937,False
0,12056,363,12.2495316785,12.2937,False
0,12057,363,12.1710719802,12.2937,False
0,12058,363,12.2228388374,12.2937,False
0,12059,363,12.2328708957,12.2937,False
0,12060,363,12.2697422767,12.2937,False
0,12061,364,12.2662023737,12.3270333333,False
0,12062,364,12.2800018569,12.3270333333,False
0,12063,364,12.276272309,12.3270333333,False
0,12064,364,12.2149788089,12.3270333333,False
0,12065,364,12.2545151633,12.3270333333,False
0,12066,364,12.2585988089,12.3270333333,False
0,12067,364,12.2608025624,12.3270333333,False
0,12068,364,12.2491727453,12.3270333333,False
0,12069,364,12.2438474923,12.3270333333,False
0,12070,364,12.2655398069,12.3270333333,False
0,12071,364,12.2587792446,12.3270333333,False
0,12072,364,12.2727760498,12.3270333333,False
0,12073,364,12.2688647854,12.3270333333,False
0,12074,364,12.2347099586,12.3270333333,False
0,12075,364,12.2069671893,12.3270333333,False
0,12076,364,12.1922267864,12.3270333333,False
0,12077,364,12.3101549938,12.3270333333,False
0,12078,364,12.2662969256,12.3270333333,False
0,12079,364,12.2749773601,12.3270333333,False
0,12080,364,12.2181370782,12.3270333333,False
0,12081,364,12.2924856984,12.3270333333,False
0,12082,364,12.2789810328,12.3270333333,False
0,12083,364,12.287079909,12.3270333333,False
0,12084,364,12.2196336027,12.3270333333,False
0,12085,364,12.2656085531,12.3270333333,False
0,12086,364,12.270861668,12.3270333333,False
0,12087,364,12.2497916637,12.3270333333,False
0,12088,364,12.2496122142,12.3270333333,False
0,12089,364,12.2565284458,12.3270333333,False
0,12090,364,12.2689692125,12.3270333333,False
0,12091,364,12.25676414,12.3270333333,False
0,12092,364,12.2528023359,12.3270333333,False
0,12093,364,12.2269501881,12.3270333333,False
0,12094,364,12.2673440133,12.3270333333,False
0,12095,364,12.2308911231,12.3270333333,False
0,12096,364,12.266378263,12.3270333333,False
0,12097,364,12.2851531212,12.3270333333,False
0,12098,364,12.2251133589,12.3270333333,False
0,12099,364,12.2637615091,12.3270333333,False
0,12100,364,12.2856708671,12.3270333333,False
0,12101,364,12.250154497,12.3270333333,False
0,12102,364,12.2392787533,12.3270333333,False
0,12103,364,12.2531781595,12.3270333333,False
0,12104,364,12.2692033735,12.3270333333,False
0,12105,364,12.2519931721,12.3270333333,False
0,12106,364,12.234823896,12.3270333333,False
0,12107,364,12.2251847024,12.3270333333,False
0,12108,364,12.2742572602,12.3270333333,False
0,12109,364,12.2843532634,12.3270333333,False
0,12110,364,12.2103807737,12.3270333333,False
0,12111,364,12.2736637955,12.3270333333,False
0,12112,364,12.2803016304,12.3270333333,False
0,12113,364,12.2331319499,12.3270333333,False
0,12114,364,12.2436348438,12.3270333333,False
0,12115,364,12.2437228104,12.3270333333,False
0,12116,364,12.2364529847,12.3270333333,False
0,12117,364,12.2382778578,12.3270333333,False
0,12118,364,12.316750801,12.3270333333,False
0,12119,364,12.274121401,12.3270333333,False
0,12120,364,12.2149918441,12.3270333333,False
0,12121,364,12.2686470022,12.3270333333,False
0,12122,364,12.2292634305,12.3270333333,False
0,12123,364,12.2524567367,12.3270333333,False
0,12124,364,12.261517674,12.3270333333,False
0,12125,364,12.2635703099,12.3270333333,False
0,12126,364,12.2390686387,12.3270333333,False
0,12127,364,12.231312092,12.3270333333,False
0,12128,364,12.2496829739,12.3270333333,False
0,12129,364,12.2293972782,12.3270333333,False
0,12130,364,12.251612147,12.3270333333,False
0,12131,364,12.2779304769,12.3270333333,False
0,12132,364,12.2384038234,12.3270333333,False
0,12133,364,12.2778614092,12.3270333333,False
0,12134,364,12.2853285569,12.3270333333,False
0,12135,364,12.2640912923,12.3270333333,False
0,12136,364,12.2500469775,12.3270333333,False
0,12137,364,12.285715792,12.3270333333,False
0,12138,364,12.2659199958,12.3270333333,False
0,12139,364,12.2405730764,12.3270333333,False
0,12140,364,12.2821957315,12.3270333333,False
0,12141,364,12.2188511513,12.3270333333,False
0,12142,364,12.2904218686,12.3270333333,False
0,12143,364,12.2065429749,12.3270333333,False
0,12144,364,12.2238117977,12.3270333333,False
0,12145,364,12.2351182335,12.3270333333,False
0,12146,364,12.2493567843,12.3270333333,False
0,12147,364,12.2800456239,12.3270333333,False
0,12148,364,12.2606983144,12.3270333333,False
0,12149,364,12.3062176374,12.3270333333,False
0,12150,364,12.3199642452,12.3270333333,False
0,12151,364,12.2405729461,12.3270333333,False
0,12152,364,12.2554626101,12.3270333333,False
0,12153,364,12.2357697844,12.3270333333,False
0,12154,364,12.2563036629,12.3270333333,False
0,12155,364,12.2510930638,12.3270333333,False
0,12156,364,12.2848597854,12.3270333333,False
0,12157,364,12.2711241583,12.3270333333,False
0,12158,364,12.2476774658,12.3270333333,False
0,12159,364,12.274926127,12.3270333333,False
0,12160,364,12.2919506552,12.3270333333,False
0,12161,364,12.2771304528,12.3270333333,False
0,12162,364,12.2753720858,12.3270333333,False
0,12163,364,12.2316731576,12.3270333333,False
0,12164,364,12.2670494049,12.3270333333,False
0,12165,364,12.2626713876,12.3270333333,False
0,12166,364,12.2364041471,12.3270333333,False
0,12167,364,12.2851705274,12.3270333333,False
0,12168,364,12.264616066,12.3270333333,False
0,12169,364,12.2937522509,12.3270333333,False
0,12170,364,12.2614526276,12.3270333333,False
0,12171,364,12.2955809107,12.3270333333,False
0,12172,364,12.2143275704,12.3270333333,False
0,12173,364,12.2682737452,12.3270333333,False
0,12174,364,12.2537977317,12.3270333333,False
0,12175,364,12.2358181916,12.3270333333,False
0,12176,364,12.2510446047,12.3270333333,False
0,12177,364,12.2584641639,12.3270333333,False
0,12178,364,12.2669674592,12.3270333333,False
0,12179,364,12.2726793503,12.3270333333,False
0,12180,364,12.2544911724,12.3270333333,False
0,12181,364,12.2808510869,12.3270333333,False
0,12182,364,12.2800895418,12.3270333333,False
0,12183,364,12.2553949165,12.3270333333,False
0,12184,364,12.3119109334,12.3270333333,False
0,12185,364,12.2753111558,12.3270333333,False
0,12186,364,12.2712213634,12.3270333333,False
0,12187,364,12.2712500161,12.3270333333,False
0,12188,364,12.2697947266,12.3270333333,False
0,12189,364,12.283572879,12.3270333333,False
0,12190,364,12.2498360415,12.3270333333,False
0,12191,364,12.2792893197,12.3270333333,False
0,12192,364,12.2795229734,12.3270333333,False
0,12193,364,12.2578750992,12.3270333333,False
0,12194,364,12.2525499227,12.3270333333,False
0,12195,364,12.2514616415,12.3270333333,False
0,12196,364,12.2723496778,12.3270333333,False
0,12197,364,12.2442375223,12.3270333333,False
0,12198,364,12.2548143665,12.3270333333,False
0,12199,364,12.2247935851,12.3270333333,False
0,12200,364,12.2918680256,12.3270333333,False
0,12201,364,12.2643549971,12.3270333333,False
0,12202,364,12.2536961436,12.3270333333,False
0,12203,364,12.2031549957,12.3270333333,False
0,12204,364,12.2719901018,12.3270333333,False
0,12205,364,12.2531717088,12.3270333333,False
0,12206,364,12.255143863,12.3270333333,False
0,12207,364,12.2695290533,12.3270333333,False
0,12208,364,12.2647327246,12.3270333333,False
0,12209,364,12.2328872842,12.3270333333,False
0,12210,364,12.2753710734,12.3270333333,False
0,12211,364,12.2553823504,12.3270333333,False
0,12212,364,12.2728144196,12.3270333333,False
0,12213,364,12.2581886932,12.3270333333,False
0,12214,364,12.2306541679,12.3270333333,False
0,12215,364,12.2440782363,12.3270333333,False
0,12216,364,12.2475678193,12.3270333333,False
0,12217,364,12.274350628,12.3270333333,False
0,12218,364,12.2527502997,12.3270333333,False
0,12219,364,12.2816437355,12.3270333333,False
0,12220,364,12.2746193457,12.3270333333,False
0,12221,364,12.271860249,12.3270333333,False
0,12222,364,12.2571992564,12.3270333333,False
0,12223,364,12.2619937281,12.3270333333,False
0,12224,364,12.2529042454,12.3270333333,False
0,12225,364,12.2475559634,12.3270333333,False
0,12226,364,12.2494361273,12.3270333333,False
0,12227,364,12.2320421264,12.3270333333,False
0,12228,364,12.2422138329,12.3270333333,False
0,12229,364,12.2290377548,12.3270333333,False
0,12230,364,12.300470733,12.3270333333,False
0,12231,364,12.2891231308,12.3270333333,False
0,12232,364,12.3031687221,12.3270333333,False
0,12233,364,12.2630987707,12.3270333333,False
0,12234,364,12.2646847826,12.3270333333,False
0,12235,364,12.2991471372,12.3270333333,False
0,12236,364,12.26612839,12.3270333333,False
0,12237,364,12.2577846512,12.3270333333,False
0,12238,364,12.2434152854,12.3270333333,False
0,12239,364,12.3263113998,12.3270333333,False
0,12240,364,12.2761986073,12.3270333333,False
0,12241,364,12.242495182,12.3270333333,False
0,12242,364,12.2327448834,12.3270333333,False
0,12243,364,12.2568495305,12.3270333333,False
0,12244,364,12.2261053862,12.3270333333,False
0,12245,364,12.2558332507,12.3270333333,False
0,12246,364,12.2649868423,12.3270333333,False
0,12247,364,12.2693533388,12.3270333333,False
0,12248,364,12.2629614894,12.3270333333,False
0,12249,364,12.2324121022,12.3270333333,False
0,12250,364,12.2558121152,12.3270333333,False
0,12251,364,12.2415288571,12.3270333333,False
0,12252,364,12.252294177,12.3270333333,False
0,12253,364,12.2139420223,12.3270333333,False
0,12254,364,12.2809424304,12.3270333333,False
0,12255,364,12.2347056531,12.3270333333,False
0,12256,364,12.2264875044,12.3270333333,False
0,12257,364,12.3113153884,12.3270333333,False
0,12258,364,12.2854716622,12.3270333333,False
0,12259,364,12.1871800987,12.3270333333,False
0,12260,364,12.252558935,12.3270333333,False
0,12261,364,12.2851426598,12.3270333333,False
0,12262,364,12.2753466196,12.3270333333,False
0,12263,364,12.2948716163,12.3270333333,False
0,12264,364,12.2871285376,12.3270333333,False
0,12265,364,12.2523901528,12.3270333333,False
0,12266,364,12.2459614159,12.3270333333,False
0,12267,364,12.2685697449,12.3270333333,False
0,12268,364,12.2720350496,12.3270333333,False
0,12269,364,12.2550302915,12.3270333333,False
0,12270,364,12.2204673194,12.3270333333,False
0,12271,364,12.25880048,12.3270333333,False
0,12272,364,12.2125072306,12.3270333333,False
0,12273,364,12.2544101513,12.3270333333,False
0,12274,364,12.2466731366,12.3270333333,False
0,12275,364,12.2584286292,12.3270333333,False
0,12276,364,12.2624298876,12.3270333333,False
0,12277,364,12.2778348649,12.3270333333,False
0,12278,364,12.2422865082,12.3270333333,False
0,12279,364,12.2793986863,12.3270333333,False
0,12280,364,12.2261245232,12.3270333333,False
0,12281,364,12.2436935187,12.3270333333,False
0,12282,364,12.265336303,12.3270333333,False
0,12283,364,12.2371920547,12.3270333333,False
0,12284,364,12.250379339,12.3270333333,False
0,12285,364,12.280035241,12.3270333333,False
0,12286,364,12.2279293246,12.3270333333,False
0,12287,364,12.2408320656,12.3270333333,False
0,12288,364,12.2164850106,12.3270333333,False
0,12289,364,12.2552451904,12.3270333333,False
0,12290,364,12.2158795641,12.3270333333,False
0,12291,364,12.2761072707,12.3270333333,False
0,12292,364,12.2974662523,12.3270333333,False
0,12293,364,12.2627842581,12.3270333333,False
0,12294,364,12.2493759618,12.3270333333,False
0,12295,364,12.2463491001,12.3270333333,False
0,12296,364,12.3005561342,12.3270333333,False
0,12297,364,12.2900994364,12.3270333333,False
0,12298,364,12.2606511783,12.3270333333,False
0,12299,364,12.2323562094,12.3270333333,False
0,12300,364,12.2830232655,12.3270333333,False
0,12301,364,12.2256091749,12.3270333333,False
0,12302,364,12.2501421842,12.3270333333,False
0,12303,364,12.2306251884,12.3270333333,False
0,12304,364,12.2525170317,12.3270333333,False
0,12305,364,12.2922534612,12.3270333333,False
0,12306,364,12.2430032789,12.3270333333,False
0,12307,364,12.2704432832,12.3270333333,False
0,12308,364,12.2034458062,12.3270333333,False
0,12309,364,12.2706129143,12.3270333333,False
0,12310,364,12.2177884881,12.3270333333,False
0,12311,364,12.2964162369,12.3270333333,False
0,12312,364,12.2383066533,12.3270333333,False
0,12313,364,12.269812992,12.3270333333,False
0,12314,364,12.1833393942,12.3270333333,False
0,12315,364,12.2368652533,12.3270333333,False
0,12316,364,12.2132166754,12.3270333333,False
0,12317,364,12.3043231109,12.3270333333,False
0,12318,364,12.2494916103,12.3270333333,False
0,12319,364,12.2440003964,12.3270333333,False
0,12320,364,12.2579276214,12.3270333333,False
0,12321,364,12.2806971248,12.3270333333,False
0,12322,364,12.2572218382,12.3270333333,False
0,12323,364,12.2406668253,12.3270333333,False
0,12324,364,12.2435366667,12.3270333333,False
0,12325,364,12.2620620089,12.3270333333,False
0,12326,364,12.2702217184,12.3270333333,False
0,12327,364,12.2517819034,12.3270333333,False
0,12328,364,12.2589502452,12.3270333333,False
0,12329,364,12.248080266,12.3270333333,False
0,12330,364,12.2848721759,12.3270333333,False
0,12331,364,12.2640431183,12.3270333333,False
0,12332,364,12.2544557618,12.3270333333,False
0,12333,364,12.2826820607,12.3270333333,False
0,12334,364,12.2513077551,12.3270333333,False
0,12335,364,12.2552602696,12.3270333333,False
0,12336,364,12.2958828729,12.3270333333,False
0,12337,364,12.260862462,12.3270333333,False
0,12338,364,12.2701553891,12.3270333333,False
0,12339,364,12.3013391523,12.3270333333,False
0,12340,364,12.2383295607,12.3270333333,False
0,12341,364,12.2555502662,12.3270333333,False
0,12342,364,12.2510324636,12.3270333333,False
0,12343,364,12.3089117343,12.3270333333,False
0,12344,364,12.2756544628,12.3270333333,False
0,12345,364,12.2230604009,12.3270333333,False
0,12346,364,12.2654186246,12.3270333333,False
0,12347,364,12.2885479704,12.3270333333,False
0,12348,364,12.2655503342,12.3270333333,False
0,12349,364,12.2549127142,12.3270333333,False
0,12350,364,12.2191182244,12.3270333333,False
0,12351,364,12.2235667021,12.3270333333,False
0,12352,364,12.1960157973,12.3270333333,False
0,12353,364,12.2614345532,12.3270333333,False
0,12354,364,12.2444432161,12.3270333333,False
0,12355,364,12.23918097,12.3270333333,False
0,12356,364,12.2608409141,12.3270333333,False
0,12357,364,12.2398784961,12.3270333333,False
0,12358,364,12.2355916883,12.3270333333,False
0,12359,364,12.3256094952,12.3270333333,False
0,12360,364,12.2985354359,12.3270333333,False
0,12361,364,12.2372884416,12.3270333333,False
0,12362,364,12.2029259089,12.3270333333,False
0,12363,364,12.2464394999,12.3270333333,False
0,12364,364,12.2569781063,12.3270333333,False
0,12365,364,12.2440276546,12.3270333333,False
0,12366,364,12.2382429542,12.3270333333,False
0,12367,364,12.2517165046,12.3270333333,False
0,12368,364,12.2352775309,12.3270333333,False
0,12369,364,12.2243008953,12.3270333333,False
0,12370,364,12.2430585722,12.3270333333,False
0,12371,364,12.2305018932,12.3270333333,False
0,12372,364,12.2840725894,12.3270333333,False
0,12373,364,12.2681687366,12.3270333333,False
0,12374,364,12.2218324561,12.3270333333,False
0,12375,364,12.288106367,12.3270333333,False
0,12376,364,12.2514054299,12.3270333333,False
0,12377,364,12.2472447114,12.3270333333,False
0,12378,364,12.2958763069,12.3270333333,False
0,12379,364,12.2215786838,12.3270333333,False
0,12380,364,12.2636056364,12.3270333333,False
0,12381,364,12.2753888546,12.3270333333,False
0,12382,364,12.2567765492,12.3270333333,False
0,12383,364,12.2523700462,12.3270333333,False
0,12384,364,12.250572798,12.3270333333,False
0,12385,364,12.2374374763,12.3270333333,False
0,12386,364,12.2487376195,12.3270333333,False
0,12387,364,12.242626813,12.3270333333,False
0,12388,365,12.2711504504,12.3603666667,False
0,12389,365,12.3185098294,12.3603666667,False
0,12390,365,12.3025417791,12.3603666667,False
0,12391,365,12.2865185451,12.3603666667,False
0,12392,365,12.3014628937,12.3603666667,False
0,12393,365,12.3152415226,12.3603666667,False
0,12394,365,12.3177653445,12.3603666667,False
0,12395,365,12.2654643864,12.3603666667,False
0,12396,365,12.2778300908,12.3603666667,False
0,12397,366,12.3393153583,12.3937,False
0,12398,366,12.2891917657,12.3937,False
0,12399,366,12.3288879182,12.3937,False
0,12400,366,12.3146561263,12.3937,False
0,12401,366,12.3302001943,12.3937,False
0,12402,367,12.3410714867,12.4270333333,False
0,12403,367,12.3732668776,12.4270333333,False
0,12404,367,12.3898936116,12.4270333333,False
0,12405,367,12.3709356292,12.4270333333,False
0,12406,368,12.3960006309,12.4603666667,False
0,12407,368,12.4184975849,12.4603666667,False
0,12408,368,12.4201140136,12.4603666667,False
0,12409,368,12.3661423139,12.4603666667,False
0,12410,369,12.4846132009,12.4937,False
0,12411,369,12.4068145784,12.4937,False
0,12412,369,12.4275410653,12.4937,False
0,12413,369,12.443851998,12.4937,False
0,12414,369,12.4273803791,12.4937,False
0,12415,369,12.4440848789,12.4937,False
0,12416,369,12.4695683874,12.4937,False
0,12417,369,12.4234172893,12.4937,False
0,12418,369,12.387763586,12.4937,False
0,12419,369,12.4478511462,12.4937,False
0,12420,369,12.4328913556,12.4937,False
0,12421,369,12.447760423,12.4937,False
0,12422,369,12.4360398875,12.4937,False
0,12423,369,12.4197487968,12.4937,False
0,12424,369,12.4432049239,12.4937,False
0,12425,369,12.4408794593,12.4937,False
0,12426,369,12.4327197214,12.4937,False
0,12427,369,12.4479581507,12.4937,False
0,12428,369,12.4336819664,12.4937,False
0,12429,369,12.4379924656,12.4937,False
0,12430,369,12.4701834641,12.4937,False
0,12431,369,12.413090924,12.4937,False
0,12432,369,12.4532803939,12.4937,False
0,12433,369,12.4537142765,12.4937,False
0,12434,369,12.4838239203,12.4937,False
0,12435,369,12.4147292614,12.4937,False
0,12436,369,12.4112770281,12.4937,False
0,12437,369,12.4487051937,12.4937,False
0,12438,369,12.4271871014,12.4937,False
0,12439,369,12.4300424987,12.4937,False
0,12440,369,12.3688474228,12.4937,False
0,12441,369,12.428196598,12.4937,False
0,12442,369,12.4550277351,12.4937,False
0,12443,369,12.431515403,12.4937,False
0,12444,369,12.4228996399,12.4937,False
0,12445,369,12.4714713145,12.4937,False
0,12446,369,12.4513317168,12.4937,False
0,12447,369,12.4015393089,12.4937,False
0,12448,369,12.4364038364,12.4937,False
0,12449,369,12.3877514194,12.4937,False
0,12450,369,12.4424449834,12.4937,False
0,12451,369,12.4197617915,12.4937,False
0,12452,369,12.4147229889,12.4937,False
0,12453,369,12.4309911781,12.4937,False
0,12454,369,12.4142860499,12.4937,False
0,12455,369,12.4413264292,12.4937,False
0,12456,369,12.4389618388,12.4937,False
0,12457,369,12.4145646285,12.4937,False
0,12458,369,12.4041021845,12.4937,False
0,12459,369,12.4487864628,12.4937,False
0,12460,369,12.4385888746,12.4937,False
0,12461,369,12.4461922713,12.4937,False
0,12462,369,12.4000600478,12.4937,False
0,12463,369,12.4398936255,12.4937,False
0,12464,369,12.42679284,12.4937,False
0,12465,369,12.4335503221,12.4937,False
0,12466,369,12.4294841428,12.4937,False
0,12467,369,12.4123567706,12.4937,False
0,12468,369,12.4453923146,12.4937,False
0,12469,369,12.3948205102,12.4937,False
0,12470,369,12.4240183972,12.4937,False
0,12471,369,12.4467315628,12.4937,False
0,12472,369,12.4207529859,12.4937,False
0,12473,369,12.4227644144,12.4937,False
0,12474,369,12.4474216776,12.4937,False
0,12475,369,12.4425668708,12.4937,False
0,12476,369,12.3992538169,12.4937,False
0,12477,369,12.4349714352,12.4937,False
0,12478,369,12.4297547361,12.4937,False
0,12479,369,12.4150521792,12.4937,False
0,12480,369,12.4344485564,12.4937,False
0,12481,369,12.4291184257,12.4937,False
0,12482,369,12.3909796388,12.4937,False
0,12483,369,12.4363587241,12.4937,False
0,12484,369,12.4227069688,12.4937,False
0,12485,369,12.3871636589,12.4937,False
0,12486,369,12.4173212373,12.4937,False
0,12487,369,12.409608537,12.4937,False
0,12488,369,12.4310576624,12.4937,False
0,12489,369,12.4354727094,12.4937,False
0,12490,369,12.4748121185,12.4937,False
0,12491,369,12.4634451743,12.4937,False
0,12492,369,12.3987862285,12.4937,False
0,12493,369,12.4159980997,12.4937,False
0,12494,369,12.4580019869,12.4937,False
0,12495,369,12.435154075,12.4937,False
0,12496,369,12.3892757544,12.4937,False
0,12497,369,12.3910231151,12.4937,False
0,12498,369,12.4211896611,12.4937,False
0,12499,369,12.3907758504,12.4937,False
0,12500,369,12.4334957617,12.4937,False
0,12501,369,12.4184044828,12.4937,False
0,12502,369,12.4425616298,12.4937,False
0,12503,369,12.3984162697,12.4937,False
0,12504,369,12.4104769963,12.4937,False
0,12505,369,12.4515290346,12.4937,False
0,12506,369,12.4169341937,12.4937,False
0,12507,369,12.4115694995,12.4937,False
0,12508,369,12.4204605063,12.4937,False
0,12509,369,12.3967287276,12.4937,False
0,12510,369,12.4490146283,12.4937,False
0,12511,369,12.455874788,12.4937,False
0,12512,369,12.4072726681,12.4937,False
0,12513,369,12.4279334009,12.4937,False
0,12514,369,12.4750318827,12.4937,False
0,12515,369,12.4150226849,12.4937,False
0,12516,369,12.3836625768,12.4937,False
0,12517,369,12.4037243192,12.4937,False
0,12518,369,12.4196309905,12.4937,False
0,12519,369,12.4280780964,12.4937,False
0,12520,369,12.4192719597,12.4937,False
0,12521,369,12.4281691922,12.4937,False
0,12522,369,12.444321865,12.4937,False
0,12523,369,12.3780546181,12.4937,False
0,12524,369,12.4328685077,12.4937,False
0,12525,369,12.422023405,12.4937,False
0,12526,369,12.4679986279,12.4937,False
0,12527,369,12.412703044,12.4937,False
0,12528,369,12.4169095281,12.4937,False
0,12529,369,12.4105772443,12.4937,False
0,12530,369,12.4028781145,12.4937,False
0,12531,369,12.3963216019,12.4937,False
0,12532,369,12.4412709699,12.4937,False
0,12533,369,12.4244090275,12.4937,False
0,12534,369,12.4013545783,12.4937,False
0,12535,369,12.4544603297,12.4937,False
0,12536,369,12.4268152429,12.4937,False
0,12537,369,12.3988868202,12.4937,False
0,12538,369,12.3796638772,12.4937,False
0,12539,369,12.433670353,12.4937,False
0,12540,369,12.3826545254,12.4937,False
0,12541,369,12.4214554057,12.4937,False
0,12542,369,12.4178265233,12.4937,False
0,12543,369,12.4074332153,12.4937,False
0,12544,369,12.4448009162,12.4937,False
0,12545,369,12.4144609567,12.4937,False
0,12546,369,12.4183582054,12.4937,False
0,12547,369,12.3985945792,12.4937,False
0,12548,369,12.4349058426,12.4937,False
0,12549,369,12.3936228268,12.4937,False
0,12550,369,12.4346931964,12.4937,False
0,12551,369,12.4020662616,12.4937,False
0,12552,369,12.4083538211,12.4937,False
0,12553,369,12.4080953888,12.4937,False
0,12554,369,12.4213663283,12.4937,False
0,12555,369,12.3998232531,12.4937,False
0,12556,369,12.4343496467,12.4937,False
0,12557,369,12.4318539021,12.4937,False
0,12558,369,12.4263085248,12.4937,False
0,12559,369,12.3763458494,12.4937,False
0,12560,369,12.4427759436,12.4937,False
0,12561,369,12.4517186835,12.4937,False
0,12562,369,12.3866964116,12.4937,False
0,12563,369,12.4242938876,12.4937,False
0,12564,369,12.4353966561,12.4937,False
0,12565,369,12.469783698,12.4937,False
0,12566,369,12.3805714442,12.4937,False
0,12567,369,12.4196114861,12.4937,False
0,12568,369,12.4516923355,12.4937,False
0,12569,369,12.4199593197,12.4937,False
0,12570,369,12.412453963,12.4937,False
0,12571,369,12.4095853634,12.4937,False
0,12572,369,12.4536140233,12.4937,False
0,12573,369,12.4250895626,12.4937,False
0,12574,369,12.4189327844,12.4937,False
0,12575,369,12.3697342591,12.4937,False
0,12576,369,12.4119811847,12.4937,False
0,12577,369,12.4115311866,12.4937,False
0,12578,369,12.4616134755,12.4937,False
0,12579,369,12.3965929447,12.4937,False
0,12580,369,12.4046185681,12.4937,False
0,12581,369,12.4521066221,12.4937,False
0,12582,369,12.4225860545,12.4937,False
0,12583,369,12.4322351481,12.4937,False
0,12584,369,12.4321073599,12.4937,False
0,12585,369,12.4077611529,12.4937,False
0,12586,369,12.4139418814,12.4937,False
0,12587,369,12.4452421149,12.4937,False
0,12588,369,12.4533208753,12.4937,False
0,12589,369,12.4656350947,12.4937,False
0,12590,369,12.4167097377,12.4937,False
0,12591,369,12.4357396461,12.4937,False
0,12592,369,12.3887904305,12.4937,False
0,12593,369,12.4345260773,12.4937,False
0,12594,369,12.4586802624,12.4937,False
0,12595,369,12.4300888717,12.4937,False
0,12596,369,12.4520886346,12.4937,False
0,12597,369,12.4010055595,12.4937,False
0,12598,369,12.4455703145,12.4937,False
0,12599,369,12.4759218326,12.4937,False
0,12600,369,12.4219481057,12.4937,False
0,12601,369,12.4444798942,12.4937,False
0,12602,369,12.4468884625,12.4937,False
0,12603,369,12.4387858346,12.4937,False
0,12604,369,12.3856856534,12.4937,False
0,12605,369,12.4406494386,12.4937,False
0,12606,369,12.4461571811,12.4937,False
0,12607,369,12.3831776822,12.4937,False
0,12608,369,12.4341057161,12.4937,False
0,12609,369,12.3943930185,12.4937,False
0,12610,369,12.4254156031,12.4937,False
0,12611,369,12.4090772436,12.4937,False
0,12612,369,12.4130813947,12.4937,False
0,12613,369,12.4733066942,12.4937,False
0,12614,369,12.3877370555,12.4937,False
0,12615,369,12.3808915214,12.4937,False
0,12616,369,12.4131165351,12.4937,False
0,12617,369,12.4273828122,12.4937,False
0,12618,369,12.4496634173,12.4937,False
0,12619,369,12.4061462418,12.4937,False
0,12620,369,12.4510801903,12.4937,False
0,12621,369,12.4559417375,12.4937,False
0,12622,369,12.4365961164,12.4937,False
0,12623,369,12.4223113982,12.4937,False
0,12624,369,12.4085167121,12.4937,False
0,12625,369,12.4302173828,12.4937,False
0,12626,369,12.4299262535,12.4937,False
0,12627,369,12.3998097823,12.4937,False
0,12628,369,12.4595779067,12.4937,False
0,12629,369,12.5019552496,12.4937,True
0,12630,369,12.4501022276,12.4937,False
0,12631,369,12.4731436526,12.4937,False
0,12632,369,12.4553275855,12.4937,False
0,12633,369,12.4393909964,12.4937,False
0,12634,369,12.3973626472,12.4937,False
0,12635,369,12.4399957472,12.4937,False
0,12636,369,12.5044048358,12.4937,True
0,12637,369,12.4439034973,12.4937,False
0,12638,369,12.4203953492,12.4937,False
0,12639,369,12.425836988,12.4937,False
0,12640,369,12.3971415037,12.4937,False
0,12641,369,12.4133935982,12.4937,False
0,12642,369,12.4150229046,12.4937,False
0,12643,369,12.4041105666,12.4937,False
0,12644,369,12.40808572,12.4937,False
0,12645,369,12.381396548,12.4937,False
0,12646,369,12.3846374737,12.4937,False
0,12647,369,12.3871424712,12.4937,False
0,12648,369,12.404154729,12.4937,False
0,12649,369,12.4512336028,12.4937,False
0,12650,369,12.4213498184,12.4937,False
0,12651,369,12.4097662311,12.4937,False
0,12652,369,12.419899493,12.4937,False
0,12653,369,12.4610759325,12.4937,False
0,12654,369,12.4179541914,12.4937,False
0,12655,369,12.4189348836,12.4937,False
0,12656,369,12.4041513018,12.4937,False
0,12657,369,12.4083646551,12.4937,False
0,12658,369,12.4004080966,12.4937,False
0,12659,369,12.3904559763,12.4937,False
0,12660,369,12.4295007628,12.4937,False
0,12661,369,12.3809734546,12.4937,False
0,12662,369,12.441963905,12.4937,False
0,12663,369,12.4545339586,12.4937,False
0,12664,369,12.4572157741,12.4937,False
0,12665,369,12.3627649563,12.4937,False
0,12666,369,12.4855354321,12.4937,False
0,12667,369,12.4415793741,12.4937,False
0,12668,369,12.4173727351,12.4937,False
0,12669,369,12.4346459412,12.4937,False
0,12670,369,12.3807156402,12.4937,False
0,12671,369,12.3921548567,12.4937,False
0,12672,369,12.41357614,12.4937,False
0,12673,369,12.4548046259,12.4937,False
0,12674,369,12.4016985213,12.4937,False
0,12675,369,12.4180773372,12.4937,False
0,12676,369,12.4353223868,12.4937,False
0,12677,369,12.4270765945,12.4937,False
0,12678,369,12.4401705454,12.4937,False
0,12679,369,12.4030167758,12.4937,False
0,12680,369,12.3886508443,12.4937,False
0,12681,369,12.4361695093,12.4937,False
0,12682,369,12.4602666012,12.4937,False
0,12683,369,12.4371758716,12.4937,False
0,12684,369,12.4435869399,12.4937,False
0,12685,369,12.4261207383,12.4937,False
0,12686,369,12.4297405231,12.4937,False
0,12687,369,12.42289262,12.4937,False
0,12688,369,12.3810031484,12.4937,False
0,12689,369,12.4049508029,12.4937,False
0,12690,369,12.4140937506,12.4937,False
0,12691,369,12.4147995446,12.4937,False
0,12692,369,12.4139143428,12.4937,False
0,12693,369,12.431480569,12.4937,False
0,12694,369,12.4097639602,12.4937,False
0,12695,369,12.4239191483,12.4937,False
0,12696,369,12.44287091,12.4937,False
0,12697,369,12.453127588,12.4937,False
0,12698,369,12.4276072355,12.4937,False
0,12699,369,12.4114052457,12.4937,False
0,12700,369,12.4554146572,12.4937,False
0,12701,369,12.4339172156,12.4937,False
0,12702,369,12.4113476478,12.4937,False
0,12703,369,12.4404576039,12.4937,False
0,12704,369,12.4667435594,12.4937,False
0,12705,369,12.4377197731,12.4937,False
0,12706,369,12.4396364696,12.4937,False
0,12707,369,12.3924916491,12.4937,False
0,12708,369,12.4095153403,12.4937,False
0,12709,369,12.4271369464,12.4937,False
0,12710,369,12.3847221207,12.4937,False
0,12711,369,12.4222136419,12.4937,False
0,12712,369,12.4182746203,12.4937,False
0,12713,369,12.4378471938,12.4937,False
0,12714,369,12.4436163309,12.4937,False
0,12715,369,12.4238859231,12.4937,False
0,12716,369,12.4270738672,12.4937,False
0,12717,369,12.4284215026,12.4937,False
0,12718,369,12.4032763464,12.4937,False
0,12719,369,12.4176060873,12.4937,False
0,12720,369,12.4536024296,12.4937,False
0,12721,369,12.4616492519,12.4937,False
0,12722,369,12.4373028989,12.4937,False
0,12723,369,12.437967892,12.4937,False
0,12724,369,12.421330189,12.4937,False
0,12725,369,12.4115498299,12.4937,False
0,12726,369,12.4474795279,12.4937,False
0,12727,369,12.3967012453,12.4937,False
0,12728,369,12.3832899368,12.4937,False
0,12729,369,12.4008031028,12.4937,False
0,12730,369,12.4277699975,12.4937,False
0,12731,369,12.4677982796,12.4937,False
0,12732,369,12.4308301079,12.4937,False
0,12733,369,12.401700627,12.4937,False
0,12734,369,12.3790421018,12.4937,False
0,12735,369,12.3927233932,12.4937,False
0,12736,369,12.4026884513,12.4937,False
0,12737,369,12.4379194591,12.4937,False
0,12738,369,12.4298257098,12.4937,False
0,12739,369,12.4572204809,12.4937,False
0,12740,370,12.4717645436,12.5270333333,False
0,12741,370,12.4573982038,12.5270333333,False
0,12742,370,12.4471478304,12.5270333333,False
0,12743,370,12.4440700299,12.5270333333,False
0,12744,370,12.4677868366,12.5270333333,False
0,12745,370,12.4552978297,12.5270333333,False
0,12746,370,12.4753663598,12.5270333333,False
0,12747,370,12.4495066534,12.5270333333,False
0,12748,371,12.4856968388,12.5603666667,False
0,12749,371,12.5069722948,12.5603666667,False
0,12750,371,12.507081238,12.5603666667,False
0,12751,371,12.4365092911,12.5603666667,False
0,12752,372,12.5288137377,12.5937,False
0,12753,372,12.5089046663,12.5937,False
0,12754,372,12.5376711454,12.5937,False
0,12755,373,12.5315769787,12.6270333333,False
0,12756,373,12.5569471901,12.6270333333,False
0,12757,373,12.5804204159,12.6270333333,False
0,12758,373,12.5291925067,12.6270333333,False
0,12759,374,12.6108576939,12.6603666667,False
0,12760,374,12.6165788349,12.6603666667,False
0,12761,374,12.5865157353,12.6603666667,False
0,12762,374,12.5886617089,12.6603666667,False
0,12763,374,12.5869111794,12.6603666667,False
0,12764,374,12.5916632626,12.6603666667,False
0,12765,374,12.6364782232,12.6603666667,False
0,12766,374,12.5977310194,12.6603666667,False
0,12767,374,12.5564536572,12.6603666667,False
0,12768,374,12.5721410693,12.6603666667,False
0,12769,374,12.6382299176,12.6603666667,False
0,12770,374,12.5836933915,12.6603666667,False
0,12771,374,12.5901101481,12.6603666667,False
0,12772,374,12.5245164326,12.6603666667,False
0,12773,374,12.5583339371,12.6603666667,False
0,12774,374,12.5772824615,12.6603666667,False
0,12775,374,12.5806355497,12.6603666667,False
0,12776,374,12.5952859084,12.6603666667,False
0,12777,374,12.6130158481,12.6603666667,False
0,12778,374,12.6067437875,12.6603666667,False
0,12779,374,12.5630214243,12.6603666667,False
0,12780,374,12.5506179369,12.6603666667,False
0,12781,374,12.5668227541,12.6603666667,False
0,12782,374,12.5747927883,12.6603666667,False
0,12783,374,12.6377468662,12.6603666667,False
0,12784,374,12.5873977119,12.6603666667,False
0,12785,374,12.6229930351,12.6603666667,False
0,12786,374,12.6122358185,12.6603666667,False
0,12787,374,12.6164092727,12.6603666667,False
0,12788,374,12.6160741909,12.6603666667,False
0,12789,374,12.6234812765,12.6603666667,False
0,12790,374,12.5876276792,12.6603666667,False
0,12791,374,12.5793878611,12.6603666667,False
0,12792,374,12.5946820688,12.6603666667,False
0,12793,374,12.5815344846,12.6603666667,False
0,12794,374,12.6002792407,12.6603666667,False
0,12795,374,12.5377452854,12.6603666667,False
0,12796,374,12.5764958097,12.6603666667,False
0,12797,374,12.5937510364,12.6603666667,False
0,12798,374,12.6310353477,12.6603666667,False
0,12799,374,12.6118309199,12.6603666667,False
0,12800,374,12.5651499385,12.6603666667,False
0,12801,374,12.5990838807,12.6603666667,False
0,12802,374,12.5867551133,12.6603666667,False
0,12803,374,12.5647767122,12.6603666667,False
0,12804,374,12.5866266094,12.6603666667,False
0,12805,374,12.6037138192,12.6603666667,False
0,12806,374,12.5612921822,12.6603666667,False
0,12807,374,12.5938370495,12.6603666667,False
0,12808,374,12.6182424769,12.6603666667,False
0,12809,374,12.6106925222,12.6603666667,False
0,12810,374,12.6066397719,12.6603666667,False
0,12811,374,12.5997620318,12.6603666667,False
0,12812,374,12.5626777124,12.6603666667,False
0,12813,374,12.5853951474,12.6603666667,False
0,12814,374,12.5980356483,12.6603666667,False
0,12815,374,12.6154407617,12.6603666667,False
0,12816,374,12.6040532436,12.6603666667,False
0,12817,374,12.6028447309,12.6603666667,False
0,12818,374,12.5987326881,12.6603666667,False
0,12819,374,12.6179765765,12.6603666667,False
0,12820,374,12.5736394054,12.6603666667,False
0,12821,374,12.5887154248,12.6603666667,False
0,12822,374,12.5677985837,12.6603666667,False
0,12823,374,12.5775128376,12.6603666667,False
0,12824,374,12.5387006118,12.6603666667,False
0,12825,374,12.5960633425,12.6603666667,False
0,12826,374,12.5953613875,12.6603666667,False
0,12827,374,12.5884821172,12.6603666667,False
0,12828,374,12.5681120337,12.6603666667,False
0,12829,374,12.6036119978,12.6603666667,False
0,12830,374,12.5736311866,12.6603666667,False
0,12831,374,12.5966086967,12.6603666667,False
0,12832,374,12.5750325689,12.6603666667,False
0,12833,374,12.5820216768,12.6603666667,False
0,12834,374,12.6167628532,12.6603666667,False
0,12835,374,12.5968961107,12.6603666667,False
0,12836,374,12.5652280996,12.6603666667,False
0,12837,374,12.5887594135,12.6603666667,False
0,12838,374,12.6133158411,12.6603666667,False
0,12839,374,12.5631238001,12.6603666667,False
0,12840,374,12.6291478101,12.6603666667,False
0,12841,374,12.5841418922,12.6603666667,False
0,12842,374,12.6139050918,12.6603666667,False
0,12843,374,12.5801347943,12.6603666667,False
0,12844,374,12.5951673332,12.6603666667,False
0,12845,374,12.5878832203,12.6603666667,False
0,12846,374,12.6306304917,12.6603666667,False
0,12847,374,12.5996385065,12.6603666667,False
0,12848,374,12.597021289,12.6603666667,False
0,12849,374,12.6143247193,12.6603666667,False
0,12850,374,12.60286609,12.6603666667,False
0,12851,374,12.5804213644,12.6603666667,False
0,12852,374,12.6371249975,12.6603666667,False
0,12853,374,12.5672064287,12.6603666667,False
0,12854,374,12.6050747465,12.6603666667,False
0,12855,374,12.6124686773,12.6603666667,False
0,12856,374,12.572823848,12.6603666667,False
0,12857,374,12.5978029402,12.6603666667,False
0,12858,374,12.5767752382,12.6603666667,False
0,12859,374,12.569967195,12.6603666667,False
0,12860,374,12.6052148759,12.6603666667,False
0,12861,374,12.5896817042,12.6603666667,False
0,12862,374,12.5943017354,12.6603666667,False
0,12863,374,12.6278019215,12.6603666667,False
0,12864,374,12.5582524466,12.6603666667,False
0,12865,374,12.6515193596,12.6603666667,False
0,12866,374,12.5799888878,12.6603666667,False
0,12867,374,12.587534186,12.6603666667,False
0,12868,374,12.5899390744,12.6603666667,False
0,12869,374,12.610094779,12.6603666667,False
0,12870,374,12.539462301,12.6603666667,False
0,12871,374,12.6148209768,12.6603666667,False
0,12872,374,12.5497599466,12.6603666667,False
0,12873,374,12.580157867,12.6603666667,False
0,12874,374,12.545751375,12.6603666667,False
0,12875,374,12.5419637194,12.6603666667,False
0,12876,374,12.5802103923,12.6603666667,False
0,12877,374,12.6268422556,12.6603666667,False
0,12878,374,12.5641524899,12.6603666667,False
0,12879,374,12.5905141199,12.6603666667,False
0,12880,374,12.5751612221,12.6603666667,False
0,12881,374,12.5935574826,12.6603666667,False
0,12882,374,12.6449830901,12.6603666667,False
0,12883,374,12.6053027726,12.6603666667,False
0,12884,374,12.5690397198,12.6603666667,False
0,12885,374,12.5992561078,12.6603666667,False
0,12886,374,12.5871763118,12.6603666667,False
0,12887,374,12.6276275904,12.6603666667,False
0,12888,374,12.5904390386,12.6603666667,False
0,12889,374,12.5936295613,12.6603666667,False
0,12890,374,12.5805534735,12.6603666667,False
0,12891,374,12.6194960578,12.6603666667,False
0,12892,374,12.5542399134,12.6603666667,False
0,12893,374,12.6187962519,12.6603666667,False
0,12894,374,12.6110360166,12.6603666667,False
0,12895,374,12.6043291986,12.6603666667,False
0,12896,374,12.6113554869,12.6603666667,False
0,12897,374,12.6022986974,12.6603666667,False
0,12898,374,12.5963688052,12.6603666667,False
0,12899,374,12.561167688,12.6603666667,False
0,12900,374,12.5724544993,12.6603666667,False
0,12901,374,12.6009369981,12.6603666667,False
0,12902,374,12.5972423398,12.6603666667,False
0,12903,374,12.5860277497,12.6603666667,False
0,12904,374,12.5889188662,12.6603666667,False
0,12905,374,12.5994035441,12.6603666667,False
0,12906,374,12.5755883218,12.6603666667,False
0,12907,374,12.5765579475,12.6603666667,False
0,12908,374,12.6058072032,12.6603666667,False
0,12909,374,12.6044461218,12.6603666667,False
0,12910,374,12.6419092823,12.6603666667,False
0,12911,374,12.5864411432,12.6603666667,False
0,12912,374,12.5784217152,12.6603666667,False
0,12913,374,12.5505873811,12.6603666667,False
0,12914,374,12.5921671337,12.6603666667,False
0,12915,374,12.5675501253,12.6603666667,False
0,12916,374,12.5948649179,12.6603666667,False
0,12917,374,12.6000193348,12.6603666667,False
0,12918,374,12.5719576745,12.6603666667,False
0,12919,374,12.6047862966,12.6603666667,False
0,12920,374,12.5764700446,12.6603666667,False
0,12921,374,12.5757190327,12.6603666667,False
0,12922,374,12.6095746778,12.6603666667,False
0,12923,374,12.504829568,12.6603666667,False
0,12924,374,12.587342534,12.6603666667,False
0,12925,374,12.5970171935,12.6603666667,False
0,12926,374,12.6024049881,12.6603666667,False
0,12927,374,12.5829191353,12.6603666667,False
0,12928,374,12.6164473305,12.6603666667,False
0,12929,374,12.572119567,12.6603666667,False
0,12930,374,12.5940666718,12.6603666667,False
0,12931,374,12.5936645923,12.6603666667,False
0,12932,374,12.6318742564,12.6603666667,False
0,12933,374,12.5720754011,12.6603666667,False
0,12934,374,12.57479084,12.6603666667,False
0,12935,374,12.6141690048,12.6603666667,False
0,12936,374,12.5451706291,12.6603666667,False
0,12937,374,12.5920983857,12.6603666667,False
0,12938,374,12.6199166998,12.6603666667,False
0,12939,374,12.6535636372,12.6603666667,False
0,12940,374,12.6054871133,12.6603666667,False
0,12941,374,12.5587419054,12.6603666667,False
0,12942,374,12.5696726918,12.6603666667,False
0,12943,374,12.5926087289,12.6603666667,False
0,12944,374,12.6446244298,12.6603666667,False
0,12945,374,12.6646470701,12.6603666667,True
0,12946,374,12.5911684533,12.6603666667,False
0,12947,374,12.6001416583,12.6603666667,False
0,12948,374,12.5767982803,12.6603666667,False
0,12949,374,12.5955831044,12.6603666667,False
0,12950,374,12.5708242841,12.6603666667,False
0,12951,374,12.5860999122,12.6603666667,False
0,12952,374,12.6238495215,12.6603666667,False
0,12953,374,12.6015535385,12.6603666667,False
0,12954,374,12.5920845955,12.6603666667,False
0,12955,374,12.597851788,12.6603666667,False
0,12956,374,12.6275739314,12.6603666667,False
0,12957,374,12.5771590187,12.6603666667,False
0,12958,374,12.5922023778,12.6603666667,False
0,12959,374,12.599500874,12.6603666667,False
0,12960,374,12.5819612215,12.6603666667,False
0,12961,374,12.5858367677,12.6603666667,False
0,12962,374,12.5788115443,12.6603666667,False
0,12963,374,12.6124082598,12.6603666667,False
0,12964,374,12.5291361703,12.6603666667,False
0,12965,374,12.5993353927,12.6603666667,False
0,12966,374,12.6189268522,12.6603666667,False
0,12967,374,12.5743984232,12.6603666667,False
0,12968,374,12.6102970527,12.6603666667,False
0,12969,374,12.5798400069,12.6603666667,False
0,12970,374,12.5704993686,12.6603666667,False
0,12971,374,12.5707536516,12.6603666667,False
0,12972,374,12.593122797,12.6603666667,False
0,12973,374,12.5682778439,12.6603666667,False
0,12974,374,12.5642242057,12.6603666667,False
0,12975,374,12.5791366084,12.6603666667,False
0,12976,374,12.5589915476,12.6603666667,False
0,12977,374,12.5886358372,12.6603666667,False
0,12978,374,12.5698417777,12.6603666667,False
0,12979,374,12.6358157643,12.6603666667,False
0,12980,374,12.5511159843,12.6603666667,False
0,12981,374,12.6119707422,12.6603666667,False
0,12982,374,12.5275939156,12.6603666667,False
0,12983,374,12.5899317366,12.6603666667,False
0,12984,374,12.5761194031,12.6603666667,False
0,12985,374,12.6086896673,12.6603666667,False
0,12986,374,12.6146239869,12.6603666667,False
0,12987,374,12.6141945503,12.6603666667,False
0,12988,374,12.5573705298,12.6603666667,False
0,12989,374,12.5465785916,12.6603666667,False
0,12990,374,12.5874648502,12.6603666667,False
0,12991,374,12.6379873334,12.6603666667,False
0,12992,374,12.5784259534,12.6603666667,False
0,12993,374,12.5846891804,12.6603666667,False
0,12994,374,12.5735474177,12.6603666667,False
0,12995,374,12.617270165,12.6603666667,False
0,12996,374,12.6018175955,12.6603666667,False
0,12997,374,12.6118642352,12.6603666667,False
0,12998,374,12.6423873566,12.6603666667,False
0,12999,374,12.6158136079,12.6603666667,False
0,13000,374,12.6005659373,12.6603666667,False
0,13001,374,12.6008282038,12.6603666667,False
0,13002,374,12.6303831773,12.6603666667,False
0,13003,374,12.6400783249,12.6603666667,False
0,13004,374,12.6132189292,12.6603666667,False
0,13005,374,12.5767191537,12.6603666667,False
0,13006,374,12.5588485281,12.6603666667,False
0,13007,374,12.5671968764,12.6603666667,False
0,13008,374,12.6193826199,12.6603666667,False
0,13009,374,12.5795228403,12.6603666667,False
0,13010,374,12.5801709815,12.6603666667,False
0,13011,374,12.6008376039,12.6603666667,False
0,13012,374,12.5740075062,12.6603666667,False
0,13013,374,12.5818875489,12.6603666667,False
0,13014,374,12.627264399,12.6603666667,False
0,13015,374,12.5962386741,12.6603666667,False
0,13016,374,12.5977030388,12.6603666667,False
0,13017,374,12.5833995536,12.6603666667,False
0,13018,374,12.587297125,12.6603666667,False
0,13019,374,12.6026415039,12.6603666667,False
0,13020,374,12.5428879958,12.6603666667,False
0,13021,374,12.5611737277,12.6603666667,False
0,13022,374,12.5912998573,12.6603666667,False
0,13023,374,12.5905630332,12.6603666667,False
0,13024,374,12.6058107825,12.6603666667,False
0,13025,374,12.576681472,12.6603666667,False
0,13026,374,12.5688741249,12.6603666667,False
0,13027,374,12.6120320226,12.6603666667,False
0,13028,374,12.5878182808,12.6603666667,False
0,13029,374,12.5622258286,12.6603666667,False
0,13030,374,12.6184105171,12.6603666667,False
0,13031,374,12.6218279191,12.6603666667,False
0,13032,374,12.5868959813,12.6603666667,False
0,13033,374,12.6012144559,12.6603666667,False
0,13034,374,12.5823814632,12.6603666667,False
0,13035,374,12.5987458036,12.6603666667,False
0,13036,374,12.5820430128,12.6603666667,False
0,13037,374,12.6121091488,12.6603666667,False
0,13038,374,12.6099833966,12.6603666667,False
0,13039,374,12.6261993016,12.6603666667,False
0,13040,374,12.5846171953,12.6603666667,False
0,13041,374,12.566568803,12.6603666667,False
0,13042,374,12.5761738163,12.6603666667,False
0,13043,374,12.624619405,12.6603666667,False
0,13044,374,12.5647793634,12.6603666667,False
0,13045,374,12.5817193229,12.6603666667,False
0,13046,374,12.5574540456,12.6603666667,False
0,13047,374,12.5922030483,12.6603666667,False
0,13048,374,12.5638414412,12.6603666667,False
0,13049,374,12.5700489753,12.6603666667,False
0,13050,374,12.6156561276,12.6603666667,False
0,13051,374,12.5882635904,12.6603666667,False
0,13052,374,12.582956368,12.6603666667,False
0,13053,374,12.6025835979,12.6603666667,False
0,13054,374,12.5916329691,12.6603666667,False
0,13055,374,12.6221239097,12.6603666667,False
0,13056,374,12.5767098263,12.6603666667,False
0,13057,374,12.5803193696,12.6603666667,False
0,13058,374,12.5921652981,12.6603666667,False
0,13059,374,12.6387859347,12.6603666667,False
0,13060,374,12.5947779689,12.6603666667,False
0,13061,374,12.6207678203,12.6603666667,False
0,13062,374,12.5297921063,12.6603666667,False
0,13063,374,12.603060189,12.6603666667,False
0,13064,374,12.6229078458,12.6603666667,False
0,13065,374,12.5796689487,12.6603666667,False
0,13066,374,12.6190583608,12.6603666667,False
0,13067,374,12.601523426,12.6603666667,False
0,13068,374,12.5700427733,12.6603666667,False
0,13069,374,12.615151081,12.6603666667,False
0,13070,374,12.549172539,12.6603666667,False
0,13071,374,12.5727012705,12.6603666667,False
0,13072,374,12.5275293076,12.6603666667,False
0,13073,374,12.5836267804,12.6603666667,False
0,13074,374,12.5961874384,12.6603666667,False
0,13075,374,12.5888753499,12.6603666667,False
0,13076,374,12.6036435019,12.6603666667,False
0,13077,374,12.5717362271,12.6603666667,False
0,13078,374,12.5985317381,12.6603666667,False
0,13079,374,12.6200367662,12.6603666667,False
0,13080,374,12.5597763963,12.6603666667,False
0,13081,374,12.6306000772,12.6603666667,False
0,13082,374,12.6338480326,12.6603666667,False
0,13083,374,12.5762644016,12.6603666667,False
0,13084,374,12.5569973057,12.6603666667,False
0,13085,375,12.6349595423,12.6937,False
0,13086,375,12.61148624,12.6937,False
0,13087,375,12.5965564859,12.6937,False
0,13088,375,12.5964624368,12.6937,False
0,13089,375,12.6400594234,12.6937,False
0,13090,375,12.5817012141,12.6937,False
0,13091,375,12.6389245892,12.6937,False
0,13092,375,12.5986755075,12.6937,False
0,13093,376,12.6593542114,12.7270333333,False
0,13094,376,12.6863069106,12.7270333333,False
0,13095,376,12.6592775473,12.7270333333,False
0,13096,376,12.6149758863,12.7270333333,False
0,13097,376,12.580803029,12.7270333333,False
0,13098,377,12.68981575,12.7603666667,False
0,13099,377,12.6716129257,12.7603666667,False
0,13100,377,12.6616829374,12.7603666667,False
0,13101,378,12.74064599,12.7937,False
0,13102,378,12.7581833302,12.7937,False
0,13103,378,12.7514593714,12.7937,False
0,13104,378,12.7349014318,12.7937,False
0,13105,379,12.7464431656,12.8270333333,False
0,13106,379,12.8001661279,12.8270333333,False
0,13107,379,12.7550102754,12.8270333333,False
0,13108,379,12.7242388625,12.8270333333,False
0,13109,379,12.7112955837,12.8270333333,False
0,13110,379,12.7446184115,12.8270333333,False
0,13111,379,12.7994804433,12.8270333333,False
0,13112,379,12.7338723462,12.8270333333,False
0,13113,379,12.7370102197,12.8270333333,False
0,13114,379,12.7689761934,12.8270333333,False
0,13115,379,12.7263131863,12.8270333333,False
0,13116,379,12.7654170003,12.8270333333,False
0,13117,379,12.7034873123,12.8270333333,False
0,13118,379,12.7746786676,12.8270333333,False
0,13119,379,12.7947415475,12.8270333333,False
0,13120,379,12.7632882183,12.8270333333,False
0,13121,379,12.7336416306,12.8270333333,False
0,13122,379,12.7735218217,12.8270333333,False
0,13123,379,12.7390659975,12.8270333333,False
0,13124,379,12.7489914734,12.8270333333,False
0,13125,379,12.6834506932,12.8270333333,False
0,13126,379,12.7120083001,12.8270333333,False
0,13127,379,12.7705525203,12.8270333333,False
0,13128,379,12.7237267207,12.8270333333,False
0,13129,379,12.8017608803,12.8270333333,False
0,13130,379,12.7726938259,12.8270333333,False
0,13131,379,12.705585161,12.8270333333,False
0,13132,379,12.7684635505,12.8270333333,False
0,13133,379,12.7715226448,12.8270333333,False
0,13134,379,12.7924625265,12.8270333333,False
0,13135,379,12.7234999619,12.8270333333,False
0,13136,379,12.7482467752,12.8270333333,False
0,13137,379,12.7403651573,12.8270333333,False
0,13138,379,12.7822284203,12.8270333333,False
0,13139,379,12.7407584115,12.8270333333,False
0,13140,379,12.7203579407,12.8270333333,False
0,13141,379,12.7816610931,12.8270333333,False
0,13142,379,12.7652372997,12.8270333333,False
0,13143,379,12.7779752627,12.8270333333,False
0,13144,379,12.7858258588,12.8270333333,False
0,13145,379,12.7763605514,12.8270333333,False
0,13146,379,12.7828189339,12.8270333333,False
0,13147,379,12.7719993496,12.8270333333,False
0,13148,379,12.727734005,12.8270333333,False
0,13149,379,12.7848339233,12.8270333333,False
0,13150,379,12.7227635256,12.8270333333,False
0,13151,379,12.750214734,12.8270333333,False
0,13152,379,12.7298637073,12.8270333333,False
0,13153,379,12.750926867,12.8270333333,False
0,13154,379,12.7720851382,12.8270333333,False
0,13155,379,12.7880693771,12.8270333333,False
0,13156,379,12.7687548379,12.8270333333,False
0,13157,379,12.7294454335,12.8270333333,False
0,13158,379,12.7443911171,12.8270333333,False
0,13159,379,12.7246842482,12.8270333333,False
0,13160,379,12.7331667263,12.8270333333,False
0,13161,379,12.7217812423,12.8270333333,False
0,13162,379,12.7205301887,12.8270333333,False
0,13163,379,12.7573560478,12.8270333333,False
0,13164,379,12.742176131,12.8270333333,False
0,13165,379,12.761668056,12.8270333333,False
0,13166,379,12.799203852,12.8270333333,False
0,13167,379,12.7760774973,12.8270333333,False
0,13168,379,12.747393545,12.8270333333,False
0,13169,379,12.7747860814,12.8270333333,False
0,13170,379,12.7373640581,12.8270333333,False
0,13171,379,12.8218127088,12.8270333333,False
0,13172,379,12.7137169929,12.8270333333,False
0,13173,379,12.7459886523,12.8270333333,False
0,13174,379,12.7561657742,12.8270333333,False
0,13175,379,12.7395577724,12.8270333333,False
0,13176,379,12.763803332,12.8270333333,False
0,13177,379,12.7596685479,12.8270333333,False
0,13178,379,12.7346705434,12.8270333333,False
0,13179,379,12.7680164991,12.8270333333,False
0,13180,379,12.7736180491,12.8270333333,False
0,13181,379,12.786458249,12.8270333333,False
0,13182,379,12.7440420846,12.8270333333,False
0,13183,379,12.7406214304,12.8270333333,False
0,13184,379,12.7353980924,12.8270333333,False
0,13185,379,12.8104626359,12.8270333333,False
0,13186,379,12.7591771647,12.8270333333,False
0,13187,379,12.7863002154,12.8270333333,False
0,13188,379,12.762988273,12.8270333333,False
0,13189,379,12.7532494496,12.8270333333,False
0,13190,379,12.7412097111,12.8270333333,False
0,13191,379,12.7916700111,12.8270333333,False
0,13192,379,12.7479282333,12.8270333333,False
0,13193,379,12.7431715038,12.8270333333,False
0,13194,379,12.7508139306,12.8270333333,False
0,13195,379,12.761197082,12.8270333333,False
0,13196,379,12.7386772518,12.8270333333,False
0,13197,379,12.7588591571,12.8270333333,False
0,13198,379,12.7509710071,12.8270333333,False
0,13199,379,12.741761862,12.8270333333,False
0,13200,379,12.7275862573,12.8270333333,False
0,13201,379,12.7744255297,12.8270333333,False
0,13202,379,12.737763054,12.8270333333,False
0,13203,379,12.7649422718,12.8270333333,False
0,13204,379,12.7783558835,12.8270333333,False
0,13205,379,12.7319086513,12.8270333333,False
0,13206,379,12.7205416294,12.8270333333,False
0,13207,379,12.7747518458,12.8270333333,False
0,13208,379,12.7663059572,12.8270333333,False
0,13209,379,12.7169738849,12.8270333333,False
0,13210,379,12.7273434226,12.8270333333,False
0,13211,379,12.7585025894,12.8270333333,False
0,13212,379,12.8005565818,12.8270333333,False
0,13213,379,12.7569702705,12.8270333333,False
0,13214,379,12.7731733427,12.8270333333,False
0,13215,379,12.7504124026,12.8270333333,False
0,13216,379,12.761241864,12.8270333333,False
0,13217,379,12.7692178197,12.8270333333,False
0,13218,379,12.7292211867,12.8270333333,False
0,13219,379,12.739113839,12.8270333333,False
0,13220,379,12.7962506934,12.8270333333,False
0,13221,379,12.7579916132,12.8270333333,False
0,13222,379,12.7924385329,12.8270333333,False
0,13223,379,12.8000946898,12.8270333333,False
0,13224,379,12.7396895309,12.8270333333,False
0,13225,379,12.7348510251,12.8270333333,False
0,13226,379,12.745126732,12.8270333333,False
0,13227,379,12.7779943838,12.8270333333,False
0,13228,379,12.7681628607,12.8270333333,False
0,13229,379,12.8080942056,12.8270333333,False
0,13230,379,12.7471066091,12.8270333333,False
0,13231,379,12.7073183384,12.8270333333,False
0,13232,379,12.7625881602,12.8270333333,False
0,13233,379,12.7675457899,12.8270333333,False
0,13234,379,12.7410672307,12.8270333333,False
0,13235,379,12.7555761992,12.8270333333,False
0,13236,379,12.7710597745,12.8270333333,False
0,13237,379,12.7653306536,12.8270333333,False
0,13238,379,12.7570333502,12.8270333333,False
0,13239,379,12.7952013904,12.8270333333,False
0,13240,379,12.7510067845,12.8270333333,False
0,13241,379,12.7807557551,12.8270333333,False
0,13242,379,12.7709036031,12.8270333333,False
0,13243,379,12.8189635484,12.8270333333,False
0,13244,379,12.7505279023,12.8270333333,False
0,13245,379,12.7464843323,12.8270333333,False
0,13246,379,12.7891021669,12.8270333333,False
0,13247,379,12.7512049898,12.8270333333,False
0,13248,379,12.7401353191,12.8270333333,False
0,13249,379,12.8004234131,12.8270333333,False
0,13250,379,12.7030363464,12.8270333333,False
0,13251,379,12.7492931448,12.8270333333,False
0,13252,379,12.7702195308,12.8270333333,False
0,13253,379,12.7158886478,12.8270333333,False
0,13254,379,12.7486863736,12.8270333333,False
0,13255,379,12.7687413759,12.8270333333,False
0,13256,379,12.7747516002,12.8270333333,False
0,13257,379,12.8004935288,12.8270333333,False
0,13258,379,12.7435447453,12.8270333333,False
0,13259,379,12.7560668088,12.8270333333,False
0,13260,379,12.7482672535,12.8270333333,False
0,13261,379,12.7041817365,12.8270333333,False
0,13262,379,12.8004397785,12.8270333333,False
0,13263,379,12.8131104794,12.8270333333,False
0,13264,379,12.7478826588,12.8270333333,False
0,13265,379,12.7664668155,12.8270333333,False
0,13266,379,12.7510369415,12.8270333333,False
0,13267,379,12.744560672,12.8270333333,False
0,13268,379,12.7623682373,12.8270333333,False
0,13269,379,12.7550281805,12.8270333333,False
0,13270,379,12.7611275012,12.8270333333,False
0,13271,379,12.7642801705,12.8270333333,False
0,13272,379,12.7798509271,12.8270333333,False
0,13273,379,12.739386741,12.8270333333,False
0,13274,379,12.74730424,12.8270333333,False
0,13275,379,12.7423332009,12.8270333333,False
0,13276,379,12.7727690865,12.8270333333,False
0,13277,379,12.7541750508,12.8270333333,False
0,13278,379,12.7502109536,12.8270333333,False
0,13279,379,12.7542515973,12.8270333333,False
0,13280,379,12.7749914123,12.8270333333,False
0,13281,379,12.7728601979,12.8270333333,False
0,13282,379,12.7563582376,12.8270333333,False
0,13283,379,12.8021633943,12.8270333333,False
0,13284,379,12.7620518653,12.8270333333,False
0,13285,379,12.7402194326,12.8270333333,False
0,13286,379,12.7833487735,12.8270333333,False
0,13287,379,12.7861564795,12.8270333333,False
0,13288,379,12.7974973725,12.8270333333,False
0,13289,379,12.7630817027,12.8270333333,False
0,13290,379,12.7417765882,12.8270333333,False
0,13291,379,12.7633224927,12.8270333333,False
0,13292,379,12.7847347278,12.8270333333,False
0,13293,379,12.7495002473,12.8270333333,False
0,13294,379,12.7384969555,12.8270333333,False
0,13295,379,12.7517829525,12.8270333333,False
0,13296,379,12.7758124564,12.8270333333,False
0,13297,379,12.7766927062,12.8270333333,False
0,13298,379,12.775918037,12.8270333333,False
0,13299,379,12.7621098037,12.8270333333,False
0,13300,379,12.7054012631,12.8270333333,False
0,13301,379,12.7535813516,12.8270333333,False
0,13302,379,12.7294528556,12.8270333333,False
0,13303,379,12.7520010515,12.8270333333,False
0,13304,379,12.765267517,12.8270333333,False
0,13305,379,12.78448126,12.8270333333,False
0,13306,379,12.7775872778,12.8270333333,False
0,13307,379,12.7582664411,12.8270333333,False
0,13308,379,12.7503965551,12.8270333333,False
0,13309,379,12.7890283464,12.8270333333,False
0,13310,379,12.7606800496,12.8270333333,False
0,13311,379,12.7682308059,12.8270333333,False
0,13312,379,12.7611931468,12.8270333333,False
0,13313,379,12.7712854629,12.8270333333,False
0,13314,379,12.7296469776,12.8270333333,False
0,13315,379,12.72660936,12.8270333333,False
0,13316,379,12.7625513874,12.8270333333,False
0,13317,379,12.7388364519,12.8270333333,False
0,13318,379,12.7298181374,12.8270333333,False
0,13319,379,12.7375436319,12.8270333333,False
0,13320,379,12.808842044,12.8270333333,False
0,13321,379,12.7192244645,12.8270333333,False
0,13322,379,12.7599528469,12.8270333333,False
0,13323,379,12.8044911419,12.8270333333,False
0,13324,379,12.7756357493,12.8270333333,False
0,13325,379,12.7374590442,12.8270333333,False
0,13326,379,12.7514060635,12.8270333333,False
0,13327,379,12.7597268834,12.8270333333,False
0,13328,379,12.769202816,12.8270333333,False
0,13329,379,12.7679366195,12.8270333333,False
0,13330,379,12.7585970909,12.8270333333,False
0,13331,379,12.7257100627,12.8270333333,False
0,13332,379,12.735517647,12.8270333333,False
0,13333,379,12.7811645978,12.8270333333,False
0,13334,379,12.7666363451,12.8270333333,False
0,13335,379,12.7753230597,12.8270333333,False
0,13336,379,12.7969506025,12.8270333333,False
0,13337,379,12.7747432065,12.8270333333,False
0,13338,379,12.7868276863,12.8270333333,False
0,13339,379,12.7705600632,12.8270333333,False
0,13340,379,12.732262791,12.8270333333,False
0,13341,379,12.7921223734,12.8270333333,False
0,13342,379,12.7633931801,12.8270333333,False
0,13343,379,12.7622375116,12.8270333333,False
0,13344,379,12.7440657099,12.8270333333,False
0,13345,379,12.7566714622,12.8270333333,False
0,13346,379,12.7461896502,12.8270333333,False
0,13347,379,12.7314032007,12.8270333333,False
0,13348,379,12.7759296554,12.8270333333,False
0,13349,379,12.746797311,12.8270333333,False
0,13350,379,12.7598151561,12.8270333333,False
0,13351,379,12.7654882739,12.8270333333,False
0,13352,379,12.7666935616,12.8270333333,False
0,13353,379,12.7127864537,12.8270333333,False
0,13354,379,12.7346233017,12.8270333333,False
0,13355,379,12.7738247233,12.8270333333,False
0,13356,379,12.7898308373,12.8270333333,False
0,13357,379,12.7995930308,12.8270333333,False
0,13358,379,12.7765180547,12.8270333333,False
0,13359,379,12.7919464694,12.8270333333,False
0,13360,379,12.7465084393,12.8270333333,False
0,13361,379,12.7501071743,12.8270333333,False
0,13362,379,12.7838543252,12.8270333333,False
0,13363,379,12.71720532,12.8270333333,False
0,13364,379,12.7366297564,12.8270333333,False
0,13365,379,12.7528239593,12.8270333333,False
0,13366,379,12.7802638109,12.8270333333,False
0,13367,379,12.7906514775,12.8270333333,False
0,13368,379,12.7826334068,12.8270333333,False
0,13369,379,12.7676085454,12.8270333333,False
0,13370,379,12.7864372606,12.8270333333,False
0,13371,379,12.7151328486,12.8270333333,False
0,13372,379,12.7883306085,12.8270333333,False
0,13373,379,12.7709020369,12.8270333333,False
0,13374,379,12.7084930877,12.8270333333,False
0,13375,379,12.7787597848,12.8270333333,False
0,13376,379,12.7468366006,12.8270333333,False
0,13377,379,12.7800459014,12.8270333333,False
0,13378,379,12.7293235821,12.8270333333,False
0,13379,379,12.7217114226,12.8270333333,False
0,13380,379,12.7729414589,12.8270333333,False
0,13381,379,12.7610433016,12.8270333333,False
0,13382,379,12.7709135843,12.8270333333,False
0,13383,379,12.7820674117,12.8270333333,False
0,13384,379,12.7609128382,12.8270333333,False
0,13385,379,12.7557443797,12.8270333333,False
0,13386,379,12.7403669127,12.8270333333,False
0,13387,379,12.7612178404,12.8270333333,False
0,13388,379,12.7209925661,12.8270333333,False
0,13389,379,12.7865191105,12.8270333333,False
0,13390,379,12.7401906034,12.8270333333,False
0,13391,379,12.7647530473,12.8270333333,False
0,13392,379,12.7436300231,12.8270333333,False
0,13393,379,12.7926150412,12.8270333333,False
0,13394,379,12.7289697936,12.8270333333,False
0,13395,379,12.7906376714,12.8270333333,False
0,13396,379,12.76690431,12.8270333333,False
0,13397,379,12.7773916184,12.8270333333,False
0,13398,379,12.7533367275,12.8270333333,False
0,13399,379,12.7795449186,12.8270333333,False
0,13400,379,12.7245555102,12.8270333333,False
0,13401,379,12.755127575,12.8270333333,False
0,13402,379,12.8138994736,12.8270333333,False
0,13403,379,12.7431757241,12.8270333333,False
0,13404,379,12.7688499201,12.8270333333,False
0,13405,379,12.7095865213,12.8270333333,False
0,13406,379,12.7565877749,12.8270333333,False
0,13407,379,12.6899554979,12.8270333333,False
0,13408,379,12.796192536,12.8270333333,False
0,13409,379,12.7744482073,12.8270333333,False
0,13410,379,12.775650757,12.8270333333,False
0,13411,379,12.7674828945,12.8270333333,False
0,13412,379,12.7466968693,12.8270333333,False
0,13413,379,12.7411221478,12.8270333333,False
0,13414,379,12.7586979483,12.8270333333,False
0,13415,379,12.7350737285,12.8270333333,False
0,13416,379,12.7646733182,12.8270333333,False
0,13417,379,12.7535837212,12.8270333333,False
0,13418,379,12.7300745606,12.8270333333,False
0,13419,379,12.7725133636,12.8270333333,False
0,13420,379,12.7889082973,12.8270333333,False
0,13421,379,12.7533965927,12.8270333333,False
0,13422,380,12.8113427223,12.8603666667,False
0,13423,380,12.8015199297,12.8603666667,False
0,13424,380,12.7648618905,12.8603666667,False
0,13425,380,12.7737046921,12.8603666667,False
0,13426,380,12.7702579588,12.8603666667,False
0,13427,380,12.7672764006,12.8603666667,False
0,13428,380,12.7766667347,12.8603666667,False
0,13429,381,12.7768022904,12.8937,False
0,13430,381,12.8043584068,12.8937,False
0,13431,381,12.8784563132,12.8937,False
0,13432,381,12.850103128,12.8937,False
0,13433,381,12.8340131133,12.8937,False
0,13434,382,12.8345930676,12.9270333333,False
0,13435,382,12.8157490581,12.9270333333,False
0,13436,382,12.8598135298,12.9270333333,False
0,13437,382,12.8876194055,12.9270333333,False
0,13438,383,12.8912468466,12.9603666667,False
0,13439,383,12.8778900351,12.9603666667,False
0,13440,383,12.9193741363,12.9603666667,False
0,13441,383,12.8868182845,12.9603666667,False
0,13442,383,12.8772886367,12.9603666667,False
0,13443,384,12.8964091513,12.9937,False
0,13444,384,12.8885134603,12.9937,False
0,13445,384,12.8931064772,12.9937,False
0,13446,384,12.9219774515,12.9937,False
0,13447,384,12.9178068331,12.9937,False
0,13448,384,12.9050161664,12.9937,False
0,13449,384,12.897609533,12.9937,False
0,13450,384,12.9640909794,12.9937,False
0,13451,384,12.9600673627,12.9937,False
0,13452,384,12.9151201825,12.9937,False
0,13453,384,12.9479033296,12.9937,False
0,13454,384,12.953669397,12.9937,False
0,13455,384,12.9341458058,12.9937,False
0,13456,384,12.8943910518,12.9937,False
0,13457,384,12.9068025579,12.9937,False
0,13458,384,12.9235553292,12.9937,False
0,13459,384,12.9098218998,12.9937,False
0,13460,384,12.9492832993,12.9937,False
0,13461,384,12.8779772046,12.9937,False
0,13462,384,12.9397116092,12.9937,False
0,13463,384,12.9518628234,12.9937,False
0,13464,384,12.8989024633,12.9937,False
0,13465,384,12.963872846,12.9937,False
0,13466,384,12.9479971039,12.9937,False
0,13467,384,12.9199930236,12.9937,False
0,13468,384,12.9215557355,12.9937,False
0,13469,384,12.9715083032,12.9937,False
0,13470,384,12.9267520541,12.9937,False
0,13471,384,12.9855824498,12.9937,False
0,13472,384,12.9163575056,12.9937,False
0,13473,384,12.9107860919,12.9937,False
0,13474,384,12.9071184195,12.9937,False
0,13475,384,12.9094850885,12.9937,False
0,13476,384,12.9033731563,12.9937,False
0,13477,384,12.8851671654,12.9937,False
0,13478,384,12.9197162306,12.9937,False
0,13479,384,12.9158528904,12.9937,False
0,13480,384,12.9375334026,12.9937,False
0,13481,384,12.9354691358,12.9937,False
0,13482,384,12.9475426127,12.9937,False
0,13483,384,12.9004306617,12.9937,False
0,13484,384,12.962799562,12.9937,False
0,13485,384,12.9084449781,12.9937,False
0,13486,384,12.9690072127,12.9937,False
0,13487,384,12.9162714192,12.9937,False
0,13488,384,12.9155746932,12.9937,False
0,13489,384,12.9180818282,12.9937,False
0,13490,384,12.944888825,12.9937,False
0,13491,384,12.9028560206,12.9937,False
0,13492,384,12.9221875347,12.9937,False
0,13493,384,12.9397027902,12.9937,False
0,13494,384,12.9176778855,12.9937,False
0,13495,384,12.9522116751,12.9937,False
0,13496,384,12.9117966768,12.9937,False
0,13497,384,12.9106075177,12.9937,False
0,13498,384,12.9076317798,12.9937,False
0,13499,384,12.9443266779,12.9937,False
0,13500,384,12.9264697665,12.9937,False
0,13501,384,12.9083800845,12.9937,False
0,13502,384,12.8683905174,12.9937,False
0,13503,384,12.9237167188,12.9937,False
0,13504,384,12.931456064,12.9937,False
0,13505,384,12.9084898391,12.9937,False
0,13506,384,12.9841588446,12.9937,False
0,13507,384,12.8802459896,12.9937,False
0,13508,384,12.9445381334,12.9937,False
0,13509,384,12.9450308305,12.9937,False
0,13510,384,12.9312613425,12.9937,False
0,13511,384,12.9204031659,12.9937,False
0,13512,384,12.9550421906,12.9937,False
0,13513,384,12.9089037006,12.9937,False
0,13514,384,12.9275415221,12.9937,False
0,13515,384,12.9246174808,12.9937,False
0,13516,384,12.9558132958,12.9937,False
0,13517,384,12.9173793707,12.9937,False
0,13518,384,12.9363288251,12.9937,False
0,13519,384,12.9433908422,12.9937,False
0,13520,384,12.945190582,12.9937,False
0,13521,384,12.8900142507,12.9937,False
0,13522,384,12.9324051103,12.9937,False
0,13523,384,12.9064716135,12.9937,False
0,13524,384,12.9531767961,12.9937,False
0,13525,384,12.905590901,12.9937,False
0,13526,384,12.9164351649,12.9937,False
0,13527,384,12.9316696127,12.9937,False
0,13528,384,12.9166997743,12.9937,False
0,13529,384,12.9068449378,12.9937,False
0,13530,384,12.96409342,12.9937,False
0,13531,384,12.9560502235,12.9937,False
0,13532,384,12.92911967,12.9937,False
0,13533,384,12.9080739993,12.9937,False
0,13534,384,12.9127606608,12.9937,False
0,13535,384,12.9302951966,12.9937,False
0,13536,384,12.9170237565,12.9937,False
0,13537,384,12.9194733173,12.9937,False
0,13538,384,12.9097769977,12.9937,False
0,13539,384,12.8902689191,12.9937,False
0,13540,384,12.9417188545,12.9937,False
0,13541,384,12.9527268262,12.9937,False
0,13542,384,12.9372356591,12.9937,False
0,13543,384,12.9209030642,12.9937,False
0,13544,384,12.9440687435,12.9937,False
0,13545,384,12.9370105279,12.9937,False
0,13546,384,12.9460940081,12.9937,False
0,13547,384,12.906938375,12.9937,False
0,13548,384,12.879583219,12.9937,False
0,13549,384,12.931011626,12.9937,False
0,13550,384,12.9405918228,12.9937,False
0,13551,384,12.9008828099,12.9937,False
0,13552,384,12.9171526288,12.9937,False
0,13553,384,12.921532085,12.9937,False
0,13554,384,12.8812452368,12.9937,False
0,13555,384,12.946099143,12.9937,False
0,13556,384,12.9292001205,12.9937,False
0,13557,384,12.926724141,12.9937,False
0,13558,384,12.9290981736,12.9937,False
0,13559,384,12.9116362178,12.9937,False
0,13560,384,12.9122192848,12.9937,False
0,13561,384,12.928085164,12.9937,False
0,13562,384,12.9284518479,12.9937,False
0,13563,384,12.9372893698,12.9937,False
0,13564,384,12.9219858569,12.9937,False
0,13565,384,12.9131073332,12.9937,False
0,13566,384,12.9296547542,12.9937,False
0,13567,384,12.8898017004,12.9937,False
0,13568,384,12.9592835171,12.9937,False
0,13569,384,12.9116792596,12.9937,False
0,13570,384,12.9050199583,12.9937,False
0,13571,384,12.8846402728,12.9937,False
0,13572,384,12.9177147832,12.9937,False
0,13573,384,12.9577929242,12.9937,False
0,13574,384,12.9095680655,12.9937,False
0,13575,384,12.9064364173,12.9937,False
0,13576,384,12.943675451,12.9937,False
0,13577,384,12.9057348613,12.9937,False
0,13578,384,12.936464621,12.9937,False
0,13579,384,12.9281383668,12.9937,False
0,13580,384,12.9882452739,12.9937,False
0,13581,384,12.9185256091,12.9937,False
0,13582,384,12.9094628227,12.9937,False
0,13583,384,12.9170014402,12.9937,False
0,13584,384,12.9342096887,12.9937,False
0,13585,384,12.8929846687,12.9937,False
0,13586,384,12.8980145155,12.9937,False
0,13587,384,12.9369655833,12.9937,False
0,13588,384,12.93722651,12.9937,False
0,13589,384,12.9396970772,12.9937,False
0,13590,384,12.9227086595,12.9937,False
0,13591,384,12.9130196124,12.9937,False
0,13592,384,12.9559131899,12.9937,False
0,13593,384,12.9239705457,12.9937,False
0,13594,384,12.9252714309,12.9937,False
0,13595,384,12.9396230669,12.9937,False
0,13596,384,12.9054593873,12.9937,False
0,13597,384,12.9261549246,12.9937,False
0,13598,384,12.9275125365,12.9937,False
0,13599,384,12.9447263439,12.9937,False
0,13600,384,12.9351567298,12.9937,False
0,13601,384,12.9880437732,12.9937,False
0,13602,384,12.9066334767,12.9937,False
0,13603,384,12.9300608951,12.9937,False
0,13604,384,12.9293100733,12.9937,False
0,13605,384,12.9456666263,12.9937,False
0,13606,384,12.9187163952,12.9937,False
0,13607,384,12.8842629305,12.9937,False
0,13608,384,12.9283521261,12.9937,False
0,13609,384,12.8975855281,12.9937,False
0,13610,384,12.8933181018,12.9937,False
0,13611,384,12.8862806301,12.9937,False
0,13612,384,12.8767583424,12.9937,False
0,13613,384,12.9220105271,12.9937,False
0,13614,384,12.8850648318,12.9937,False
0,13615,384,12.9404844616,12.9937,False
0,13616,384,12.9202485855,12.9937,False
0,13617,384,12.9423802004,12.9937,False
0,13618,384,12.8864188184,12.9937,False
0,13619,384,12.9576802237,12.9937,False
0,13620,384,12.9205609268,12.9937,False
0,13621,384,12.9106317967,12.9937,False
0,13622,384,12.9575075765,12.9937,False
0,13623,384,12.9315211876,12.9937,False
0,13624,384,12.9319534529,12.9937,False
0,13625,384,12.9347896308,12.9937,False
0,13626,384,12.9436350289,12.9937,False
0,13627,384,12.9480389476,12.9937,False
0,13628,384,12.9235065547,12.9937,False
0,13629,384,12.9584067646,12.9937,False
0,13630,384,12.9192608987,12.9937,False
0,13631,384,12.9318334368,12.9937,False
0,13632,384,12.8905506534,12.9937,False
0,13633,384,12.8977878138,12.9937,False
0,13634,384,12.925606203,12.9937,False
0,13635,384,12.8998533757,12.9937,False
0,13636,384,12.9412217589,12.9937,False
0,13637,384,12.927130489,12.9937,False
0,13638,384,12.9808683215,12.9937,False
0,13639,384,12.9596030188,12.9937,False
0,13640,384,12.8907852099,12.9937,False
0,13641,384,12.9399511745,12.9937,False
0,13642,384,12.908815232,12.9937,False
0,13643,384,12.962168256,12.9937,False
0,13644,384,12.9556386464,12.9937,False
0,13645,384,12.9541393618,12.9937,False
0,13646,384,12.9026785576,12.9937,False
0,13647,384,12.928821452,12.9937,False
0,13648,384,12.9711338937,12.9937,False
0,13649,384,12.9265760846,12.9937,False
0,13650,384,12.933700912,12.9937,False
0,13651,384,12.9458076887,12.9937,False
0,13652,384,12.9205019984,12.9937,False
0,13653,384,12.9546241196,12.9937,False
0,13654,384,12.8987698117,12.9937,False
0,13655,384,12.9462718235,12.9937,False
0,13656,384,12.9474375612,12.9937,False
0,13657,384,12.9435077449,12.9937,False
0,13658,384,12.9394069682,12.9937,False
0,13659,384,12.9499574736,12.9937,False
0,13660,384,12.9053889136,12.9937,False
0,13661,384,12.9030200194,12.9937,False
0,13662,384,12.9440812682,12.9937,False
0,13663,384,12.953723283,12.9937,False
0,13664,384,12.9431234207,12.9937,False
0,13665,384,12.9218040234,12.9937,False
0,13666,384,12.9408081203,12.9937,False
0,13667,384,12.9516160309,12.9937,False
0,13668,384,12.8908059143,12.9937,False
0,13669,384,12.9421033636,12.9937,False
0,13670,384,12.8989692527,12.9937,False
0,13671,384,12.9586579112,12.9937,False
0,13672,384,12.9231146211,12.9937,False
0,13673,384,12.9082162302,12.9937,False
0,13674,384,12.9273377074,12.9937,False
0,13675,384,12.8969116192,12.9937,False
0,13676,384,12.917849536,12.9937,False
0,13677,384,12.9316594125,12.9937,False
0,13678,384,12.9112281207,12.9937,False
0,13679,384,12.914875733,12.9937,False
0,13680,384,12.9443681252,12.9937,False
0,13681,384,12.9312891609,12.9937,False
0,13682,384,12.9632676675,12.9937,False
0,13683,384,12.9320429667,12.9937,False
0,13684,384,12.9868759232,12.9937,False
0,13685,384,12.9494515392,12.9937,False
0,13686,384,12.9341062396,12.9937,False
0,13687,384,12.9256567893,12.9937,False
0,13688,384,12.9475555607,12.9937,False
0,13689,384,12.8930652784,12.9937,False
0,13690,384,12.9324347907,12.9937,False
0,13691,384,12.9619738795,12.9937,False
0,13692,384,12.9129284984,12.9937,False
0,13693,384,12.8758732555,12.9937,False
0,13694,384,12.9574635291,12.9937,False
0,13695,384,12.9206336042,12.9937,False
0,13696,384,12.8989518753,12.9937,False
0,13697,384,12.9262084473,12.9937,False
0,13698,384,12.9125262277,12.9937,False
0,13699,384,12.8946373867,12.9937,False
0,13700,384,12.9449356395,12.9937,False
0,13701,384,12.9409031063,12.9937,False
0,13702,384,12.9044466768,12.9937,False
0,13703,384,12.9469934227,12.9937,False
0,13704,384,12.9409550888,12.9937,False
0,13705,384,12.9255471042,12.9937,False
0,13706,384,12.8751689355,12.9937,False
0,13707,384,12.9364502367,12.9937,False
0,13708,384,12.9072376732,12.9937,False
0,13709,384,12.9555249755,12.9937,False
0,13710,384,12.8879596578,12.9937,False
0,13711,384,12.930774941,12.9937,False
0,13712,384,12.9459137704,12.9937,False
0,13713,384,12.9034466186,12.9937,False
0,13714,384,12.8939899626,12.9937,False
0,13715,384,12.9430746819,12.9937,False
0,13716,384,12.9408122531,12.9937,False
0,13717,384,12.8707953701,12.9937,False
0,13718,384,12.9433831351,12.9937,False
0,13719,384,12.9244424658,12.9937,False
0,13720,384,12.8882284143,12.9937,False
0,13721,384,12.9030866466,12.9937,False
0,13722,384,12.9559288228,12.9937,False
0,13723,384,12.8910090624,12.9937,False
0,13724,384,12.932836195,12.9937,False
0,13725,384,12.9274548306,12.9937,False
0,13726,384,12.9372830947,12.9937,False
0,13727,384,12.9590307968,12.9937,False
0,13728,384,12.9292150994,12.9937,False
0,13729,384,12.9218346684,12.9937,False
0,13730,384,12.9116540028,12.9937,False
0,13731,384,12.9558323235,12.9937,False
0,13732,384,12.9468975508,12.9937,False
0,13733,384,12.9236772974,12.9937,False
0,13734,384,12.8829394169,12.9937,False
0,13735,384,12.8940435554,12.9937,False
0,13736,384,12.9795074437,12.9937,False
0,13737,384,12.9212736832,12.9937,False
0,13738,384,12.8683771801,12.9937,False
0,13739,384,12.9285299914,12.9937,False
0,13740,384,12.9160244938,12.9937,False
0,13741,384,12.8908411106,12.9937,False
0,13742,384,12.9670500435,12.9937,False
0,13743,384,12.9619926011,12.9937,False
0,13744,384,12.9122466546,12.9937,False
0,13745,384,12.8872900159,12.9937,False
0,13746,384,12.9735981187,12.9937,False
0,13747,384,12.9091766456,12.9937,False
0,13748,384,12.904663164,12.9937,False
0,13749,384,12.9311149816,12.9937,False
0,13750,384,12.9588043476,12.9937,False
0,13751,384,12.9446326225,12.9937,False
0,13752,384,12.9234029396,12.9937,False
0,13753,384,12.9089845539,12.9937,False
0,13754,384,12.9289914786,12.9937,False
0,13755,384,12.9031649824,12.9937,False
0,13756,384,12.9542918439,12.9937,False
0,13757,384,12.9197634675,12.9937,False
0,13758,384,12.933019328,12.9937,False
0,13759,384,12.9416181893,12.9937,False
0,13760,384,12.9065517981,12.9937,False
0,13761,384,12.8990024679,12.9937,False
0,13762,384,12.936533582,12.9937,False
0,13763,384,12.9628227063,12.9937,False
0,13764,384,12.9458765176,12.9937,False
0,13765,385,12.8949704149,13.0270333333,False
0,13766,385,12.9498658252,13.0270333333,False
0,13767,385,12.9510585811,13.0270333333,False
0,13768,385,12.9497963528,13.0270333333,False
0,13769,385,12.9473083794,13.0270333333,False
0,13770,385,12.9725780243,13.0270333333,False
0,13771,385,12.928361922,13.0270333333,False
0,13772,385,13.0024422081,13.0270333333,False
0,13773,385,12.9733513483,13.0270333333,False
0,13774,386,13.0089366848,13.0603666667,False
0,13775,386,12.9654799398,13.0603666667,False
0,13776,386,12.9824394724,13.0603666667,False
0,13777,386,13.0240058622,13.0603666667,False
0,13778,386,12.9819813815,13.0603666667,False
0,13779,387,13.0307102815,13.0937,False
0,13780,387,13.0204360147,13.0937,False
0,13781,387,13.0285993412,13.0937,False
0,13782,387,13.0283431729,13.0937,False
0,13783,388,13.0685824412,13.1270333333,False
0,13784,388,13.0877772409,13.1270333333,False
0,13785,388,13.0966594966,13.1270333333,False
0,13786,388,13.0901641714,13.1270333333,False
0,13787,389,13.0972662138,13.1603666667,False
0,13788,389,13.0702521527,13.1603666667,False
0,13789,389,13.0445945291,13.1603666667,False
0,13790,389,13.0214937775,13.1603666667,False
0,13791,389,13.0904497813,13.1603666667,False
0,13792,389,13.0460632036,13.1603666667,False
0,13793,389,13.119453558,13.1603666667,False
0,13794,389,13.1110524769,13.1603666667,False
0,13795,389,13.0821602007,13.1603666667,False
0,13796,389,13.0708854417,13.1603666667,False
0,13797,389,13.0689448471,13.1603666667,False
0,13798,389,13.0691284619,13.1603666667,False
0,13799,389,13.0901634325,13.1603666667,False
0,13800,389,13.1416159573,13.1603666667,False
0,13801,389,13.1042669884,13.1603666667,False
0,13802,389,13.1264733083,13.1603666667,False
0,13803,389,13.0643206771,13.1603666667,False
0,13804,389,13.1046156321,13.1603666667,False
0,13805,389,13.1172088408,13.1603666667,False
0,13806,389,13.0975120444,13.1603666667,False
0,13807,389,13.1048415719,13.1603666667,False
0,13808,389,13.0822665059,13.1603666667,False
0,13809,389,13.0976807219,13.1603666667,False
0,13810,389,13.0527910002,13.1603666667,False
0,13811,389,13.097933009,13.1603666667,False
0,13812,389,13.129050799,13.1603666667,False
0,13813,389,13.1110166689,13.1603666667,False
0,13814,389,13.0991971249,13.1603666667,False
0,13815,389,13.0859475738,13.1603666667,False
0,13816,389,13.0970817458,13.1603666667,False
0,13817,389,13.090932786,13.1603666667,False
0,13818,389,13.0604878903,13.1603666667,False
0,13819,389,13.0866959028,13.1603666667,False
0,13820,389,13.0904815833,13.1603666667,False
0,13821,389,13.1025838836,13.1603666667,False
0,13822,389,13.1120386101,13.1603666667,False
0,13823,389,13.0990692815,13.1603666667,False
0,13824,389,13.0828775149,13.1603666667,False
0,13825,389,13.1072504644,13.1603666667,False
0,13826,389,13.1001322404,13.1603666667,False
0,13827,389,13.1253635658,13.1603666667,False
0,13828,389,13.0510789861,13.1603666667,False
0,13829,389,13.1012336704,13.1603666667,False
0,13830,389,13.0205248399,13.1603666667,False
0,13831,389,13.1299620639,13.1603666667,False
0,13832,389,13.1041993237,13.1603666667,False
0,13833,389,13.115521583,13.1603666667,False
0,13834,389,13.0732156089,13.1603666667,False
0,13835,389,13.0628365229,13.1603666667,False
0,13836,389,13.0938156022,13.1603666667,False
0,13837,389,13.1050207108,13.1603666667,False
0,13838,389,13.1030943421,13.1603666667,False
0,13839,389,13.0791168375,13.1603666667,False
0,13840,389,13.0675956878,13.1603666667,False
0,13841,389,13.0881482277,13.1603666667,False
0,13842,389,13.0789844645,13.1603666667,False
0,13843,389,13.0723806413,13.1603666667,False
0,13844,389,13.0792845223,13.1603666667,False
0,13845,389,13.0763757214,13.1603666667,False
0,13846,389,13.0640981898,13.1603666667,False
0,13847,389,13.0854480857,13.1603666667,False
0,13848,389,13.0893781617,13.1603666667,False
0,13849,389,13.0690879836,13.1603666667,False
0,13850,389,13.0722353059,13.1603666667,False
0,13851,389,13.0936048154,13.1603666667,False
0,13852,389,13.092773302,13.1603666667,False
0,13853,389,13.1193037938,13.1603666667,False
0,13854,389,13.1439017472,13.1603666667,False
0,13855,389,13.0759336733,13.1603666667,False
0,13856,389,13.0656948093,13.1603666667,False
0,13857,389,13.1165829941,13.1603666667,False
0,13858,389,13.1278880588,13.1603666667,False
0,13859,389,13.0612475711,13.1603666667,False
0,13860,389,13.1097426659,13.1603666667,False
0,13861,389,13.0882998808,13.1603666667,False
0,13862,389,13.0930893668,13.1603666667,False
0,13863,389,13.0578974807,13.1603666667,False
0,13864,389,13.0705291894,13.1603666667,False
0,13865,389,13.1094470399,13.1603666667,False
0,13866,389,13.1101288447,13.1603666667,False
0,13867,389,13.0982956238,13.1603666667,False
0,13868,389,13.0756194828,13.1603666667,False
0,13869,389,13.1032655826,13.1603666667,False
0,13870,389,13.0738761247,13.1603666667,False
0,13871,389,13.1311164735,13.1603666667,False
0,13872,389,13.1178139157,13.1603666667,False
0,13873,389,13.0905937498,13.1603666667,False
0,13874,389,13.1100566865,13.1603666667,False
0,13875,389,13.1005289583,13.1603666667,False
0,13876,389,13.0914138515,13.1603666667,False
0,13877,389,13.0769981952,13.1603666667,False
0,13878,389,13.0700820113,13.1603666667,False
0,13879,389,13.0439225135,13.1603666667,False
0,13880,389,13.0722524828,13.1603666667,False
0,13881,389,13.1112645033,13.1603666667,False
0,13882,389,13.13316029,13.1603666667,False
0,13883,389,13.0897004676,13.1603666667,False
0,13884,389,13.0723512168,13.1603666667,False
0,13885,389,13.0913345774,13.1603666667,False
0,13886,389,13.0814035474,13.1603666667,False
0,13887,389,13.1112747333,13.1603666667,False
0,13888,389,13.0870580796,13.1603666667,False
0,13889,389,13.0954987878,13.1603666667,False
0,13890,389,13.1744542689,13.1603666667,True
0,13891,389,13.0878900502,13.1603666667,False
0,13892,389,13.0718892085,13.1603666667,False
0,13893,389,13.0853473664,13.1603666667,False
0,13894,389,13.1149352303,13.1603666667,False
0,13895,389,13.0680250491,13.1603666667,False
0,13896,389,13.0884719218,13.1603666667,False
0,13897,389,13.0673793221,13.1603666667,False
0,13898,389,13.12349252,13.1603666667,False
0,13899,389,13.099734561,13.1603666667,False
0,13900,389,13.1047452755,13.1603666667,False
0,13901,389,13.1575948418,13.1603666667,False
0,13902,389,13.081469012,13.1603666667,False
0,13903,389,13.1108630761,13.1603666667,False
0,13904,389,13.0847355697,13.1603666667,False
0,13905,389,13.1353908567,13.1603666667,False
0,13906,389,13.0405929963,13.1603666667,False
0,13907,389,13.106222914,13.1603666667,False
0,13908,389,13.0758055404,13.1603666667,False
0,13909,389,13.1156698314,13.1603666667,False
0,13910,389,13.1086826826,13.1603666667,False
0,13911,389,13.0698209826,13.1603666667,False
0,13912,389,13.0952222543,13.1603666667,False
0,13913,389,13.0880560739,13.1603666667,False
0,13914,389,13.1144565902,13.1603666667,False
0,13915,389,13.08347203,13.1603666667,False
0,13916,389,13.0877887274,13.1603666667,False
0,13917,389,13.0338827402,13.1603666667,False
0,13918,389,13.0726035364,13.1603666667,False
0,13919,389,13.0518258414,13.1603666667,False
0,13920,389,13.1367427972,13.1603666667,False
0,13921,389,13.0548390738,13.1603666667,False
0,13922,389,13.0845956124,13.1603666667,False
0,13923,389,13.1340359159,13.1603666667,False
0,13924,389,13.0903818267,13.1603666667,False
0,13925,389,13.1261913125,13.1603666667,False
0,13926,389,13.0888012246,13.1603666667,False
0,13927,389,13.0855285764,13.1603666667,False
0,13928,389,13.1130252329,13.1603666667,False
0,13929,389,13.1012536239,13.1603666667,False
0,13930,389,13.1250038168,13.1603666667,False
0,13931,389,13.0967294003,13.1603666667,False
0,13932,389,13.0682211511,13.1603666667,False
0,13933,389,13.0931099938,13.1603666667,False
0,13934,389,13.0784879693,13.1603666667,False
0,13935,389,13.087576477,13.1603666667,False
0,13936,389,13.1053342403,13.1603666667,False
0,13937,389,13.0859742566,13.1603666667,False
0,13938,389,13.0474440701,13.1603666667,False
0,13939,389,13.1019619534,13.1603666667,False
0,13940,389,13.0797979309,13.1603666667,False
0,13941,389,13.0842975234,13.1603666667,False
0,13942,389,13.1106194906,13.1603666667,False
0,13943,389,13.1110493726,13.1603666667,False
0,13944,389,13.1054851731,13.1603666667,False
0,13945,389,13.0705012683,13.1603666667,False
0,13946,389,13.1192286724,13.1603666667,False
0,13947,389,13.0797794631,13.1603666667,False
0,13948,389,13.1143650176,13.1603666667,False
0,13949,389,13.1406472024,13.1603666667,False
0,13950,389,13.1109267958,13.1603666667,False
0,13951,389,13.0499414317,13.1603666667,False
0,13952,389,13.1242636691,13.1603666667,False
0,13953,389,13.1336333312,13.1603666667,False
0,13954,389,13.11910731,13.1603666667,False
0,13955,389,13.0930952529,13.1603666667,False
0,13956,389,13.0623779265,13.1603666667,False
0,13957,389,13.094376155,13.1603666667,False
0,13958,389,13.064467866,13.1603666667,False
0,13959,389,13.0820808071,13.1603666667,False
0,13960,389,13.114793311,13.1603666667,False
0,13961,389,13.0708678801,13.1603666667,False
0,13962,389,13.1281742958,13.1603666667,False
0,13963,389,13.0531082394,13.1603666667,False
0,13964,389,13.1075041824,13.1603666667,False
0,13965,389,13.1079450342,13.1603666667,False
0,13966,389,13.106281644,13.1603666667,False
0,13967,389,13.0289778367,13.1603666667,False
0,13968,389,13.0991178297,13.1603666667,False
0,13969,389,13.0910173703,13.1603666667,False
0,13970,389,13.0758605027,13.1603666667,False
0,13971,389,13.0722255137,13.1603666667,False
0,13972,389,13.1242917061,13.1603666667,False
0,13973,389,13.0748476216,13.1603666667,False
0,13974,389,13.08064455,13.1603666667,False
0,13975,389,13.0815175937,13.1603666667,False
0,13976,389,13.0680226868,13.1603666667,False
0,13977,389,13.0962613639,13.1603666667,False
0,13978,389,13.0551011868,13.1603666667,False
0,13979,389,13.0774800301,13.1603666667,False
0,13980,389,13.0902997545,13.1603666667,False
0,13981,389,13.1126027562,13.1603666667,False
0,13982,389,13.0862872418,13.1603666667,False
0,13983,389,13.1003653131,13.1603666667,False
0,13984,389,13.0888070141,13.1603666667,False
0,13985,389,13.0953665549,13.1603666667,False
0,13986,389,13.1069471058,13.1603666667,False
0,13987,389,13.0939428426,13.1603666667,False
0,13988,389,13.1120760074,13.1603666667,False
0,13989,389,13.0868855663,13.1603666667,False
0,13990,389,13.1210119931,13.1603666667,False
0,13991,389,13.0856819101,13.1603666667,False
0,13992,389,13.1001292946,13.1603666667,False
0,13993,389,13.0610564114,13.1603666667,False
0,13994,389,13.0843269591,13.1603666667,False
0,13995,389,13.090594278,13.1603666667,False
0,13996,389,13.0990579333,13.1603666667,False
0,13997,389,13.0898653472,13.1603666667,False
0,13998,389,13.0903001209,13.1603666667,False
0,13999,389,13.0912949373,13.1603666667,False
0,14000,389,13.1054759483,13.1603666667,False
0,14001,389,13.1191295197,13.1603666667,False
0,14002,389,13.1002958256,13.1603666667,False
0,14003,389,13.0442548858,13.1603666667,False
0,14004,389,13.1256595156,13.1603666667,False
0,14005,389,13.085143512,13.1603666667,False
0,14006,389,13.0721064255,13.1603666667,False
0,14007,389,13.1421788044,13.1603666667,False
0,14008,389,13.1175842592,13.1603666667,False
0,14009,389,13.0857999025,13.1603666667,False
0,14010,389,13.0877249001,13.1603666667,False
0,14011,389,13.1057961454,13.1603666667,False
0,14012,389,13.094823305,13.1603666667,False
0,14013,389,13.1299233971,13.1603666667,False
0,14014,389,13.1379405502,13.1603666667,False
0,14015,389,13.1277511223,13.1603666667,False
0,14016,389,13.0770402653,13.1603666667,False
0,14017,389,13.0812581292,13.1603666667,False
0,14018,389,13.056341275,13.1603666667,False
0,14019,389,13.1234576168,13.1603666667,False
0,14020,389,13.0947423517,13.1603666667,False
0,14021,389,13.0778844561,13.1603666667,False
0,14022,389,13.081350367,13.1603666667,False
0,14023,389,13.1199725582,13.1603666667,False
0,14024,389,13.1017500995,13.1603666667,False
0,14025,389,13.1213519446,13.1603666667,False
0,14026,389,13.1164650717,13.1603666667,False
0,14027,389,13.0630492521,13.1603666667,False
0,14028,389,13.0949667471,13.1603666667,False
0,14029,389,13.0411177234,13.1603666667,False
0,14030,389,13.1238995593,13.1603666667,False
0,14031,389,13.0895143309,13.1603666667,False
0,14032,389,13.1339240865,13.1603666667,False
0,14033,389,13.1201610617,13.1603666667,False
0,14034,389,13.1245130162,13.1603666667,False
0,14035,389,13.0929298026,13.1603666667,False
0,14036,389,13.0728788178,13.1603666667,False
0,14037,389,13.0579903212,13.1603666667,False
0,14038,389,13.0611938993,13.1603666667,False
0,14039,389,13.0432546022,13.1603666667,False
0,14040,389,13.1096294123,13.1603666667,False
0,14041,389,13.0528062863,13.1603666667,False
0,14042,389,13.0919646417,13.1603666667,False
0,14043,389,13.0820600819,13.1603666667,False
0,14044,389,13.1222895801,13.1603666667,False
0,14045,389,13.0855697898,13.1603666667,False
0,14046,389,13.0725231215,13.1603666667,False
0,14047,389,13.1154986887,13.1603666667,False
0,14048,389,13.1066610801,13.1603666667,False
0,14049,389,13.0434123294,13.1603666667,False
0,14050,389,13.0769009846,13.1603666667,False
0,14051,389,13.051916217,13.1603666667,False
0,14052,389,13.084848809,13.1603666667,False
0,14053,389,13.0733338747,13.1603666667,False
0,14054,389,13.0434885271,13.1603666667,False
0,14055,389,13.1063487773,13.1603666667,False
0,14056,389,13.1331927961,13.1603666667,False
0,14057,389,13.0966094138,13.1603666667,False
0,14058,389,13.1077786976,13.1603666667,False
0,14059,389,13.1205086572,13.1603666667,False
0,14060,389,13.0737828749,13.1603666667,False
0,14061,389,13.0916090405,13.1603666667,False
0,14062,389,13.1132572258,13.1603666667,False
0,14063,389,13.1345868781,13.1603666667,False
0,14064,389,13.0951876524,13.1603666667,False
0,14065,389,13.11784349,13.1603666667,False
0,14066,389,13.1092338417,13.1603666667,False
0,14067,389,13.1105224065,13.1603666667,False
0,14068,389,13.0648509031,13.1603666667,False
0,14069,389,13.1162106483,13.1603666667,False
0,14070,389,13.0678412064,13.1603666667,False
0,14071,389,13.0543036254,13.1603666667,False
0,14072,389,13.0990451788,13.1603666667,False
0,14073,389,13.0978993177,13.1603666667,False
0,14074,389,13.1025439798,13.1603666667,False
0,14075,389,13.0408533962,13.1603666667,False
0,14076,389,13.0535042494,13.1603666667,False
0,14077,389,13.0523934392,13.1603666667,False
0,14078,389,13.042105917,13.1603666667,False
0,14079,389,13.0857101956,13.1603666667,False
0,14080,389,13.1047447644,13.1603666667,False
0,14081,389,13.1263556847,13.1603666667,False
0,14082,389,13.0563034326,13.1603666667,False
0,14083,389,13.0834625766,13.1603666667,False
0,14084,389,13.0925007521,13.1603666667,False
0,14085,389,13.1161740852,13.1603666667,False
0,14086,389,13.1001086845,13.1603666667,False
0,14087,389,13.0714149689,13.1603666667,False
0,14088,389,13.0765655412,13.1603666667,False
0,14089,389,13.0909926783,13.1603666667,False
0,14090,389,13.0837288494,13.1603666667,False
0,14091,389,13.0536900547,13.1603666667,False
0,14092,389,13.0694923387,13.1603666667,False
0,14093,389,13.1120076733,13.1603666667,False
0,14094,389,13.115695578,13.1603666667,False
0,14095,389,13.1307466419,13.1603666667,False
0,14096,389,13.0475568641,13.1603666667,False
0,14097,389,13.0889500858,13.1603666667,False
0,14098,389,13.0665384218,13.1603666667,False
0,14099,389,13.0670976629,13.1603666667,False
0,14100,389,13.0683662994,13.1603666667,False
0,14101,389,13.0646922972,13.1603666667,False
0,14102,389,13.1078955675,13.1603666667,False
0,14103,389,13.0304122816,13.1603666667,False
0,14104,389,13.1224998198,13.1603666667,False
0,14105,389,13.1182007904,13.1603666667,False
0,14106,389,13.1712403914,13.1603666667,True
0,14107,389,13.1686173667,13.1603666667,True
0,14108,389,13.0703465225,13.1603666667,False
0,14109,389,13.0829426368,13.1603666667,False
0,14110,389,13.0917131046,13.1603666667,False
0,14111,389,13.140940124,13.1603666667,False
0,14112,389,13.1082482079,13.1603666667,False
0,14113,389,13.0425687646,13.1603666667,False
0,14114,390,13.1308537436,13.1937,False
0,14115,390,13.0989442818,13.1937,False
0,14116,390,13.1292039164,13.1937,False
0,14117,390,13.1339825783,13.1937,False
0,14118,390,13.1185430534,13.1937,False
0,14119,390,13.1301208378,13.1937,False
0,14120,390,13.1240283443,13.1937,False
0,14121,390,13.1619975864,13.1937,False
0,14122,391,13.1600501186,13.2270333333,False
0,14123,391,13.1597972314,13.2270333333,False
0,14124,391,13.1504220506,13.2270333333,False
0,14125,391,13.1403599906,13.2270333333,False
0,14126,391,13.1811783028,13.2270333333,False
0,14127,392,13.1709854192,13.2603666667,False
0,14128,392,13.2217407955,13.2603666667,False
0,14129,392,13.1663852601,13.2603666667,False
0,14130,392,13.1726374406,13.2603666667,False
0,14131,393,13.2438489484,13.2937,False
0,14132,393,13.2260064832,13.2937,False
0,14133,393,13.2781664472,13.2937,False
0,14134,393,13.1986228469,13.2937,False
0,14135,394,13.2924348754,13.3270333333,False
0,14136,394,13.2795422657,13.3270333333,False
0,14137,394,13.2659215195,13.3270333333,False
0,14138,394,13.2657944087,13.3270333333,False
0,14139,394,13.2697704731,13.3270333333,False
0,14140,394,13.2047254244,13.3270333333,False
0,14141,394,13.2325481529,13.3270333333,False
0,14142,394,13.2730125869,13.3270333333,False
0,14143,394,13.2347190512,13.3270333333,False
0,14144,394,13.2601805306,13.3270333333,False
0,14145,394,13.293137911,13.3270333333,False
0,14146,394,13.2564398895,13.3270333333,False
0,14147,394,13.2627213392,13.3270333333,False
0,14148,394,13.2838621733,13.3270333333,False
0,14149,394,13.2791465453,13.3270333333,False
0,14150,394,13.2543079502,13.3270333333,False
0,14151,394,13.2365428,13.3270333333,False
0,14152,394,13.243551233,13.3270333333,False
0,14153,394,13.29198989,13.3270333333,False
0,14154,394,13.2547087591,13.3270333333,False
0,14155,394,13.2854845564,13.3270333333,False
0,14156,394,13.2765038392,13.3270333333,False
0,14157,394,13.2603864995,13.3270333333,False
0,14158,394,13.3037704599,13.3270333333,False
0,14159,394,13.2781507561,13.3270333333,False
0,14160,394,13.2705752798,13.3270333333,False
0,14161,394,13.1935208012,13.3270333333,False
0,14162,394,13.1949444621,13.3270333333,False
0,14163,394,13.2602564403,13.3270333333,False
0,14164,394,13.2195507763,13.3270333333,False
0,14165,394,13.2318589609,13.3270333333,False
0,14166,394,13.2455818875,13.3270333333,False
0,14167,394,13.2725969701,13.3270333333,False
0,14168,394,13.2800941112,13.3270333333,False
0,14169,394,13.2901252274,13.3270333333,False
0,14170,394,13.2809663208,13.3270333333,False
0,14171,394,13.2718098529,13.3270333333,False
0,14172,394,13.2491777423,13.3270333333,False
0,14173,394,13.258267418,13.3270333333,False
0,14174,394,13.2631428128,13.3270333333,False
0,14175,394,13.2210856955,13.3270333333,False
0,14176,394,13.2518963664,13.3270333333,False
0,14177,394,13.2629855021,13.3270333333,False
0,14178,394,13.2443655307,13.3270333333,False
0,14179,394,13.2449245682,13.3270333333,False
0,14180,394,13.2236050767,13.3270333333,False
0,14181,394,13.2318230772,13.3270333333,False
0,14182,394,13.2482382237,13.3270333333,False
0,14183,394,13.2108035126,13.3270333333,False
0,14184,394,13.2780919264,13.3270333333,False
0,14185,394,13.2793508967,13.3270333333,False
0,14186,394,13.2783242317,13.3270333333,False
0,14187,394,13.2601193975,13.3270333333,False
0,14188,394,13.2208003916,13.3270333333,False
0,14189,394,13.2825796838,13.3270333333,False
0,14190,394,13.2881973578,13.3270333333,False
0,14191,394,13.239870467,13.3270333333,False
0,14192,394,13.2355456867,13.3270333333,False
0,14193,394,13.2539427035,13.3270333333,False
0,14194,394,13.2408078656,13.3270333333,False
0,14195,394,13.2571714142,13.3270333333,False
0,14196,394,13.2569643159,13.3270333333,False
0,14197,394,13.285233588,13.3270333333,False
0,14198,394,13.2668045472,13.3270333333,False
0,14199,394,13.3010953712,13.3270333333,False
0,14200,394,13.2538790954,13.3270333333,False
0,14201,394,13.2604221646,13.3270333333,False
0,14202,394,13.2836685147,13.3270333333,False
0,14203,394,13.2407458718,13.3270333333,False
0,14204,394,13.2521713349,13.3270333333,False
0,14205,394,13.2460366221,13.3270333333,False
0,14206,394,13.2279145647,13.3270333333,False
0,14207,394,13.267372593,13.3270333333,False
0,14208,394,13.2679235703,13.3270333333,False
0,14209,394,13.2998118653,13.3270333333,False
0,14210,394,13.2475876601,13.3270333333,False
0,14211,394,13.2679078578,13.3270333333,False
0,14212,394,13.2731331268,13.3270333333,False
0,14213,394,13.2577945382,13.3270333333,False
0,14214,394,13.2853301503,13.3270333333,False
0,14215,394,13.2511610978,13.3270333333,False
0,14216,394,13.2248315558,13.3270333333,False
0,14217,394,13.2883453159,13.3270333333,False
0,14218,394,13.2753706579,13.3270333333,False
0,14219,394,13.2376440877,13.3270333333,False
0,14220,394,13.2923574789,13.3270333333,False
0,14221,394,13.262911362,13.3270333333,False
0,14222,394,13.2653976375,13.3270333333,False
0,14223,394,13.2210504805,13.3270333333,False
0,14224,394,13.2784809053,13.3270333333,False
0,14225,394,13.2833458526,13.3270333333,False
0,14226,394,13.2347372306,13.3270333333,False
0,14227,394,13.2665644363,13.3270333333,False
0,14228,394,13.226405576,13.3270333333,False
0,14229,394,13.206564371,13.3270333333,False
0,14230,394,13.282449287,13.3270333333,False
0,14231,394,13.2834025068,13.3270333333,False
0,14232,394,13.2795754595,13.3270333333,False
0,14233,394,13.3003643461,13.3270333333,False
0,14234,394,13.2419051443,13.3270333333,False
0,14235,394,13.289094279,13.3270333333,False
0,14236,394,13.1981449322,13.3270333333,False
0,14237,394,13.2489214496,13.3270333333,False
0,14238,394,13.2502167251,13.3270333333,False
0,14239,394,13.2831108429,13.3270333333,False
0,14240,394,13.2798544235,13.3270333333,False
0,14241,394,13.2616659886,13.3270333333,False
0,14242,394,13.2353373528,13.3270333333,False
0,14243,394,13.2917711061,13.3270333333,False
0,14244,394,13.2950588772,13.3270333333,False
0,14245,394,13.2602999982,13.3270333333,False
0,14246,394,13.216951697,13.3270333333,False
0,14247,394,13.2550403098,13.3270333333,False
0,14248,394,13.2502028748,13.3270333333,False
0,14249,394,13.2924548151,13.3270333333,False
0,14250,394,13.2317045117,13.3270333333,False
0,14251,394,13.2640925414,13.3270333333,False
0,14252,394,13.2983228675,13.3270333333,False
0,14253,394,13.2807799912,13.3270333333,False
0,14254,394,13.2565470511,13.3270333333,False
0,14255,394,13.2368421459,13.3270333333,False
0,14256,394,13.2393895741,13.3270333333,False
0,14257,394,13.2819317946,13.3270333333,False
0,14258,394,13.2576853279,13.3270333333,False
0,14259,394,13.2411453775,13.3270333333,False
0,14260,394,13.2646932139,13.3270333333,False
0,14261,394,13.2498361655,13.3270333333,False
0,14262,394,13.304863964,13.3270333333,False
0,14263,394,13.2600464144,13.3270333333,False
0,14264,394,13.2683110169,13.3270333333,False
0,14265,394,13.2458734169,13.3270333333,False
0,14266,394,13.231806819,13.3270333333,False
0,14267,394,13.2539142052,13.3270333333,False
0,14268,394,13.2279298736,13.3270333333,False
0,14269,394,13.2785238698,13.3270333333,False
0,14270,394,13.2408329115,13.3270333333,False
0,14271,394,13.2333898137,13.3270333333,False
0,14272,394,13.2518536857,13.3270333333,False
0,14273,394,13.2519083728,13.3270333333,False
0,14274,394,13.2699341569,13.3270333333,False
0,14275,394,13.2778069378,13.3270333333,False
0,14276,394,13.2676332135,13.3270333333,False
0,14277,394,13.2616255145,13.3270333333,False
0,14278,394,13.2632685514,13.3270333333,False
0,14279,394,13.3092938921,13.3270333333,False
0,14280,394,13.2236724822,13.3270333333,False
0,14281,394,13.2444708727,13.3270333333,False
0,14282,394,13.2329312909,13.3270333333,False
0,14283,394,13.3032705307,13.3270333333,False
0,14284,394,13.2147752123,13.3270333333,False
0,14285,394,13.2620259363,13.3270333333,False
0,14286,394,13.1962991405,13.3270333333,False
0,14287,394,13.2245705799,13.3270333333,False
0,14288,394,13.2720010036,13.3270333333,False
0,14289,394,13.2270170172,13.3270333333,False
0,14290,394,13.2534076628,13.3270333333,False
0,14291,394,13.2518711345,13.3270333333,False
0,14292,394,13.2680257972,13.3270333333,False
0,14293,394,13.2355591582,13.3270333333,False
0,14294,394,13.2468955011,13.3270333333,False
0,14295,394,13.2523695375,13.3270333333,False
0,14296,394,13.2583035142,13.3270333333,False
0,14297,394,13.2216878819,13.3270333333,False
0,14298,394,13.2619641442,13.3270333333,False
0,14299,394,13.3006939145,13.3270333333,False
0,14300,394,13.2971356625,13.3270333333,False
0,14301,394,13.2569538866,13.3270333333,False
0,14302,394,13.1990436039,13.3270333333,False
0,14303,394,13.2728842921,13.3270333333,False
0,14304,394,13.2555561499,13.3270333333,False
0,14305,394,13.2686751855,13.3270333333,False
0,14306,394,13.2553086351,13.3270333333,False
0,14307,394,13.2821572105,13.3270333333,False
0,14308,394,13.2612631581,13.3270333333,False
0,14309,394,13.2287635937,13.3270333333,False
0,14310,394,13.184181193,13.3270333333,False
0,14311,394,13.2628584036,13.3270333333,False
0,14312,394,13.2710067049,13.3270333333,False
0,14313,394,13.257021581,13.3270333333,False
0,14314,394,13.2443096426,13.3270333333,False
0,14315,394,13.2407064891,13.3270333333,False
0,14316,394,13.2595979688,13.3270333333,False
0,14317,394,13.2774633099,13.3270333333,False
0,14318,394,13.2506055364,13.3270333333,False
0,14319,394,13.2694043084,13.3270333333,False
0,14320,394,13.317756824,13.3270333333,False
0,14321,394,13.2635846957,13.3270333333,False
0,14322,394,13.1999865549,13.3270333333,False
0,14323,394,13.2901516974,13.3270333333,False
0,14324,394,13.3275410689,13.3270333333,True
0,14325,394,13.2419328467,13.3270333333,False
0,14326,394,13.3001570635,13.3270333333,False
0,14327,394,13.2084047192,13.3270333333,False
0,14328,394,13.2689797972,13.3270333333,False
0,14329,394,13.2373327283,13.3270333333,False
0,14330,394,13.2093831141,13.3270333333,False
0,14331,394,13.2153220903,13.3270333333,False
0,14332,394,13.2634789985,13.3270333333,False
0,14333,394,13.2890970717,13.3270333333,False
0,14334,394,13.2593801235,13.3270333333,False
0,14335,394,13.2425048724,13.3270333333,False
0,14336,394,13.2794560314,13.3270333333,False
0,14337,394,13.235099047,13.3270333333,False
0,14338,394,13.2692351828,13.3270333333,False
0,14339,394,13.2901325809,13.3270333333,False
0,14340,394,13.2302725479,13.3270333333,False
0,14341,394,13.2600052873,13.3270333333,False
0,14342,394,13.2796824003,13.3270333333,False
0,14343,394,13.2158365418,13.3270333333,False
0,14344,394,13.2520878609,13.3270333333,False
0,14345,394,13.2570627841,13.3270333333,False
0,14346,394,13.241339419,13.3270333333,False
0,14347,394,13.2455245905,13.3270333333,False
0,14348,394,13.2596586015,13.3270333333,False
0,14349,394,13.3072008626,13.3270333333,False
0,14350,394,13.2954259191,13.3270333333,False
0,14351,394,13.310769334,13.3270333333,False
0,14352,394,13.2946714115,13.3270333333,False
0,14353,394,13.3214633972,13.3270333333,False
0,14354,394,13.2523126545,13.3270333333,False
0,14355,394,13.2441151541,13.3270333333,False
0,14356,394,13.2713512382,13.3270333333,False
0,14357,394,13.2707903309,13.3270333333,False
0,14358,394,13.246368504,13.3270333333,False
0,14359,394,13.2408844208,13.3270333333,False
0,14360,394,13.261105286,13.3270333333,False
0,14361,394,13.2827003462,13.3270333333,False
0,14362,394,13.2743679373,13.3270333333,False
0,14363,394,13.2582788263,13.3270333333,False
0,14364,394,13.2531025268,13.3270333333,False
0,14365,394,13.2804210298,13.3270333333,False
0,14366,394,13.2664704892,13.3270333333,False
0,14367,394,13.2506784156,13.3270333333,False
0,14368,394,13.2569908863,13.3270333333,False
0,14369,394,13.2094741718,13.3270333333,False
0,14370,394,13.2347179059,13.3270333333,False
0,14371,394,13.2367379903,13.3270333333,False
0,14372,394,13.2805400174,13.3270333333,False
0,14373,394,13.2646684051,13.3270333333,False
0,14374,394,13.2735149438,13.3270333333,False
0,14375,394,13.2574111807,13.3270333333,False
0,14376,394,13.2507702214,13.3270333333,False
0,14377,394,13.232561742,13.3270333333,False
0,14378,394,13.2877615665,13.3270333333,False
0,14379,394,13.2969205619,13.3270333333,False
0,14380,394,13.2428662934,13.3270333333,False
0,14381,394,13.286947285,13.3270333333,False
0,14382,394,13.2974835089,13.3270333333,False
0,14383,394,13.2441854764,13.3270333333,False
0,14384,394,13.2531432955,13.3270333333,False
0,14385,394,13.2572117669,13.3270333333,False
0,14386,394,13.2609128021,13.3270333333,False
0,14387,394,13.2281703027,13.3270333333,False
0,14388,394,13.2977667101,13.3270333333,False
0,14389,394,13.2181629619,13.3270333333,False
0,14390,394,13.2681068712,13.3270333333,False
0,14391,394,13.2703669908,13.3270333333,False
0,14392,394,13.2433365193,13.3270333333,False
0,14393,394,13.2940567834,13.3270333333,False
0,14394,394,13.2388903664,13.3270333333,False
0,14395,394,13.2598224305,13.3270333333,False
0,14396,394,13.2672137871,13.3270333333,False
0,14397,394,13.2373791517,13.3270333333,False
0,14398,394,13.2382192708,13.3270333333,False
0,14399,394,13.2533501894,13.3270333333,False
0,14400,394,13.279401421,13.3270333333,False
0,14401,394,13.2771391258,13.3270333333,False
0,14402,394,13.2083217283,13.3270333333,False
0,14403,394,13.2827964401,13.3270333333,False
0,14404,394,13.2805074962,13.3270333333,False
0,14405,394,13.2402757429,13.3270333333,False
0,14406,394,13.2650907363,13.3270333333,False
0,14407,394,13.2665910348,13.3270333333,False
0,14408,394,13.2749905729,13.3270333333,False
0,14409,394,13.2786078296,13.3270333333,False
0,14410,394,13.2663873858,13.3270333333,False
0,14411,394,13.2503693433,13.3270333333,False
0,14412,394,13.2238827808,13.3270333333,False
0,14413,394,13.2186285078,13.3270333333,False
0,14414,394,13.224477973,13.3270333333,False
0,14415,394,13.2671242395,13.3270333333,False
0,14416,394,13.2703544925,13.3270333333,False
0,14417,394,13.2523200138,13.3270333333,False
0,14418,394,13.2500198585,13.3270333333,False
0,14419,394,13.2387477398,13.3270333333,False
0,14420,394,13.248300483,13.3270333333,False
0,14421,394,13.236184167,13.3270333333,False
0,14422,394,13.2370684601,13.3270333333,False
0,14423,394,13.271791012,13.3270333333,False
0,14424,394,13.257071845,13.3270333333,False
0,14425,394,13.2808033516,13.3270333333,False
0,14426,394,13.2402895032,13.3270333333,False
0,14427,394,13.2610489626,13.3270333333,False
0,14428,394,13.2490066581,13.3270333333,False
0,14429,394,13.2737534341,13.3270333333,False
0,14430,394,13.2907419348,13.3270333333,False
0,14431,394,13.2787716366,13.3270333333,False
0,14432,394,13.2684182571,13.3270333333,False
0,14433,394,13.2668040811,13.3270333333,False
0,14434,394,13.2359265896,13.3270333333,False
0,14435,394,13.2418181638,13.3270333333,False
0,14436,394,13.2530685836,13.3270333333,False
0,14437,394,13.2461894521,13.3270333333,False
0,14438,394,13.2627895035,13.3270333333,False
0,14439,394,13.2527366904,13.3270333333,False
0,14440,394,13.25374251,13.3270333333,False
0,14441,394,13.2124688593,13.3270333333,False
0,14442,394,13.2539519309,13.3270333333,False
0,14443,394,13.2786548348,13.3270333333,False
0,14444,394,13.2935705958,13.3270333333,False
0,14445,394,13.2330744128,13.3270333333,False
0,14446,394,13.2254729971,13.3270333333,False
0,14447,394,13.2661510337,13.3270333333,False
0,14448,394,13.2302763167,13.3270333333,False
0,14449,394,13.2886072084,13.3270333333,False
0,14450,394,13.2590889402,13.3270333333,False
0,14451,394,13.2515525785,13.3270333333,False
0,14452,394,13.2380261066,13.3270333333,False
0,14453,394,13.2742356815,13.3270333333,False
0,14454,394,13.2413216484,13.3270333333,False
0,14455,394,13.2817341125,13.3270333333,False
0,14456,394,13.2136933665,13.3270333333,False
0,14457,394,13.2463189041,13.3270333333,False
0,14458,394,13.2348021348,13.3270333333,False
0,14459,394,13.279445584,13.3270333333,False
0,14460,394,13.2352085835,13.3270333333,False
0,14461,394,13.2589041648,13.3270333333,False
0,14462,394,13.2353647026,13.3270333333,False
0,14463,395,13.2584147966,13.3603666667,False
0,14464,395,13.2505270382,13.3603666667,False
0,14465,395,13.3411443581,13.3603666667,False
0,14466,395,13.2793737432,13.3603666667,False
0,14467,396,13.337157072,13.3937,False
0,14468,396,13.3130565591,13.3937,False
0,14469,397,13.3860802367,13.4270333333,False
0,14470,397,13.3339360228,13.4270333333,False
0,14471,397,13.3806819487,13.4270333333,False
0,14472,397,13.3122488454,13.4270333333,False
0,14473,397,13.3682317131,13.4270333333,False
0,14474,397,13.3548819255,13.4270333333,False
0,14475,398,13.4162858683,13.4603666667,False
0,14476,398,13.3926903278,13.4603666667,False
0,14477,398,13.3588329697,13.4603666667,False
0,14478,398,13.3937265986,13.4603666667,False
0,14479,399,13.4378836996,13.4937,False
0,14480,399,13.4404756523,13.4937,False
0,14481,399,13.4258852961,13.4937,False
0,14482,399,13.4342696794,13.4937,False
0,14483,399,13.3975990134,13.4937,False
0,14484,399,13.4234568752,13.4937,False
0,14485,399,13.4618079241,13.4937,False
0,14486,399,13.4412342258,13.4937,False
0,14487,399,13.4382514599,13.4937,False
0,14488,399,13.4130236606,13.4937,False
0,14489,399,13.4406168766,13.4937,False
0,14490,399,13.4258126267,13.4937,False
0,14491,399,13.4409897432,13.4937,False
0,14492,399,13.4592907912,13.4937,False
0,14493,399,13.3985680397,13.4937,False
0,14494,399,13.4262378385,13.4937,False
0,14495,399,13.4582019982,13.4937,False
0,14496,399,13.4357339919,13.4937,False
0,14497,399,13.4195953245,13.4937,False
0,14498,399,13.4168257677,13.4937,False
0,14499,399,13.4212654018,13.4937,False
0,14500,399,13.3821515434,13.4937,False
0,14501,399,13.3567764717,13.4937,False
0,14502,399,13.4470685607,13.4937,False
0,14503,399,13.4341245457,13.4937,False
0,14504,399,13.4070167833,13.4937,False
0,14505,399,13.4098227003,13.4937,False
0,14506,399,13.4378496069,13.4937,False
0,14507,399,13.4097280336,13.4937,False
0,14508,399,13.4349660534,13.4937,False
0,14509,399,13.4299325965,13.4937,False
0,14510,399,13.4440940094,13.4937,False
0,14511,399,13.4323814684,13.4937,False
0,14512,399,13.4745154136,13.4937,False
0,14513,399,13.439224647,13.4937,False
0,14514,399,13.4306373697,13.4937,False
0,14515,399,13.4591564655,13.4937,False
0,14516,399,13.4372676233,13.4937,False
0,14517,399,13.4358619542,13.4937,False
0,14518,399,13.401686497,13.4937,False
0,14519,399,13.410067041,13.4937,False
0,14520,399,13.4314658405,13.4937,False
0,14521,399,13.4099790378,13.4937,False
0,14522,399,13.4475978635,13.4937,False
0,14523,399,13.4291903731,13.4937,False
0,14524,399,13.385004539,13.4937,False
0,14525,399,13.4262122025,13.4937,False
0,14526,399,13.4559875465,13.4937,False
0,14527,399,13.4144288539,13.4937,False
0,14528,399,13.4149802896,13.4937,False
0,14529,399,13.4566223136,13.4937,False
0,14530,399,13.4601717102,13.4937,False
0,14531,399,13.415925136,13.4937,False
0,14532,399,13.4492199091,13.4937,False
0,14533,399,13.4083790113,13.4937,False
0,14534,399,13.4300060742,13.4937,False
0,14535,399,13.4042579428,13.4937,False
0,14536,399,13.443300594,13.4937,False
0,14537,399,13.4407515715,13.4937,False
0,14538,399,13.45350319,13.4937,False
0,14539,399,13.3954676703,13.4937,False
0,14540,399,13.4314386375,13.4937,False
0,14541,399,13.431595996,13.4937,False
0,14542,399,13.4466075268,13.4937,False
0,14543,399,13.4350946746,13.4937,False
0,14544,399,13.4388492911,13.4937,False
0,14545,399,13.4577812309,13.4937,False
0,14546,399,13.3921089957,13.4937,False
0,14547,399,13.4190109047,13.4937,False
0,14548,399,13.4539683916,13.4937,False
0,14549,399,13.4013800723,13.4937,False
0,14550,399,13.4554841146,13.4937,False
0,14551,399,13.4552110405,13.4937,False
0,14552,399,13.4195854837,13.4937,False
0,14553,399,13.4295441676,13.4937,False
0,14554,399,13.4586385402,13.4937,False
0,14555,399,13.4217678014,13.4937,False
0,14556,399,13.4572875055,13.4937,False
0,14557,399,13.4718827111,13.4937,False
0,14558,399,13.4189206119,13.4937,False
0,14559,399,13.435480288,13.4937,False
0,14560,399,13.3873776936,13.4937,False
0,14561,399,13.4275111099,13.4937,False
0,14562,399,13.4007045555,13.4937,False
0,14563,399,13.4413471142,13.4937,False
0,14564,399,13.464112221,13.4937,False
0,14565,399,13.4443572632,13.4937,False
0,14566,399,13.4264620016,13.4937,False
0,14567,399,13.4299935681,13.4937,False
0,14568,399,13.493565263,13.4937,False
0,14569,399,13.41932555,13.4937,False
0,14570,399,13.4107182286,13.4937,False
0,14571,399,13.4359731461,13.4937,False
0,14572,399,13.3858871068,13.4937,False
0,14573,399,13.404582767,13.4937,False
0,14574,399,13.4360060526,13.4937,False
0,14575,399,13.3975010972,13.4937,False
0,14576,399,13.4249294849,13.4937,False
0,14577,399,13.36456199,13.4937,False
0,14578,399,13.457004818,13.4937,False
0,14579,399,13.410031706,13.4937,False
0,14580,399,13.4382604466,13.4937,False
0,14581,399,13.4076406291,13.4937,False
0,14582,399,13.4136236085,13.4937,False
0,14583,399,13.4218287813,13.4937,False
0,14584,399,13.4096076067,13.4937,False
0,14585,399,13.4326161738,13.4937,False
0,14586,399,13.456145069,13.4937,False
0,14587,399,13.425252964,13.4937,False
0,14588,399,13.4559984691,13.4937,False
0,14589,399,13.4322508935,13.4937,False
0,14590,399,13.4605504304,13.4937,False
0,14591,399,13.4190805581,13.4937,False
0,14592,399,13.3886940139,13.4937,False
0,14593,399,13.4340375849,13.4937,False
0,14594,399,13.3983576262,13.4937,False
0,14595,399,13.4678341826,13.4937,False
0,14596,399,13.3945924541,13.4937,False
0,14597,399,13.4089985256,13.4937,False
0,14598,399,13.4452093328,13.4937,False
0,14599,399,13.3912423358,13.4937,False
0,14600,399,13.434575755,13.4937,False
0,14601,399,13.3965752833,13.4937,False
0,14602,399,13.4311437378,13.4937,False
0,14603,399,13.3953781035,13.4937,False
0,14604,399,13.4245545447,13.4937,False
0,14605,399,13.4470171228,13.4937,False
0,14606,399,13.3899315442,13.4937,False
0,14607,399,13.423423586,13.4937,False
0,14608,399,13.3848630875,13.4937,False
0,14609,399,13.4054402971,13.4937,False
0,14610,399,13.4343817842,13.4937,False
0,14611,399,13.4085663571,13.4937,False
0,14612,399,13.4072719533,13.4937,False
0,14613,399,13.4363914676,13.4937,False
0,14614,399,13.3851420943,13.4937,False
0,14615,399,13.4071560031,13.4937,False
0,14616,399,13.4224911412,13.4937,False
0,14617,399,13.3957728311,13.4937,False
0,14618,399,13.4104485529,13.4937,False
0,14619,399,13.4087064569,13.4937,False
0,14620,399,13.4231300921,13.4937,False
0,14621,399,13.4507340631,13.4937,False
0,14622,399,13.4194732994,13.4937,False
0,14623,399,13.4068234395,13.4937,False
0,14624,399,13.4374209231,13.4937,False
0,14625,399,13.3611126622,13.4937,False
0,14626,399,13.4220405382,13.4937,False
0,14627,399,13.3970102131,13.4937,False
0,14628,399,13.3750728988,13.4937,False
0,14629,399,13.4136033502,13.4937,False
0,14630,399,13.4138320052,13.4937,False
0,14631,399,13.4086412873,13.4937,False
0,14632,399,13.4123223963,13.4937,False
0,14633,399,13.4124986803,13.4937,False
0,14634,399,13.4144292003,13.4937,False
0,14635,399,13.4421372421,13.4937,False
0,14636,399,13.4233196144,13.4937,False
0,14637,399,13.4357831062,13.4937,False
0,14638,399,13.4231777086,13.4937,False
0,14639,399,13.4497551529,13.4937,False
0,14640,399,13.403010488,13.4937,False
0,14641,399,13.4101408712,13.4937,False
0,14642,399,13.4580333739,13.4937,False
0,14643,399,13.4320075334,13.4937,False
0,14644,399,13.4423266351,13.4937,False
0,14645,399,13.4296755554,13.4937,False
0,14646,399,13.3975589017,13.4937,False
0,14647,399,13.3863593024,13.4937,False
0,14648,399,13.3933085,13.4937,False
0,14649,399,13.4665793405,13.4937,False
0,14650,399,13.4688311999,13.4937,False
0,14651,399,13.4112932603,13.4937,False
0,14652,399,13.4493135572,13.4937,False
0,14653,399,13.4099646503,13.4937,False
0,14654,399,13.383525858,13.4937,False
0,14655,399,13.3781203969,13.4937,False
0,14656,399,13.4099491782,13.4937,False
0,14657,399,13.3815326463,13.4937,False
0,14658,399,13.3921439907,13.4937,False
0,14659,399,13.4430655494,13.4937,False
0,14660,399,13.4120252363,13.4937,False
0,14661,399,13.4097606829,13.4937,False
0,14662,399,13.4085305933,13.4937,False
0,14663,399,13.4622408762,13.4937,False
0,14664,399,13.4427191009,13.4937,False
0,14665,399,13.4619604096,13.4937,False
0,14666,399,13.4424116063,13.4937,False
0,14667,399,13.4269665661,13.4937,False
0,14668,399,13.4327916011,13.4937,False
0,14669,399,13.4514047334,13.4937,False
0,14670,399,13.4242810962,13.4937,False
0,14671,399,13.4010487556,13.4937,False
0,14672,399,13.3911244475,13.4937,False
0,14673,399,13.425177015,13.4937,False
0,14674,399,13.4445818675,13.4937,False
0,14675,399,13.4498767169,13.4937,False
0,14676,399,13.407657893,13.4937,False
0,14677,399,13.4410445347,13.4937,False
0,14678,399,13.4164004699,13.4937,False
0,14679,399,13.4314574019,13.4937,False
0,14680,399,13.4146461878,13.4937,False
0,14681,399,13.4198129431,13.4937,False
0,14682,399,13.4480005272,13.4937,False
0,14683,399,13.4349226359,13.4937,False
0,14684,399,13.4310772429,13.4937,False
0,14685,399,13.492136031,13.4937,False
0,14686,399,13.4230127371,13.4937,False
0,14687,399,13.427883956,13.4937,False
0,14688,399,13.4136349093,13.4937,False
0,14689,399,13.3824114352,13.4937,False
0,14690,399,13.4143745002,13.4937,False
0,14691,399,13.4409822132,13.4937,False
0,14692,399,13.4019006384,13.4937,False
0,14693,399,13.3953962615,13.4937,False
0,14694,399,13.4062070355,13.4937,False
0,14695,399,13.4500014875,13.4937,False
0,14696,399,13.4352833488,13.4937,False
0,14697,399,13.4192774812,13.4937,False
0,14698,399,13.4001268553,13.4937,False
0,14699,399,13.4416570708,13.4937,False
0,14700,399,13.4362227435,13.4937,False
0,14701,399,13.4427100307,13.4937,False
0,14702,399,13.407573508,13.4937,False
0,14703,399,13.4322993911,13.4937,False
0,14704,399,13.4325177585,13.4937,False
0,14705,399,13.4508234731,13.4937,False
0,14706,399,13.4453999482,13.4937,False
0,14707,399,13.425455822,13.4937,False
0,14708,399,13.3919655693,13.4937,False
0,14709,399,13.3766781595,13.4937,False
0,14710,399,13.3895938267,13.4937,False
0,14711,399,13.4250667577,13.4937,False
0,14712,399,13.4220798103,13.4937,False
0,14713,399,13.4689812527,13.4937,False
0,14714,399,13.4523892666,13.4937,False
0,14715,399,13.466003595,13.4937,False
0,14716,399,13.4483724147,13.4937,False
0,14717,399,13.4394338466,13.4937,False
0,14718,399,13.4280227162,13.4937,False
0,14719,399,13.4638912795,13.4937,False
0,14720,399,13.4407419292,13.4937,False
0,14721,399,13.4249116655,13.4937,False
0,14722,399,13.4540101329,13.4937,False
0,14723,399,13.4508559826,13.4937,False
0,14724,399,13.3851309041,13.4937,False
0,14725,399,13.4175458569,13.4937,False
0,14726,399,13.4475443865,13.4937,False
0,14727,399,13.3769142807,13.4937,False
0,14728,399,13.4285727823,13.4937,False
0,14729,399,13.440400802,13.4937,False
0,14730,399,13.4065966811,13.4937,False
0,14731,399,13.4486814488,13.4937,False
0,14732,399,13.405287853,13.4937,False
0,14733,399,13.4082555175,13.4937,False
0,14734,399,13.4661485495,13.4937,False
0,14735,399,13.4412233686,13.4937,False
0,14736,399,13.4479261495,13.4937,False
0,14737,399,13.4006776107,13.4937,False
0,14738,399,13.4120265304,13.4937,False
0,14739,399,13.4006570015,13.4937,False
0,14740,399,13.4132651871,13.4937,False
0,14741,399,13.4276837229,13.4937,False
0,14742,399,13.4047043508,13.4937,False
0,14743,399,13.4188139514,13.4937,False
0,14744,399,13.4530477332,13.4937,False
0,14745,399,13.446701634,13.4937,False
0,14746,399,13.4086304132,13.4937,False
0,14747,399,13.3771567586,13.4937,False
0,14748,399,13.4306428115,13.4937,False
0,14749,399,13.4284274655,13.4937,False
0,14750,399,13.3673112408,13.4937,False
0,14751,399,13.4375809982,13.4937,False
0,14752,399,13.395563324,13.4937,False
0,14753,399,13.4514347938,13.4937,False
0,14754,399,13.432647459,13.4937,False
0,14755,399,13.4292036077,13.4937,False
0,14756,399,13.443336578,13.4937,False
0,14757,399,13.4316000658,13.4937,False
0,14758,399,13.4157147896,13.4937,False
0,14759,399,13.4492148912,13.4937,False
0,14760,399,13.4165406823,13.4937,False
0,14761,399,13.4226885634,13.4937,False
0,14762,399,13.4672317231,13.4937,False
0,14763,399,13.4409301745,13.4937,False
0,14764,399,13.4458680723,13.4937,False
0,14765,399,13.4249810048,13.4937,False
0,14766,399,13.4311810694,13.4937,False
0,14767,399,13.3843391259,13.4937,False
0,14768,399,13.4006945314,13.4937,False
0,14769,399,13.4606937016,13.4937,False
0,14770,399,13.4479473963,13.4937,False
0,14771,399,13.4093958573,13.4937,False
0,14772,399,13.4334493051,13.4937,False
0,14773,399,13.3909172754,13.4937,False
0,14774,399,13.4101529548,13.4937,False
0,14775,399,13.3982665265,13.4937,False
0,14776,399,13.4098032346,13.4937,False
0,14777,399,13.4331973499,13.4937,False
0,14778,399,13.4143361123,13.4937,False
0,14779,399,13.4697417251,13.4937,False
0,14780,399,13.446998164,13.4937,False
0,14781,399,13.4243224139,13.4937,False
0,14782,399,13.3992821631,13.4937,False
0,14783,399,13.416677119,13.4937,False
0,14784,399,13.4203208228,13.4937,False
0,14785,399,13.4426174092,13.4937,False
0,14786,399,13.4251953455,13.4937,False
0,14787,399,13.4282905194,13.4937,False
0,14788,399,13.4390354048,13.4937,False
0,14789,399,13.3975467482,13.4937,False
0,14790,399,13.4101240478,13.4937,False
0,14791,399,13.4616276075,13.4937,False
0,14792,399,13.4202793218,13.4937,False
0,14793,399,13.4680299331,13.4937,False
0,14794,399,13.4538546718,13.4937,False
0,14795,399,13.4405391592,13.4937,False
0,14796,399,13.4241061579,13.4937,False
0,14797,399,13.3987582679,13.4937,False
0,14798,399,13.4483708838,13.4937,False
0,14799,399,13.4478556721,13.4937,False
0,14800,399,13.440008293,13.4937,False
0,14801,399,13.4177290325,13.4937,False
0,14802,399,13.4223800965,13.4937,False
0,14803,399,13.4625626571,13.4937,False
0,14804,399,13.3967635618,13.4937,False
0,14805,399,13.4021402644,13.4937,False
0,14806,399,13.3654433824,13.4937,False
0,14807,399,13.4396322691,13.4937,False
0,14808,399,13.4131856407,13.4937,False
0,14809,399,13.4519099496,13.4937,False
0,14810,400,13.4680427465,13.5270333333,False
0,14811,400,13.4591734405,13.5270333333,False
0,14812,400,13.4024130869,13.5270333333,False
0,14813,401,13.4681537724,13.5603666667,False
0,14814,401,13.5094087182,13.5603666667,False
0,14815,402,13.5252840631,13.5937,False
0,14816,402,13.4854365647,13.5937,False
0,14817,402,13.4854638333,13.5937,False
0,14818,402,13.4863339802,13.5937,False
0,14819,402,13.5858475982,13.5937,False
0,14820,402,13.5105430709,13.5937,False
0,14821,403,13.5482907494,13.6270333333,False
0,14822,403,13.56032776,13.6270333333,False
0,14823,403,13.5486389671,13.6270333333,False
0,14824,403,13.5788963479,13.6270333333,False
0,14825,404,13.5726340809,13.6603666667,False
0,14826,404,13.6135870836,13.6603666667,False
0,14827,404,13.5945810942,13.6603666667,False
0,14828,404,13.6116397866,13.6603666667,False
0,14829,404,13.6064304462,13.6603666667,False
0,14830,404,13.6661484375,13.6603666667,True
0,14831,404,13.5865505164,13.6603666667,False
0,14832,404,13.5354624559,13.6603666667,False
0,14833,404,13.5890500989,13.6603666667,False
0,14834,404,13.5836076113,13.6603666667,False
0,14835,404,13.6254607842,13.6603666667,False
0,14836,404,13.5984226483,13.6603666667,False
0,14837,404,13.5697870598,13.6603666667,False
0,14838,404,13.6186242446,13.6603666667,False
0,14839,404,13.5609533269,13.6603666667,False
0,14840,404,13.5646038672,13.6603666667,False
0,14841,404,13.6136193329,13.6603666667,False
0,14842,404,13.6130867578,13.6603666667,False
0,14843,404,13.6120555981,13.6603666667,False
0,14844,404,13.6176135067,13.6603666667,False
0,14845,404,13.6005258148,13.6603666667,False
0,14846,404,13.6351244369,13.6603666667,False
0,14847,404,13.6240583876,13.6603666667,False
0,14848,404,13.5845967127,13.6603666667,False
0,14849,404,13.5927977964,13.6603666667,False
0,14850,404,13.5849534624,13.6603666667,False
0,14851,404,13.6260653709,13.6603666667,False
0,14852,404,13.6010178871,13.6603666667,False
0,14853,404,13.6358362362,13.6603666667,False
0,14854,404,13.6124181419,13.6603666667,False
0,14855,404,13.5660367715,13.6603666667,False
0,14856,404,13.5861177218,13.6603666667,False
0,14857,404,13.5810959898,13.6603666667,False
0,14858,404,13.5681416966,13.6603666667,False
0,14859,404,13.5560688085,13.6603666667,False
0,14860,404,13.5928116653,13.6603666667,False
0,14861,404,13.5516604703,13.6603666667,False
0,14862,404,13.5645188869,13.6603666667,False
0,14863,404,13.5859709849,13.6603666667,False
0,14864,404,13.5756157834,13.6603666667,False
0,14865,404,13.535799331,13.6603666667,False
0,14866,404,13.6045775367,13.6603666667,False
0,14867,404,13.5915574996,13.6603666667,False
0,14868,404,13.6045738463,13.6603666667,False
0,14869,404,13.5945519278,13.6603666667,False
0,14870,404,13.5877424224,13.6603666667,False
0,14871,404,13.6016975623,13.6603666667,False
0,14872,404,13.5924049809,13.6603666667,False
0,14873,404,13.6005181867,13.6603666667,False
0,14874,404,13.5619381099,13.6603666667,False
0,14875,404,13.5601937933,13.6603666667,False
0,14876,404,13.6041726842,13.6603666667,False
0,14877,404,13.6304388024,13.6603666667,False
0,14878,404,13.6021630864,13.6603666667,False
0,14879,404,13.562438228,13.6603666667,False
0,14880,404,13.5750947244,13.6603666667,False
0,14881,404,13.6012309368,13.6603666667,False
0,14882,404,13.6423630797,13.6603666667,False
0,14883,404,13.5961007732,13.6603666667,False
0,14884,404,13.5858400764,13.6603666667,False
0,14885,404,13.6065363212,13.6603666667,False
0,14886,404,13.5871590671,13.6603666667,False
0,14887,404,13.595851947,13.6603666667,False
0,14888,404,13.5459054413,13.6603666667,False
0,14889,404,13.6244652266,13.6603666667,False
0,14890,404,13.5563109179,13.6603666667,False
0,14891,404,13.5850569108,13.6603666667,False
0,14892,404,13.5852318058,13.6603666667,False
0,14893,404,13.5526358492,13.6603666667,False
0,14894,404,13.6295790723,13.6603666667,False
0,14895,404,13.5736465577,13.6603666667,False
0,14896,404,13.6145933478,13.6603666667,False
0,14897,404,13.6291586368,13.6603666667,False
0,14898,404,13.5881525264,13.6603666667,False
0,14899,404,13.601877046,13.6603666667,False
0,14900,404,13.5920530986,13.6603666667,False
0,14901,404,13.5683375613,13.6603666667,False
0,14902,404,13.6244041249,13.6603666667,False
0,14903,404,13.5839027721,13.6603666667,False
0,14904,404,13.5555084473,13.6603666667,False
0,14905,404,13.6386843528,13.6603666667,False
0,14906,404,13.5831278596,13.6603666667,False
0,14907,404,13.5524939209,13.6603666667,False
0,14908,404,13.5794474654,13.6603666667,False
0,14909,404,13.6208304166,13.6603666667,False
0,14910,404,13.5412036294,13.6603666667,False
0,14911,404,13.60176165,13.6603666667,False
0,14912,404,13.6157448979,13.6603666667,False
0,14913,404,13.5797538324,13.6603666667,False
0,14914,404,13.6193135004,13.6603666667,False
0,14915,404,13.5685165067,13.6603666667,False
0,14916,404,13.5515812954,13.6603666667,False
0,14917,404,13.6285167956,13.6603666667,False
0,14918,404,13.5986547925,13.6603666667,False
0,14919,404,13.5725690575,13.6603666667,False
0,14920,404,13.5706343709,13.6603666667,False
0,14921,404,13.5738455257,13.6603666667,False
0,14922,404,13.6087033171,13.6603666667,False
0,14923,404,13.5820209422,13.6603666667,False
0,14924,404,13.5719563867,13.6603666667,False
0,14925,404,13.6168558799,13.6603666667,False
0,14926,404,13.555518499,13.6603666667,False
0,14927,404,13.5708579709,13.6603666667,False
0,14928,404,13.5677389014,13.6603666667,False
0,14929,404,13.6039258384,13.6603666667,False
0,14930,404,13.5978527641,13.6603666667,False
0,14931,404,13.5850384799,13.6603666667,False
0,14932,404,13.6279101997,13.6603666667,False
0,14933,404,13.6232399556,13.6603666667,False
0,14934,404,13.5656792237,13.6603666667,False
0,14935,404,13.5967824751,13.6603666667,False
0,14936,404,13.5431302079,13.6603666667,False
0,14937,404,13.6432498822,13.6603666667,False
0,14938,404,13.6078516978,13.6603666667,False
0,14939,404,13.5769995027,13.6603666667,False
0,14940,404,13.5827048066,13.6603666667,False
0,14941,404,13.6038769634,13.6603666667,False
0,14942,404,13.5877473941,13.6603666667,False
0,14943,404,13.5958216404,13.6603666667,False
0,14944,404,13.5866522927,13.6603666667,False
0,14945,404,13.617067174,13.6603666667,False
0,14946,404,13.549020705,13.6603666667,False
0,14947,404,13.5711233436,13.6603666667,False
0,14948,404,13.5953538675,13.6603666667,False
0,14949,404,13.6281478591,13.6603666667,False
0,14950,404,13.5980600811,13.6603666667,False
0,14951,404,13.6486037127,13.6603666667,False
0,14952,404,13.6066511592,13.6603666667,False
0,14953,404,13.5844467466,13.6603666667,False
0,14954,404,13.5863119697,13.6603666667,False
0,14955,404,13.6002402503,13.6603666667,False
0,14956,404,13.5417973601,13.6603666667,False
0,14957,404,13.5769446891,13.6603666667,False
0,14958,404,13.6079427701,13.6603666667,False
0,14959,404,13.5874550006,13.6603666667,False
0,14960,404,13.621619042,13.6603666667,False
0,14961,404,13.567704935,13.6603666667,False
0,14962,404,13.5919464389,13.6603666667,False
0,14963,404,13.6059273928,13.6603666667,False
0,14964,404,13.6173594665,13.6603666667,False
0,14965,404,13.5757378361,13.6603666667,False
0,14966,404,13.5803333035,13.6603666667,False
0,14967,404,13.5834439711,13.6603666667,False
0,14968,404,13.573240399,13.6603666667,False
0,14969,404,13.5990537913,13.6603666667,False
0,14970,404,13.6110606844,13.6603666667,False
0,14971,404,13.5917711602,13.6603666667,False
0,14972,404,13.5986069785,13.6603666667,False
0,14973,404,13.570950116,13.6603666667,False
0,14974,404,13.6562670415,13.6603666667,False
0,14975,404,13.59481542,13.6603666667,False
0,14976,404,13.5956518685,13.6603666667,False
0,14977,404,13.6152505858,13.6603666667,False
0,14978,404,13.5734253318,13.6603666667,False
0,14979,404,13.5571830561,13.6603666667,False
0,14980,404,13.5716257788,13.6603666667,False
0,14981,404,13.5923952142,13.6603666667,False
0,14982,404,13.6063509951,13.6603666667,False
0,14983,404,13.5928225885,13.6603666667,False
0,14984,404,13.5687739131,13.6603666667,False
0,14985,404,13.5715632884,13.6603666667,False
0,14986,404,13.6167638787,13.6603666667,False
0,14987,404,13.6564583117,13.6603666667,False
0,14988,404,13.5877107948,13.6603666667,False
0,14989,404,13.5469682997,13.6603666667,False
0,14990,404,13.6060417008,13.6603666667,False
0,14991,404,13.5813203055,13.6603666667,False
0,14992,404,13.5891183083,13.6603666667,False
0,14993,404,13.6238080975,13.6603666667,False
0,14994,404,13.6047330686,13.6603666667,False
0,14995,404,13.5863852132,13.6603666667,False
0,14996,404,13.5702627878,13.6603666667,False
0,14997,404,13.5973531187,13.6603666667,False
0,14998,404,13.600863656,13.6603666667,False
0,14999,404,13.6219737997,13.6603666667,False
0,15000,404,13.5868006014,13.6603666667,False
0,15001,404,13.6030930092,13.6603666667,False
0,15002,404,13.5844746951,13.6603666667,False
0,15003,404,13.5724601294,13.6603666667,False
0,15004,404,13.5791003555,13.6603666667,False
0,15005,404,13.5833656612,13.6603666667,False
0,15006,404,13.5898624125,13.6603666667,False
0,15007,404,13.5806188591,13.6603666667,False
0,15008,404,13.6169786599,13.6603666667,False
0,15009,404,13.5886154945,13.6603666667,False
0,15010,404,13.5758064753,13.6603666667,False
0,15011,404,13.5937199574,13.6603666667,False
0,15012,404,13.6149714022,13.6603666667,False
0,15013,404,13.5785943046,13.6603666667,False
0,15014,404,13.5847328108,13.6603666667,False
0,15015,404,13.6298702653,13.6603666667,False
0,15016,404,13.5940110879,13.6603666667,False
0,15017,404,13.5980535173,13.6603666667,False
0,15018,404,13.6354342114,13.6603666667,False
0,15019,404,13.597524824,13.6603666667,False
0,15020,404,13.5530020205,13.6603666667,False
0,15021,404,13.6031526402,13.6603666667,False
0,15022,404,13.5830682944,13.6603666667,False
0,15023,404,13.631202957,13.6603666667,False
0,15024,404,13.6153819436,13.6603666667,False
0,15025,404,13.5887792034,13.6603666667,False
0,15026,404,13.6023308809,13.6603666667,False
0,15027,404,13.5658091602,13.6603666667,False
0,15028,404,13.6295186924,13.6603666667,False
0,15029,404,13.6240822257,13.6603666667,False
0,15030,404,13.55491971,13.6603666667,False
0,15031,404,13.5712211832,13.6603666667,False
0,15032,404,13.5563799351,13.6603666667,False
0,15033,404,13.6047360316,13.6603666667,False
0,15034,404,13.587871305,13.6603666667,False
0,15035,404,13.5576533728,13.6603666667,False
0,15036,404,13.5699772696,13.6603666667,False
0,15037,404,13.5851220044,13.6603666667,False
0,15038,404,13.5698366127,13.6603666667,False
0,15039,404,13.540373244,13.6603666667,False
0,15040,404,13.6372821455,13.6603666667,False
0,15041,404,13.5855642155,13.6603666667,False
0,15042,404,13.583725094,13.6603666667,False
0,15043,404,13.5864694895,13.6603666667,False
0,15044,404,13.6202004496,13.6603666667,False
0,15045,404,13.6299545928,13.6603666667,False
0,15046,404,13.585317911,13.6603666667,False
0,15047,404,13.5335911922,13.6603666667,False
0,15048,404,13.5982927027,13.6603666667,False
0,15049,404,13.6043756585,13.6603666667,False
0,15050,404,13.5959237744,13.6603666667,False
0,15051,404,13.6053759067,13.6603666667,False
0,15052,404,13.6087992362,13.6603666667,False
0,15053,404,13.6371348183,13.6603666667,False
0,15054,404,13.6026309558,13.6603666667,False
0,15055,404,13.5562354618,13.6603666667,False
0,15056,404,13.6026055097,13.6603666667,False
0,15057,404,13.5984984367,13.6603666667,False
0,15058,404,13.6033953714,13.6603666667,False
0,15059,404,13.5581114622,13.6603666667,False
0,15060,404,13.5704910479,13.6603666667,False
0,15061,404,13.5866281399,13.6603666667,False
0,15062,404,13.5584521888,13.6603666667,False
0,15063,404,13.5917280877,13.6603666667,False
0,15064,404,13.5884014244,13.6603666667,False
0,15065,404,13.5941370651,13.6603666667,False
0,15066,404,13.5931683788,13.6603666667,False
0,15067,404,13.5624175367,13.6603666667,False
0,15068,404,13.6333080578,13.6603666667,False
0,15069,404,13.6170257163,13.6603666667,False
0,15070,404,13.5758138868,13.6603666667,False
0,15071,404,13.5574477977,13.6603666667,False
0,15072,404,13.6239933441,13.6603666667,False
0,15073,404,13.5917505475,13.6603666667,False
0,15074,404,13.6156698645,13.6603666667,False
0,15075,404,13.6332114408,13.6603666667,False
0,15076,404,13.6017514962,13.6603666667,False
0,15077,404,13.6094225349,13.6603666667,False
0,15078,404,13.6149852586,13.6603666667,False
0,15079,404,13.6164009636,13.6603666667,False
0,15080,404,13.5737709736,13.6603666667,False
0,15081,404,13.6180291401,13.6603666667,False
0,15082,404,13.6087090945,13.6603666667,False
0,15083,404,13.624969293,13.6603666667,False
0,15084,404,13.6325704167,13.6603666667,False
0,15085,404,13.5736631101,13.6603666667,False
0,15086,404,13.5804799494,13.6603666667,False
0,15087,404,13.5791628237,13.6603666667,False
0,15088,404,13.5847337914,13.6603666667,False
0,15089,404,13.6253251735,13.6603666667,False
0,15090,404,13.5962559424,13.6603666667,False
0,15091,404,13.6103473297,13.6603666667,False
0,15092,404,13.5676006018,13.6603666667,False
0,15093,404,13.6719479759,13.6603666667,True
0,15094,404,13.5769326185,13.6603666667,False
0,15095,404,13.5875527322,13.6603666667,False
0,15096,404,13.6147757468,13.6603666667,False
0,15097,404,13.6440919276,13.6603666667,False
0,15098,404,13.6189803785,13.6603666667,False
0,15099,404,13.5897873409,13.6603666667,False
0,15100,404,13.5432716699,13.6603666667,False
0,15101,404,13.6031750351,13.6603666667,False
0,15102,404,13.5400977744,13.6603666667,False
0,15103,404,13.598011636,13.6603666667,False
0,15104,404,13.5858611403,13.6603666667,False
0,15105,404,13.5884893065,13.6603666667,False
0,15106,404,13.5858553501,13.6603666667,False
0,15107,404,13.5569756528,13.6603666667,False
0,15108,404,13.6294458124,13.6603666667,False
0,15109,404,13.5794352589,13.6603666667,False
0,15110,404,13.5661888479,13.6603666667,False
0,15111,404,13.6183885964,13.6603666667,False
0,15112,404,13.5778159187,13.6603666667,False
0,15113,404,13.5838860272,13.6603666667,False
0,15114,404,13.5736423106,13.6603666667,False
0,15115,404,13.5970214079,13.6603666667,False
0,15116,404,13.5428707647,13.6603666667,False
0,15117,404,13.6007704457,13.6603666667,False
0,15118,404,13.5803339104,13.6603666667,False
0,15119,404,13.6026908032,13.6603666667,False
0,15120,404,13.60787501,13.6603666667,False
0,15121,404,13.6073931558,13.6603666667,False
0,15122,404,13.5807488388,13.6603666667,False
0,15123,404,13.5546802179,13.6603666667,False
0,15124,404,13.6061499309,13.6603666667,False
0,15125,404,13.594922729,13.6603666667,False
0,15126,404,13.5838885849,13.6603666667,False
0,15127,404,13.5903148826,13.6603666667,False
0,15128,404,13.5847108078,13.6603666667,False
0,15129,404,13.5278036677,13.6603666667,False
0,15130,404,13.6202918011,13.6603666667,False
0,15131,404,13.6302332648,13.6603666667,False
0,15132,404,13.6281054941,13.6603666667,False
0,15133,404,13.5826395042,13.6603666667,False
0,15134,404,13.6048399715,13.6603666667,False
0,15135,404,13.5787618468,13.6603666667,False
0,15136,404,13.6826736046,13.6603666667,True
0,15137,404,13.6085013265,13.6603666667,False
0,15138,404,13.5514050217,13.6603666667,False
0,15139,404,13.6040094535,13.6603666667,False
0,15140,404,13.5752268728,13.6603666667,False
0,15141,404,13.5881356313,13.6603666667,False
0,15142,404,13.6310469834,13.6603666667,False
0,15143,404,13.6233410685,13.6603666667,False
0,15144,404,13.5600742522,13.6603666667,False
0,15145,404,13.5813730249,13.6603666667,False
0,15146,404,13.6188733006,13.6603666667,False
0,15147,404,13.5967477859,13.6603666667,False
0,15148,404,13.5812633204,13.6603666667,False
0,15149,404,13.5597478011,13.6603666667,False
0,15150,404,13.6298371287,13.6603666667,False
0,15151,404,13.5649828161,13.6603666667,False
0,15152,404,13.5993277863,13.6603666667,False
0,15153,404,13.5843423089,13.6603666667,False
0,15154,404,13.6132637474,13.6603666667,False
0,15155,405,13.6131607918,13.6937,False
0,15156,405,13.6558313732,13.6937,False
0,15157,405,13.5990668981,13.6937,False
0,15158,405,13.6262559276,13.6937,False
0,15159,405,13.6026871727,13.6937,False
0,15160,405,13.6126846404,13.6937,False
0,15161,406,13.6613759202,13.7270333333,False
0,15162,406,13.6434717354,13.7270333333,False
0,15163,406,13.6404160351,13.7270333333,False
0,15164,406,13.6765299386,13.7270333333,False
0,15165,406,13.6850058152,13.7270333333,False
0,15166,407,13.6631578326,13.7603666667,False
0,15167,407,13.7020546201,13.7603666667,False
0,15168,407,13.7374895361,13.7603666667,False
0,15169,408,13.7434847362,13.7937,False
0,15170,408,13.6823478795,13.7937,False
0,15171,408,13.6992935314,13.7937,False
0,15172,409,13.7563280525,13.8270333333,False
0,15173,409,13.7873980184,13.8270333333,False
0,15174,409,13.7385053398,13.8270333333,False
0,15175,409,13.7864240887,13.8270333333,False
0,15176,409,13.7828179373,13.8270333333,False
0,15177,409,13.7575685642,13.8270333333,False
0,15178,409,13.7358897218,13.8270333333,False
0,15179,409,13.7861099002,13.8270333333,False
0,15180,409,13.7926481569,13.8270333333,False
0,15181,409,13.7998925585,13.8270333333,False
0,15182,409,13.7638038213,13.8270333333,False
0,15183,409,13.7114913217,13.8270333333,False
0,15184,409,13.7729799582,13.8270333333,False
0,15185,409,13.7040980219,13.8270333333,False
0,15186,409,13.7463590857,13.8270333333,False
0,15187,409,13.7449921976,13.8270333333,False
0,15188,409,13.7188353123,13.8270333333,False
0,15189,409,13.7357430467,13.8270333333,False
0,15190,409,13.8011983455,13.8270333333,False
0,15191,409,13.7144700233,13.8270333333,False
0,15192,409,13.7413899767,13.8270333333,False
0,15193,409,13.7406646268,13.8270333333,False
0,15194,409,13.7703349284,13.8270333333,False
0,15195,409,13.8061919043,13.8270333333,False
0,15196,409,13.797875564,13.8270333333,False
0,15197,409,13.7421638328,13.8270333333,False
0,15198,409,13.8042066053,13.8270333333,False
0,15199,409,13.7437785971,13.8270333333,False
0,15200,409,13.7441729105,13.8270333333,False
0,15201,409,13.7543472316,13.8270333333,False
0,15202,409,13.7582073382,13.8270333333,False
0,15203,409,13.7438766009,13.8270333333,False
0,15204,409,13.695887036,13.8270333333,False
0,15205,409,13.7216832286,13.8270333333,False
0,15206,409,13.7497056248,13.8270333333,False
0,15207,409,13.7431161959,13.8270333333,False
0,15208,409,13.8006014236,13.8270333333,False
0,15209,409,13.7558664867,13.8270333333,False
0,15210,409,13.8233623082,13.8270333333,False
0,15211,409,13.7334822886,13.8270333333,False
0,15212,409,13.7494147612,13.8270333333,False
0,15213,409,13.7560667113,13.8270333333,False
0,15214,409,13.7667922249,13.8270333333,False
0,15215,409,13.764097091,13.8270333333,False
0,15216,409,13.7760328834,13.8270333333,False
0,15217,409,13.7410605882,13.8270333333,False
0,15218,409,13.7586549413,13.8270333333,False
0,15219,409,13.7639146287,13.8270333333,False
0,15220,409,13.7055417859,13.8270333333,False
0,15221,409,13.7630758817,13.8270333333,False
0,15222,409,13.780490527,13.8270333333,False
0,15223,409,13.7640663165,13.8270333333,False
0,15224,409,13.7485513159,13.8270333333,False
0,15225,409,13.7713856949,13.8270333333,False
0,15226,409,13.7532135304,13.8270333333,False
0,15227,409,13.7625609366,13.8270333333,False
0,15228,409,13.783734729,13.8270333333,False
0,15229,409,13.7690224854,13.8270333333,False
0,15230,409,13.7590560343,13.8270333333,False
0,15231,409,13.7791746866,13.8270333333,False
0,15232,409,13.7435990317,13.8270333333,False
0,15233,409,13.7941869818,13.8270333333,False
0,15234,409,13.7917865879,13.8270333333,False
0,15235,409,13.7133826627,13.8270333333,False
0,15236,409,13.7577741873,13.8270333333,False
0,15237,409,13.7473428785,13.8270333333,False
0,15238,409,13.7659083421,13.8270333333,False
0,15239,409,13.7327228632,13.8270333333,False
0,15240,409,13.7675840064,13.8270333333,False
0,15241,409,13.7511838626,13.8270333333,False
0,15242,409,13.7268211513,13.8270333333,False
0,15243,409,13.7398657243,13.8270333333,False
0,15244,409,13.7381188354,13.8270333333,False
0,15245,409,13.7463074323,13.8270333333,False
0,15246,409,13.7543912537,13.8270333333,False
0,15247,409,13.7520740939,13.8270333333,False
0,15248,409,13.7417580126,13.8270333333,False
0,15249,409,13.753496012,13.8270333333,False
0,15250,409,13.7836449499,13.8270333333,False
0,15251,409,13.7571397725,13.8270333333,False
0,15252,409,13.7019466639,13.8270333333,False
0,15253,409,13.7567866223,13.8270333333,False
0,15254,409,13.7824394668,13.8270333333,False
0,15255,409,13.7514386668,13.8270333333,False
0,15256,409,13.7636230691,13.8270333333,False
0,15257,409,13.758033071,13.8270333333,False
0,15258,409,13.7409631885,13.8270333333,False
0,15259,409,13.7520271072,13.8270333333,False
0,15260,409,13.7780129056,13.8270333333,False
0,15261,409,13.8100001069,13.8270333333,False
0,15262,409,13.6977661988,13.8270333333,False
0,15263,409,13.7833027989,13.8270333333,False
0,15264,409,13.753480764,13.8270333333,False
0,15265,409,13.7770226267,13.8270333333,False
0,15266,409,13.771014432,13.8270333333,False
0,15267,409,13.7230726776,13.8270333333,False
0,15268,409,13.7403896019,13.8270333333,False
0,15269,409,13.7500118237,13.8270333333,False
0,15270,409,13.7450790296,13.8270333333,False
0,15271,409,13.7523929615,13.8270333333,False
0,15272,409,13.7332795091,13.8270333333,False
0,15273,409,13.7617017352,13.8270333333,False
0,15274,409,13.7929928675,13.8270333333,False
0,15275,409,13.7873883153,13.8270333333,False
0,15276,409,13.7311224069,13.8270333333,False
0,15277,409,13.756251254,13.8270333333,False
0,15278,409,13.7580008986,13.8270333333,False
0,15279,409,13.7630192746,13.8270333333,False
0,15280,409,13.7855461181,13.8270333333,False
0,15281,409,13.8012152091,13.8270333333,False
0,15282,409,13.767710712,13.8270333333,False
0,15283,409,13.7291642828,13.8270333333,False
0,15284,409,13.7737458487,13.8270333333,False
0,15285,409,13.7640558449,13.8270333333,False
0,15286,409,13.7603854327,13.8270333333,False
0,15287,409,13.8023298117,13.8270333333,False
0,15288,409,13.7711085244,13.8270333333,False
0,15289,409,13.7684186211,13.8270333333,False
0,15290,409,13.7670898745,13.8270333333,False
0,15291,409,13.8035213185,13.8270333333,False
0,15292,409,13.7515885119,13.8270333333,False
0,15293,409,13.7269951694,13.8270333333,False
0,15294,409,13.7366822393,13.8270333333,False
0,15295,409,13.7793183856,13.8270333333,False
0,15296,409,13.711204807,13.8270333333,False
0,15297,409,13.7420241631,13.8270333333,False
0,15298,409,13.7660052235,13.8270333333,False
0,15299,409,13.7533461744,13.8270333333,False
0,15300,409,13.7771050439,13.8270333333,False
0,15301,409,13.759740493,13.8270333333,False
0,15302,409,13.7900184474,13.8270333333,False
0,15303,409,13.7570731029,13.8270333333,False
0,15304,409,13.743575851,13.8270333333,False
0,15305,409,13.733902903,13.8270333333,False
0,15306,409,13.7821046397,13.8270333333,False
0,15307,409,13.753294218,13.8270333333,False
0,15308,409,13.7913484816,13.8270333333,False
0,15309,409,13.7460038585,13.8270333333,False
0,15310,409,13.76567741,13.8270333333,False
0,15311,409,13.7603070775,13.8270333333,False
0,15312,409,13.7581712439,13.8270333333,False
0,15313,409,13.7632081727,13.8270333333,False
0,15314,409,13.7737304136,13.8270333333,False
0,15315,409,13.7697093424,13.8270333333,False
0,15316,409,13.7698310556,13.8270333333,False
0,15317,409,13.7198036873,13.8270333333,False
0,15318,409,13.7610922556,13.8270333333,False
0,15319,409,13.7536347265,13.8270333333,False
0,15320,409,13.7337587554,13.8270333333,False
0,15321,409,13.8061679424,13.8270333333,False
0,15322,409,13.7271766096,13.8270333333,False
0,15323,409,13.7576925124,13.8270333333,False
0,15324,409,13.7044127475,13.8270333333,False
0,15325,409,13.7507524021,13.8270333333,False
0,15326,409,13.7311866682,13.8270333333,False
0,15327,409,13.7786166628,13.8270333333,False
0,15328,409,13.7872060573,13.8270333333,False
0,15329,409,13.7828528591,13.8270333333,False
0,15330,409,13.7170643563,13.8270333333,False
0,15331,409,13.7922188121,13.8270333333,False
0,15332,409,13.7841351414,13.8270333333,False
0,15333,409,13.7422492608,13.8270333333,False
0,15334,409,13.7350345583,13.8270333333,False
0,15335,409,13.7641796949,13.8270333333,False
0,15336,409,13.7712810445,13.8270333333,False
0,15337,409,13.7707914172,13.8270333333,False
0,15338,409,13.7367996152,13.8270333333,False
0,15339,409,13.776751958,13.8270333333,False
0,15340,409,13.7135160568,13.8270333333,False
0,15341,409,13.7622157236,13.8270333333,False
0,15342,409,13.7764155884,13.8270333333,False
0,15343,409,13.7711012843,13.8270333333,False
0,15344,409,13.7487773259,13.8270333333,False
0,15345,409,13.7472900374,13.8270333333,False
0,15346,409,13.7525541346,13.8270333333,False
0,15347,409,13.7727799732,13.8270333333,False
0,15348,409,13.7496917506,13.8270333333,False
0,15349,409,13.7593763283,13.8270333333,False
0,15350,409,13.738228366,13.8270333333,False
0,15351,409,13.7606755089,13.8270333333,False
0,15352,409,13.7738672546,13.8270333333,False
0,15353,409,13.7892985643,13.8270333333,False
0,15354,409,13.7521340188,13.8270333333,False
0,15355,409,13.759718725,13.8270333333,False
0,15356,409,13.7498962471,13.8270333333,False
0,15357,409,13.7741469603,13.8270333333,False
0,15358,409,13.8115988769,13.8270333333,False
0,15359,409,13.7540476936,13.8270333333,False
0,15360,409,13.7312000258,13.8270333333,False
0,15361,409,13.7364286553,13.8270333333,False
0,15362,409,13.753393012,13.8270333333,False
0,15363,409,13.7098004084,13.8270333333,False
0,15364,409,13.78132246,13.8270333333,False
0,15365,409,13.7120208535,13.8270333333,False
0,15366,409,13.7917036535,13.8270333333,False
0,15367,409,13.76289041,13.8270333333,False
0,15368,409,13.7466129487,13.8270333333,False
0,15369,409,13.7508876538,13.8270333333,False
0,15370,409,13.7486118406,13.8270333333,False
0,15371,409,13.7015110185,13.8270333333,False
0,15372,409,13.7681780166,13.8270333333,False
0,15373,409,13.7270373012,13.8270333333,False
0,15374,409,13.7846235093,13.8270333333,False
0,15375,409,13.7174213965,13.8270333333,False
0,15376,409,13.7346146881,13.8270333333,False
0,15377,409,13.7780409266,13.8270333333,False
0,15378,409,13.7587504386,13.8270333333,False
0,15379,409,13.7386426855,13.8270333333,False
0,15380,409,13.7594719929,13.8270333333,False
0,15381,409,13.7414996113,13.8270333333,False
0,15382,409,13.7589199583,13.8270333333,False
0,15383,409,13.7596287118,13.8270333333,False
0,15384,409,13.7294424062,13.8270333333,False
0,15385,409,13.7363210216,13.8270333333,False
0,15386,409,13.8268919499,13.8270333333,False
0,15387,409,13.7356598873,13.8270333333,False
0,15388,409,13.7631064449,13.8270333333,False
0,15389,409,13.7654549184,13.8270333333,False
0,15390,409,13.7424304987,13.8270333333,False
0,15391,409,13.7482386126,13.8270333333,False
0,15392,409,13.7944472225,13.8270333333,False
0,15393,409,13.767023105,13.8270333333,False
0,15394,409,13.7594167168,13.8270333333,False
0,15395,409,13.7523189292,13.8270333333,False
0,15396,409,13.7395218599,13.8270333333,False
0,15397,409,13.7286842123,13.8270333333,False
0,15398,409,13.7393944211,13.8270333333,False
0,15399,409,13.7097000947,13.8270333333,False
0,15400,409,13.7702927407,13.8270333333,False
0,15401,409,13.7352528869,13.8270333333,False
0,15402,409,13.8078713539,13.8270333333,False
0,15403,409,13.7763630063,13.8270333333,False
0,15404,409,13.805528087,13.8270333333,False
0,15405,409,13.7833985389,13.8270333333,False
0,15406,409,13.754065853,13.8270333333,False
0,15407,409,13.7779502111,13.8270333333,False
0,15408,409,13.7588609983,13.8270333333,False
0,15409,409,13.7542008105,13.8270333333,False
0,15410,409,13.7794816965,13.8270333333,False
0,15411,409,13.7711715735,13.8270333333,False
0,15412,409,13.7815431833,13.8270333333,False
0,15413,409,13.789493475,13.8270333333,False
0,15414,409,13.7634349542,13.8270333333,False
0,15415,409,13.7461787753,13.8270333333,False
0,15416,409,13.7380701101,13.8270333333,False
0,15417,409,13.7097785728,13.8270333333,False
0,15418,409,13.7937623562,13.8270333333,False
0,15419,409,13.7756896472,13.8270333333,False
0,15420,409,13.689558364,13.8270333333,False
0,15421,409,13.7186980037,13.8270333333,False
0,15422,409,13.781230825,13.8270333333,False
0,15423,409,13.7768632427,13.8270333333,False
0,15424,409,13.759513921,13.8270333333,False
0,15425,409,13.7351253719,13.8270333333,False
0,15426,409,13.7005819339,13.8270333333,False
0,15427,409,13.751851746,13.8270333333,False
0,15428,409,13.7433616063,13.8270333333,False
0,15429,409,13.7500706059,13.8270333333,False
0,15430,409,13.8003436675,13.8270333333,False
0,15431,409,13.7555358231,13.8270333333,False
0,15432,409,13.7250932628,13.8270333333,False
0,15433,409,13.7644277661,13.8270333333,False
0,15434,409,13.7771695814,13.8270333333,False
0,15435,409,13.7421408772,13.8270333333,False
0,15436,409,13.79044004,13.8270333333,False
0,15437,409,13.7027945102,13.8270333333,False
0,15438,409,13.7648495838,13.8270333333,False
0,15439,409,13.7613020581,13.8270333333,False
0,15440,409,13.7241083571,13.8270333333,False
0,15441,409,13.7577433788,13.8270333333,False
0,15442,409,13.7054567227,13.8270333333,False
0,15443,409,13.7341006874,13.8270333333,False
0,15444,409,13.7438942091,13.8270333333,False
0,15445,409,13.7390984605,13.8270333333,False
0,15446,409,13.7730296851,13.8270333333,False
0,15447,409,13.7637595951,13.8270333333,False
0,15448,409,13.7639400622,13.8270333333,False
0,15449,409,13.7730220691,13.8270333333,False
0,15450,409,13.7961333912,13.8270333333,False
0,15451,409,13.7463510184,13.8270333333,False
0,15452,409,13.7437993794,13.8270333333,False
0,15453,409,13.7902605453,13.8270333333,False
0,15454,409,13.7524274949,13.8270333333,False
0,15455,409,13.7463667392,13.8270333333,False
0,15456,409,13.7492134765,13.8270333333,False
0,15457,409,13.7401993061,13.8270333333,False
0,15458,409,13.7915266709,13.8270333333,False
0,15459,409,13.7718725772,13.8270333333,False
0,15460,409,13.7716954764,13.8270333333,False
0,15461,409,13.7740934897,13.8270333333,False
0,15462,409,13.7784470247,13.8270333333,False
0,15463,409,13.7187724187,13.8270333333,False
0,15464,409,13.7487060899,13.8270333333,False
0,15465,409,13.7730126771,13.8270333333,False
0,15466,409,13.7211940875,13.8270333333,False
0,15467,409,13.7336504681,13.8270333333,False
0,15468,409,13.7669037083,13.8270333333,False
0,15469,409,13.7569734365,13.8270333333,False
0,15470,409,13.7805175394,13.8270333333,False
0,15471,409,13.7167858628,13.8270333333,False
0,15472,409,13.7798033844,13.8270333333,False
0,15473,409,13.7364657695,13.8270333333,False
0,15474,409,13.7793851024,13.8270333333,False
0,15475,409,13.7661725341,13.8270333333,False
0,15476,409,13.7754882684,13.8270333333,False
0,15477,409,13.783477787,13.8270333333,False
0,15478,409,13.7668294061,13.8270333333,False
0,15479,409,13.7084384279,13.8270333333,False
0,15480,409,13.7473022478,13.8270333333,False
0,15481,409,13.7441178697,13.8270333333,False
0,15482,409,13.7944463521,13.8270333333,False
0,15483,409,13.7541311792,13.8270333333,False
0,15484,409,13.7336578695,13.8270333333,False
0,15485,409,13.7003783337,13.8270333333,False
0,15486,409,13.7260290758,13.8270333333,False
0,15487,409,13.7607374401,13.8270333333,False
0,15488,409,13.7611633804,13.8270333333,False
0,15489,409,13.7744549889,13.8270333333,False
0,15490,409,13.7593037001,13.8270333333,False
0,15491,409,13.7355583796,13.8270333333,False
0,15492,409,13.7625223597,13.8270333333,False
0,15493,409,13.7469658706,13.8270333333,False
0,15494,409,13.7828277978,13.8270333333,False
0,15495,409,13.7521185191,13.8270333333,False
0,15496,409,13.803897861,13.8270333333,False
0,15497,409,13.7067446562,13.8270333333,False
0,15498,410,13.8130533883,13.8603666667,False
0,15499,410,13.8024666037,13.8603666667,False
0,15500,410,13.7553230511,13.8603666667,False
0,15501,410,13.7756812279,13.8603666667,False
0,15502,410,13.8104475363,13.8603666667,False
0,15503,411,13.8372983547,13.8937,False
0,15504,411,13.8181823042,13.8937,False
0,15505,411,13.8211044021,13.8937,False
0,15506,412,13.8847113638,13.9270333333,False
0,15507,412,13.8753847881,13.9270333333,False
0,15508,412,13.8708425703,13.9270333333,False
0,15509,413,13.9201425938,13.9603666667,False
0,15510,413,13.8756774993,13.9603666667,False
0,15511,413,13.8703489538,13.9603666667,False
0,15512,413,13.9088296966,13.9603666667,False
0,15513,414,13.9044234168,13.9937,False
0,15514,414,13.9629355667,13.9937,False
0,15515,414,13.8954070929,13.9937,False
0,15516,414,13.9322898785,13.9937,False
0,15517,414,13.9073410443,13.9937,False
0,15518,414,13.9169003413,13.9937,False
0,15519,414,13.904798071,13.9937,False
0,15520,414,13.9257989456,13.9937,False
0,15521,414,13.8926693598,13.9937,False
0,15522,414,13.9143134041,13.9937,False
0,15523,414,13.9510817414,13.9937,False
0,15524,414,13.9036362622,13.9937,False
0,15525,414,13.9434624961,13.9937,False
0,15526,414,13.9412764235,13.9937,False
0,15527,414,13.9093155992,13.9937,False
0,15528,414,13.9143855457,13.9937,False
0,15529,414,13.9290631177,13.9937,False
0,15530,414,13.9088239651,13.9937,False
0,15531,414,13.9052270374,13.9937,False
0,15532,414,13.9242595347,13.9937,False
0,15533,414,13.9252506809,13.9937,False
0,15534,414,13.9698265653,13.9937,False
0,15535,414,13.9210729426,13.9937,False
0,15536,414,13.9188602626,13.9937,False
0,15537,414,13.9265737827,13.9937,False
0,15538,414,13.938658428,13.9937,False
0,15539,414,13.9336549164,13.9937,False
0,15540,414,13.9064913856,13.9937,False
0,15541,414,13.9376223813,13.9937,False
0,15542,414,13.8887287375,13.9937,False
0,15543,414,13.9178278481,13.9937,False
0,15544,414,13.93778618,13.9937,False
0,15545,414,13.9320273737,13.9937,False
0,15546,414,13.9056481934,13.9937,False
0,15547,414,13.8894989315,13.9937,False
0,15548,414,13.9590596684,13.9937,False
0,15549,414,13.9191850388,13.9937,False
0,15550,414,13.8800017112,13.9937,False
0,15551,414,13.9587376268,13.9937,False
0,15552,414,13.8803395864,13.9937,False
0,15553,414,13.9534404522,13.9937,False
0,15554,414,13.8883418179,13.9937,False
0,15555,414,13.8981310095,13.9937,False
0,15556,414,13.8927906194,13.9937,False
0,15557,414,13.9212551433,13.9937,False
0,15558,414,13.9334552734,13.9937,False
0,15559,414,13.9043283118,13.9937,False
0,15560,414,13.9064664956,13.9937,False
0,15561,414,13.8904351593,13.9937,False
0,15562,414,13.9669464718,13.9937,False
0,15563,414,13.9004720473,13.9937,False
0,15564,414,13.9742445455,13.9937,False
0,15565,414,13.893329504,13.9937,False
0,15566,414,13.920634261,13.9937,False
0,15567,414,13.93283785,13.9937,False
0,15568,414,13.9543327834,13.9937,False
0,15569,414,13.9511201418,13.9937,False
0,15570,414,13.9408736688,13.9937,False
0,15571,414,13.902661426,13.9937,False
0,15572,414,13.9333106544,13.9937,False
0,15573,414,13.9267872552,13.9937,False
0,15574,414,13.9238153675,13.9937,False
0,15575,414,13.921230787,13.9937,False
0,15576,414,13.8872007838,13.9937,False
0,15577,414,13.9102636437,13.9937,False
0,15578,414,13.8807943026,13.9937,False
0,15579,414,13.9463958823,13.9937,False
0,15580,414,13.9735910908,13.9937,False
0,15581,414,13.9005760304,13.9937,False
0,15582,414,13.9470586132,13.9937,False
0,15583,414,13.8724095161,13.9937,False
0,15584,414,13.9265727671,13.9937,False
0,15585,414,13.9005632687,13.9937,False
0,15586,414,13.9190743838,13.9937,False
0,15587,414,13.8867833583,13.9937,False
0,15588,414,13.8958018203,13.9937,False
0,15589,414,13.9241667729,13.9937,False
0,15590,414,13.9403837568,13.9937,False
0,15591,414,13.9641976307,13.9937,False
0,15592,414,13.915374742,13.9937,False
0,15593,414,13.9119729513,13.9937,False
0,15594,414,13.9477865987,13.9937,False
0,15595,414,13.9174798187,13.9937,False
0,15596,414,13.9322092226,13.9937,False
0,15597,414,13.8877262688,13.9937,False
0,15598,414,13.8874805125,13.9937,False
0,15599,414,13.928880304,13.9937,False
0,15600,414,13.904248611,13.9937,False
0,15601,414,13.9429381069,13.9937,False
0,15602,414,13.9005098673,13.9937,False
0,15603,414,13.9180236744,13.9937,False
0,15604,414,13.9400043454,13.9937,False
0,15605,414,13.9152031642,13.9937,False
0,15606,414,13.9083009278,13.9937,False
0,15607,414,13.9189023723,13.9937,False
0,15608,414,13.9498052456,13.9937,False
0,15609,414,13.8987742603,13.9937,False
0,15610,414,13.9421621682,13.9937,False
0,15611,414,13.9248502348,13.9937,False
0,15612,414,13.9487470875,13.9937,False
0,15613,414,13.8966848207,13.9937,False
0,15614,414,13.9305444486,13.9937,False
0,15615,414,13.9072467788,13.9937,False
0,15616,414,13.9427076135,13.9937,False
0,15617,414,13.9117778583,13.9937,False
0,15618,414,13.8998276796,13.9937,False
0,15619,414,13.8855473337,13.9937,False
0,15620,414,13.91064836,13.9937,False
0,15621,414,13.9051291209,13.9937,False
0,15622,414,13.9225106177,13.9937,False
0,15623,414,13.8967525579,13.9937,False
0,15624,414,13.9263854258,13.9937,False
0,15625,414,13.903069381,13.9937,False
0,15626,414,13.9696471032,13.9937,False
0,15627,414,13.9771714609,13.9937,False
0,15628,414,13.947110597,13.9937,False
0,15629,414,13.94986036,13.9937,False
0,15630,414,13.9716041524,13.9937,False
0,15631,414,13.9627328232,13.9937,False
0,15632,414,13.9314048193,13.9937,False
0,15633,414,13.9410724179,13.9937,False
0,15634,414,13.8956328773,13.9937,False
0,15635,414,13.9192220959,13.9937,False
0,15636,414,13.9199104522,13.9937,False
0,15637,414,13.9768506499,13.9937,False
0,15638,414,13.9364925909,13.9937,False
0,15639,414,13.9222502713,13.9937,False
0,15640,414,13.9184212507,13.9937,False
0,15641,414,13.9040350815,13.9937,False
0,15642,414,13.9334141834,13.9937,False
0,15643,414,13.9337678538,13.9937,False
0,15644,414,13.9004630308,13.9937,False
0,15645,414,13.8961188967,13.9937,False
0,15646,414,13.9375319811,13.9937,False
0,15647,414,13.9492025915,13.9937,False
0,15648,414,13.9060911511,13.9937,False
0,15649,414,13.9375414616,13.9937,False
0,15650,414,13.9089703168,13.9937,False
0,15651,414,13.9442173912,13.9937,False
0,15652,414,13.9443646694,13.9937,False
0,15653,414,13.9153593807,13.9937,False
0,15654,414,13.9645352908,13.9937,False
0,15655,414,13.9468885235,13.9937,False
0,15656,414,13.9127483357,13.9937,False
0,15657,414,13.9180364467,13.9937,False
0,15658,414,13.9716370239,13.9937,False
0,15659,414,13.8904231418,13.9937,False
0,15660,414,13.9264223536,13.9937,False
0,15661,414,13.9113323715,13.9937,False
0,15662,414,13.9806987722,13.9937,False
0,15663,414,13.8925675075,13.9937,False
0,15664,414,13.9002423806,13.9937,False
0,15665,414,13.9174363868,13.9937,False
0,15666,414,13.9347558837,13.9937,False
0,15667,414,13.9404150506,13.9937,False
0,15668,414,13.9503153328,13.9937,False
0,15669,414,13.9074881367,13.9937,False
0,15670,414,13.9499835203,13.9937,False
0,15671,414,13.9438198851,13.9937,False
0,15672,414,13.8900752284,13.9937,False
0,15673,414,13.9108206626,13.9937,False
0,15674,414,13.91586406,13.9937,False
0,15675,414,13.9363749122,13.9937,False
0,15676,414,13.883273788,13.9937,False
0,15677,414,13.9633714652,13.9937,False
0,15678,414,13.9448868035,13.9937,False
0,15679,414,13.9041802447,13.9937,False
0,15680,414,13.9359936114,13.9937,False
0,15681,414,13.9548462174,13.9937,False
0,15682,414,13.9248671667,13.9937,False
0,15683,414,13.9194352738,13.9937,False
0,15684,414,13.9307141882,13.9937,False
0,15685,414,13.9184976693,13.9937,False
0,15686,414,13.9086548935,13.9937,False
0,15687,414,13.9298397738,13.9937,False
0,15688,414,13.9053103693,13.9937,False
0,15689,414,13.9604286001,13.9937,False
0,15690,414,13.9743187104,13.9937,False
0,15691,414,13.931952315,13.9937,False
0,15692,414,13.9360871253,13.9937,False
0,15693,414,13.9166809093,13.9937,False
0,15694,414,13.8993855709,13.9937,False
0,15695,414,13.9491123978,13.9937,False
0,15696,414,13.9698141406,13.9937,False
0,15697,414,13.9156983046,13.9937,False
0,15698,414,13.9462470592,13.9937,False
0,15699,414,13.9442189175,13.9937,False
0,15700,414,13.897427151,13.9937,False
0,15701,414,13.9075545671,13.9937,False
0,15702,414,13.9398154483,13.9937,False
0,15703,414,13.9030498932,13.9937,False
0,15704,414,13.9343514421,13.9937,False
0,15705,414,13.9441017638,13.9937,False
0,15706,414,13.9512384552,13.9937,False
0,15707,414,13.9313391225,13.9937,False
0,15708,414,13.9567088537,13.9937,False
0,15709,414,13.9072641905,13.9937,False
0,15710,414,13.9351282725,13.9937,False
0,15711,414,13.9298141471,13.9937,False
0,15712,414,13.9280884163,13.9937,False
0,15713,414,13.9073798494,13.9937,False
0,15714,414,13.9533051512,13.9937,False
0,15715,414,13.9187344356,13.9937,False
0,15716,414,13.9193216791,13.9937,False
0,15717,414,13.9392238399,13.9937,False
0,15718,414,13.9370609634,13.9937,False
0,15719,414,13.9028797181,13.9937,False
0,15720,414,13.9533839922,13.9937,False
0,15721,414,13.9485175523,13.9937,False
0,15722,414,13.9243746862,13.9937,False
0,15723,414,13.9504613528,13.9937,False
0,15724,414,13.9500688335,13.9937,False
0,15725,414,13.9628894061,13.9937,False
0,15726,414,13.9038011687,13.9937,False
0,15727,414,13.9586147422,13.9937,False
0,15728,414,13.9806445946,13.9937,False
0,15729,414,13.9457882769,13.9937,False
0,15730,414,13.910585441,13.9937,False
0,15731,414,13.9278404852,13.9937,False
0,15732,414,13.9189559083,13.9937,False
0,15733,414,13.9281098587,13.9937,False
0,15734,414,13.8956482598,13.9937,False
0,15735,414,13.9714362072,13.9937,False
0,15736,414,13.9394542222,13.9937,False
0,15737,414,13.9507421973,13.9937,False
0,15738,414,13.9553038853,13.9937,False
0,15739,414,13.9020013436,13.9937,False
0,15740,414,13.9299130989,13.9937,False
0,15741,414,13.9292568068,13.9937,False
0,15742,414,13.8959913697,13.9937,False
0,15743,414,13.9242500329,13.9937,False
0,15744,414,13.9276211324,13.9937,False
0,15745,414,13.9093629551,13.9937,False
0,15746,414,13.9330307797,13.9937,False
0,15747,414,13.9622331603,13.9937,False
0,15748,414,13.9753381797,13.9937,False
0,15749,414,13.9469120544,13.9937,False
0,15750,414,13.9249860409,13.9937,False
0,15751,414,13.8815324442,13.9937,False
0,15752,414,13.9323929487,13.9937,False
0,15753,414,13.880177509,13.9937,False
0,15754,414,13.9005114295,13.9937,False
0,15755,414,13.9488114897,13.9937,False
0,15756,414,13.8835593179,13.9937,False
0,15757,414,13.8736360991,13.9937,False
0,15758,414,13.9251332251,13.9937,False
0,15759,414,13.9687053381,13.9937,False
0,15760,414,13.9278934253,13.9937,False
0,15761,414,13.9280964427,13.9937,False
0,15762,414,13.9570751416,13.9937,False
0,15763,414,13.9351150249,13.9937,False
0,15764,414,13.9227803433,13.9937,False
0,15765,414,13.9474299847,13.9937,False
0,15766,414,13.9062136118,13.9937,False
0,15767,414,13.8701495598,13.9937,False
0,15768,414,13.9477242152,13.9937,False
0,15769,414,13.9567058733,13.9937,False
0,15770,414,13.9443141022,13.9937,False
0,15771,414,13.9273452283,13.9937,False
0,15772,414,13.906243408,13.9937,False
0,15773,414,13.893831177,13.9937,False
0,15774,414,13.8898671715,13.9937,False
0,15775,414,13.9790767756,13.9937,False
0,15776,414,13.9549787429,13.9937,False
0,15777,414,13.9142900654,13.9937,False
0,15778,414,13.9178418019,13.9937,False
0,15779,414,13.9325629475,13.9937,False
0,15780,414,13.9218562867,13.9937,False
0,15781,414,13.8888411994,13.9937,False
0,15782,414,13.9686073897,13.9937,False
0,15783,414,13.9101197917,13.9937,False
0,15784,414,13.9015484801,13.9937,False
0,15785,414,13.9291612975,13.9937,False
0,15786,414,13.9403636388,13.9937,False
0,15787,414,13.9150899166,13.9937,False
0,15788,414,13.9298909927,13.9937,False
0,15789,414,13.9282660291,13.9937,False
0,15790,414,13.9493541764,13.9937,False
0,15791,414,13.9200175232,13.9937,False
0,15792,414,13.876547444,13.9937,False
0,15793,414,13.9282550878,13.9937,False
0,15794,414,13.9498085659,13.9937,False
0,15795,414,13.9115934496,13.9937,False
0,15796,414,13.9508920512,13.9937,False
0,15797,414,13.9274852825,13.9937,False
0,15798,414,13.9663954772,13.9937,False
0,15799,414,13.917226869,13.9937,False
0,15800,414,13.9316340775,13.9937,False
0,15801,414,13.9036444099,13.9937,False
0,15802,414,13.9083322786,13.9937,False
0,15803,414,13.8792381427,13.9937,False
0,15804,414,13.9350888454,13.9937,False
0,15805,414,13.8812074005,13.9937,False
0,15806,414,13.9509561124,13.9937,False
0,15807,414,13.924145502,13.9937,False
0,15808,414,13.9315727979,13.9937,False
0,15809,414,13.9173541877,13.9937,False
0,15810,414,13.9046431911,13.9937,False
0,15811,414,13.9469792626,13.9937,False
0,15812,414,13.8942439577,13.9937,False
0,15813,414,13.8910303316,13.9937,False
0,15814,414,13.9194433763,13.9937,False
0,15815,414,13.9188747901,13.9937,False
0,15816,414,13.9088426363,13.9937,False
0,15817,414,13.8918247101,13.9937,False
0,15818,414,13.9406183354,13.9937,False
0,15819,414,13.9588239835,13.9937,False
0,15820,414,13.9576181687,13.9937,False
0,15821,414,13.9102189957,13.9937,False
0,15822,414,13.9263701565,13.9937,False
0,15823,414,13.9476314517,13.9937,False
0,15824,414,13.9166206706,13.9937,False
0,15825,414,13.906669154,13.9937,False
0,15826,414,13.9367825488,13.9937,False
0,15827,414,13.8958063366,13.9937,False
0,15828,414,13.9370272991,13.9937,False
0,15829,414,13.9131136336,13.9937,False
0,15830,414,13.9580296482,13.9937,False
0,15831,414,13.899672637,13.9937,False
0,15832,414,13.9093783282,13.9937,False
0,15833,414,13.8909783854,13.9937,False
0,15834,414,13.9162838772,13.9937,False
0,15835,414,13.9317066336,13.9937,False
0,15836,415,13.9754473255,14.0270333333,False
0,15837,415,13.9903680467,14.0270333333,False
0,15838,415,13.9891274452,14.0270333333,False
0,15839,415,13.9499511882,14.0270333333,False
0,15840,416,14.0005206799,14.0603666667,False
0,15841,416,13.9835746409,14.0603666667,False
0,15842,416,13.9558719892,14.0603666667,False
0,15843,417,14.0223930616,14.0937,False
0,15844,417,13.9978296857,14.0937,False
0,15845,417,14.0152968747,14.0937,False
0,15846,418,14.024910241,14.1270333333,False
0,15847,418,14.0331710251,14.1270333333,False
0,15848,418,14.0270257272,14.1270333333,False
0,15849,419,14.1046170567,14.1603666667,False
0,15850,419,14.0738868688,14.1603666667,False
0,15851,419,14.0752384548,14.1603666667,False
0,15852,419,14.0852239646,14.1603666667,False
0,15853,419,14.0951869496,14.1603666667,False
0,15854,419,14.1303910679,14.1603666667,False
0,15855,419,14.0697474048,14.1603666667,False
0,15856,419,14.1256902227,14.1603666667,False
0,15857,419,14.11246174,14.1603666667,False
0,15858,419,14.010343784,14.1603666667,False
0,15859,419,14.1207325238,14.1603666667,False
0,15860,419,14.0437419865,14.1603666667,False
0,15861,419,14.0993692126,14.1603666667,False
0,15862,419,14.0882154309,14.1603666667,False
0,15863,419,14.129177508,14.1603666667,False
0,15864,419,14.1219631509,14.1603666667,False
0,15865,419,14.1019181175,14.1603666667,False
0,15866,419,14.1167619701,14.1603666667,False
0,15867,419,14.086375083,14.1603666667,False
0,15868,419,14.0923537757,14.1603666667,False
0,15869,419,14.1356206739,14.1603666667,False
0,15870,419,14.0416345415,14.1603666667,False
0,15871,419,14.0610688605,14.1603666667,False
0,15872,419,14.0993489802,14.1603666667,False
0,15873,419,14.095311793,14.1603666667,False
0,15874,419,14.1506317298,14.1603666667,False
0,15875,419,14.0697975676,14.1603666667,False
0,15876,419,14.0806290388,14.1603666667,False
0,15877,419,14.0825762609,14.1603666667,False
0,15878,419,14.0896119536,14.1603666667,False
0,15879,419,14.0801206764,14.1603666667,False
0,15880,419,14.1120903757,14.1603666667,False
0,15881,419,14.0685790505,14.1603666667,False
0,15882,419,14.0853193706,14.1603666667,False
0,15883,419,14.0649330954,14.1603666667,False
0,15884,419,14.0930101318,14.1603666667,False
0,15885,419,14.0583411051,14.1603666667,False
0,15886,419,14.0919339961,14.1603666667,False
0,15887,419,14.1308210855,14.1603666667,False
0,15888,419,14.122495461,14.1603666667,False
0,15889,419,14.099743314,14.1603666667,False
0,15890,419,14.098588606,14.1603666667,False
0,15891,419,14.0693677241,14.1603666667,False
0,15892,419,14.133924241,14.1603666667,False
0,15893,419,14.0731593264,14.1603666667,False
0,15894,419,14.0872737959,14.1603666667,False
0,15895,419,14.1006782224,14.1603666667,False
0,15896,419,14.0593210073,14.1603666667,False
0,15897,419,14.0801123838,14.1603666667,False
0,15898,419,14.0932909418,14.1603666667,False
0,15899,419,14.0991907038,14.1603666667,False
0,15900,419,14.0894008078,14.1603666667,False
0,15901,419,14.0734773421,14.1603666667,False
0,15902,419,14.096745243,14.1603666667,False
0,15903,419,14.0905402448,14.1603666667,False
0,15904,419,14.1511833928,14.1603666667,False
0,15905,419,14.0943573655,14.1603666667,False
0,15906,419,14.0541678792,14.1603666667,False
0,15907,419,14.0773882253,14.1603666667,False
0,15908,419,14.0925712021,14.1603666667,False
0,15909,419,14.1022399389,14.1603666667,False
0,15910,419,14.1178555616,14.1603666667,False
0,15911,419,14.1235448741,14.1603666667,False
0,15912,419,14.1189349481,14.1603666667,False
0,15913,419,14.058929286,14.1603666667,False
0,15914,419,14.0902362321,14.1603666667,False
0,15915,419,14.0632329473,14.1603666667,False
0,15916,419,14.0791887333,14.1603666667,False
0,15917,419,14.0183899389,14.1603666667,False
0,15918,419,14.1092914153,14.1603666667,False
0,15919,419,14.0218150219,14.1603666667,False
0,15920,419,14.0850339859,14.1603666667,False
0,15921,419,14.0642647809,14.1603666667,False
0,15922,419,14.089446587,14.1603666667,False
0,15923,419,14.08432501,14.1603666667,False
0,15924,419,14.1052157468,14.1603666667,False
0,15925,419,14.0459065302,14.1603666667,False
0,15926,419,14.1099783661,14.1603666667,False
0,15927,419,14.0995707145,14.1603666667,False
0,15928,419,14.107255444,14.1603666667,False
0,15929,419,14.1030353499,14.1603666667,False
0,15930,419,14.0968602557,14.1603666667,False
0,15931,419,14.0987254459,14.1603666667,False
0,15932,419,14.0961406201,14.1603666667,False
0,15933,419,14.0948355729,14.1603666667,False
0,15934,419,14.1232356597,14.1603666667,False
0,15935,419,14.0685320932,14.1603666667,False
0,15936,419,14.099699823,14.1603666667,False
0,15937,419,14.0446436699,14.1603666667,False
0,15938,419,14.0531380299,14.1603666667,False
0,15939,419,14.1110247229,14.1603666667,False
0,15940,419,14.108500515,14.1603666667,False
0,15941,419,14.0846528905,14.1603666667,False
0,15942,419,14.1079212292,14.1603666667,False
0,15943,419,14.128648289,14.1603666667,False
0,15944,419,14.0991786252,14.1603666667,False
0,15945,419,14.0841757511,14.1603666667,False
0,15946,419,14.0642715104,14.1603666667,False
0,15947,419,14.0726580745,14.1603666667,False
0,15948,419,14.0721076921,14.1603666667,False
0,15949,419,14.0924231368,14.1603666667,False
0,15950,419,14.1243982928,14.1603666667,False
0,15951,419,14.0595089132,14.1603666667,False
0,15952,419,14.0763722282,14.1603666667,False
0,15953,419,14.1086647288,14.1603666667,False
0,15954,419,14.1083841874,14.1603666667,False
0,15955,419,14.1109002164,14.1603666667,False
0,15956,419,14.0912608775,14.1603666667,False
0,15957,419,14.1080048114,14.1603666667,False
0,15958,419,14.0178999508,14.1603666667,False
0,15959,419,14.1091337732,14.1603666667,False
0,15960,419,14.0688710392,14.1603666667,False
0,15961,419,14.1012009286,14.1603666667,False
0,15962,419,14.0810906347,14.1603666667,False
0,15963,419,14.1073076379,14.1603666667,False
0,15964,419,14.1266604014,14.1603666667,False
0,15965,419,14.1618974568,14.1603666667,True
0,15966,419,14.0701818204,14.1603666667,False
0,15967,419,14.0969590607,14.1603666667,False
0,15968,419,14.0652204405,14.1603666667,False
0,15969,419,14.1028105734,14.1603666667,False
0,15970,419,14.0741047566,14.1603666667,False
0,15971,419,14.1408852997,14.1603666667,False
0,15972,419,14.0812118198,14.1603666667,False
0,15973,419,14.1049975799,14.1603666667,False
0,15974,419,14.1333824353,14.1603666667,False
0,15975,419,14.096960763,14.1603666667,False
0,15976,419,14.1067937171,14.1603666667,False
0,15977,419,14.0595216459,14.1603666667,False
0,15978,419,14.1174987746,14.1603666667,False
0,15979,419,14.0950802044,14.1603666667,False
0,15980,419,14.0432344619,14.1603666667,False
0,15981,419,14.0913816107,14.1603666667,False
0,15982,419,14.0618570083,14.1603666667,False
0,15983,419,14.0964240951,14.1603666667,False
0,15984,419,14.0529804354,14.1603666667,False
0,15985,419,14.1041512336,14.1603666667,False
0,15986,419,14.0860863688,14.1603666667,False
0,15987,419,14.0824493531,14.1603666667,False
0,15988,419,14.0736952984,14.1603666667,False
0,15989,419,14.054557352,14.1603666667,False
0,15990,419,14.1140017245,14.1603666667,False
0,15991,419,14.1062549089,14.1603666667,False
0,15992,419,14.1098735036,14.1603666667,False
0,15993,419,14.0795781605,14.1603666667,False
0,15994,419,14.0968626765,14.1603666667,False
0,15995,419,14.1039243907,14.1603666667,False
0,15996,419,14.115113145,14.1603666667,False
0,15997,419,14.0654718022,14.1603666667,False
0,15998,419,14.0775443785,14.1603666667,False
0,15999,419,14.1114558855,14.1603666667,False
0,16000,419,14.1043163342,14.1603666667,False
0,16001,419,14.0846248554,14.1603666667,False
0,16002,419,14.0970296653,14.1603666667,False
0,16003,419,14.087405639,14.1603666667,False
0,16004,419,14.1413492687,14.1603666667,False
0,16005,419,14.1072750219,14.1603666667,False
0,16006,419,14.1155750446,14.1603666667,False
0,16007,419,14.1228484497,14.1603666667,False
0,16008,419,14.0802697862,14.1603666667,False
0,16009,419,14.0801360269,14.1603666667,False
0,16010,419,14.088484337,14.1603666667,False
0,16011,419,14.067650724,14.1603666667,False
0,16012,419,14.0869559614,14.1603666667,False
0,16013,419,14.1172989421,14.1603666667,False
0,16014,419,14.0945287756,14.1603666667,False
0,16015,419,14.0949073049,14.1603666667,False
0,16016,419,14.1015073669,14.1603666667,False
0,16017,419,14.0923787132,14.1603666667,False
0,16018,419,14.0798969011,14.1603666667,False
0,16019,419,14.0967606641,14.1603666667,False
0,16020,419,14.0594331157,14.1603666667,False
0,16021,419,14.0941943984,14.1603666667,False
0,16022,419,14.0885830987,14.1603666667,False
0,16023,419,14.1123264536,14.1603666667,False
0,16024,419,14.0843153651,14.1603666667,False
0,16025,419,14.0744916865,14.1603666667,False
0,16026,419,14.1142374779,14.1603666667,False
0,16027,419,14.1243356858,14.1603666667,False
0,16028,419,14.0627780708,14.1603666667,False
0,16029,419,14.0625027248,14.1603666667,False
0,16030,419,14.0727319107,14.1603666667,False
0,16031,419,14.0768399562,14.1603666667,False
0,16032,419,14.0684432405,14.1603666667,False
0,16033,419,14.0905843037,14.1603666667,False
0,16034,419,14.0781728747,14.1603666667,False
0,16035,419,14.0640434153,14.1603666667,False
0,16036,419,14.0399020685,14.1603666667,False
0,16037,419,14.1271674437,14.1603666667,False
0,16038,419,14.100645738,14.1603666667,False
0,16039,419,14.0836514506,14.1603666667,False
0,16040,419,14.0812911546,14.1603666667,False
0,16041,419,14.0569465425,14.1603666667,False
0,16042,419,14.1139784007,14.1603666667,False
0,16043,419,14.0839793793,14.1603666667,False
0,16044,419,14.0914842295,14.1603666667,False
0,16045,419,14.0792474861,14.1603666667,False
0,16046,419,14.0601196133,14.1603666667,False
0,16047,419,14.079483829,14.1603666667,False
0,16048,419,14.0904029089,14.1603666667,False
0,16049,419,14.1068417338,14.1603666667,False
0,16050,419,14.0862911026,14.1603666667,False
0,16051,419,14.0775606875,14.1603666667,False
0,16052,419,14.108167436,14.1603666667,False
0,16053,419,14.0974467722,14.1603666667,False
0,16054,419,14.0851897251,14.1603666667,False
0,16055,419,14.0996013655,14.1603666667,False
0,16056,419,14.1476481258,14.1603666667,False
0,16057,419,14.1323413581,14.1603666667,False
0,16058,419,14.11544918,14.1603666667,False
0,16059,419,14.1018203942,14.1603666667,False
0,16060,419,14.1082660427,14.1603666667,False
0,16061,419,14.1279477901,14.1603666667,False
0,16062,419,14.0514784999,14.1603666667,False
0,16063,419,14.1121857182,14.1603666667,False
0,16064,419,14.1072901183,14.1603666667,False
0,16065,419,14.0574165343,14.1603666667,False
0,16066,419,14.0965638351,14.1603666667,False
0,16067,419,14.1126251376,14.1603666667,False
0,16068,419,14.0660678094,14.1603666667,False
0,16069,419,14.1467229217,14.1603666667,False
0,16070,419,14.1014158045,14.1603666667,False
0,16071,419,14.1487733445,14.1603666667,False
0,16072,419,14.1137591493,14.1603666667,False
0,16073,419,14.0856236347,14.1603666667,False
0,16074,419,14.0672001053,14.1603666667,False
0,16075,419,14.0655372304,14.1603666667,False
0,16076,419,14.0674750973,14.1603666667,False
0,16077,419,14.0771568315,14.1603666667,False
0,16078,419,14.0629698713,14.1603666667,False
0,16079,419,14.0637641138,14.1603666667,False
0,16080,419,14.1127549281,14.1603666667,False
0,16081,419,14.117896276,14.1603666667,False
0,16082,419,14.1398912611,14.1603666667,False
0,16083,419,14.1118113602,14.1603666667,False
0,16084,419,14.1287878171,14.1603666667,False
0,16085,419,14.0997381874,14.1603666667,False
0,16086,419,14.1026161395,14.1603666667,False
0,16087,419,14.0820779361,14.1603666667,False
0,16088,419,14.1218301089,14.1603666667,False
0,16089,419,14.0702819531,14.1603666667,False
0,16090,419,14.1039013792,14.1603666667,False
0,16091,419,14.0473381971,14.1603666667,False
0,16092,419,14.0988961454,14.1603666667,False
0,16093,419,14.0937234079,14.1603666667,False
0,16094,419,14.042817765,14.1603666667,False
0,16095,419,14.0941159392,14.1603666667,False
0,16096,419,14.1134125149,14.1603666667,False
0,16097,419,14.0779289317,14.1603666667,False
0,16098,419,14.125307971,14.1603666667,False
0,16099,419,14.1076244085,14.1603666667,False
0,16100,419,14.0858607346,14.1603666667,False
0,16101,419,14.0940746501,14.1603666667,False
0,16102,419,14.1003381309,14.1603666667,False
0,16103,419,14.0726011503,14.1603666667,False
0,16104,419,14.0813728396,14.1603666667,False
0,16105,419,14.1107900085,14.1603666667,False
0,16106,419,14.10936101,14.1603666667,False
0,16107,419,14.104073754,14.1603666667,False
0,16108,419,14.0459678988,14.1603666667,False
0,16109,419,14.0652684548,14.1603666667,False
0,16110,419,14.1205782324,14.1603666667,False
0,16111,419,14.0721988742,14.1603666667,False
0,16112,419,14.1394420593,14.1603666667,False
0,16113,419,14.1001701917,14.1603666667,False
0,16114,419,14.1214122035,14.1603666667,False
0,16115,419,14.1075692542,14.1603666667,False
0,16116,419,14.0536356393,14.1603666667,False
0,16117,419,14.1087862008,14.1603666667,False
0,16118,419,14.1062373536,14.1603666667,False
0,16119,419,14.1126403081,14.1603666667,False
0,16120,419,14.0744626175,14.1603666667,False
0,16121,419,14.1305005556,14.1603666667,False
0,16122,419,14.0998523062,14.1603666667,False
0,16123,419,14.1346770716,14.1603666667,False
0,16124,419,14.0543782886,14.1603666667,False
0,16125,419,14.114876453,14.1603666667,False
0,16126,419,14.1062498998,14.1603666667,False
0,16127,419,14.0842066791,14.1603666667,False
0,16128,419,14.1151604894,14.1603666667,False
0,16129,419,14.0850355173,14.1603666667,False
0,16130,419,14.0978879034,14.1603666667,False
0,16131,419,14.1128925633,14.1603666667,False
0,16132,419,14.1374750302,14.1603666667,False
0,16133,419,14.0884712276,14.1603666667,False
0,16134,419,14.093824616,14.1603666667,False
0,16135,419,14.0658858538,14.1603666667,False
0,16136,419,14.1253953061,14.1603666667,False
0,16137,419,14.1058976747,14.1603666667,False
0,16138,419,14.0659917715,14.1603666667,False
0,16139,419,14.0680335372,14.1603666667,False
0,16140,419,14.045315622,14.1603666667,False
0,16141,419,14.1141551916,14.1603666667,False
0,16142,419,14.1045900942,14.1603666667,False
0,16143,419,14.1008482266,14.1603666667,False
0,16144,419,14.0956644182,14.1603666667,False
0,16145,419,14.1134055878,14.1603666667,False
0,16146,419,14.0885123653,14.1603666667,False
0,16147,419,14.0947519186,14.1603666667,False
0,16148,419,14.0627551873,14.1603666667,False
0,16149,419,14.0842800825,14.1603666667,False
0,16150,419,14.0827778486,14.1603666667,False
0,16151,419,14.0785279632,14.1603666667,False
0,16152,419,14.1603505602,14.1603666667,False
0,16153,419,14.0476732705,14.1603666667,False
0,16154,419,14.0971689817,14.1603666667,False
0,16155,419,14.0670131546,14.1603666667,False
0,16156,419,14.1019720193,14.1603666667,False
0,16157,419,14.0664659837,14.1603666667,False
0,16158,419,14.1227097834,14.1603666667,False
0,16159,419,14.0664758083,14.1603666667,False
0,16160,419,14.0890595868,14.1603666667,False
0,16161,419,14.0912084469,14.1603666667,False
0,16162,419,14.0970385039,14.1603666667,False
0,16163,419,14.0743506183,14.1603666667,False
0,16164,419,14.0561193049,14.1603666667,False
0,16165,419,14.0818894224,14.1603666667,False
0,16166,419,14.043650315,14.1603666667,False
0,16167,419,14.0932419323,14.1603666667,False
0,16168,419,14.1065099061,14.1603666667,False
0,16169,419,14.0566746074,14.1603666667,False
0,16170,420,14.0932414743,14.1937,False
0,16171,420,14.1226976939,14.1937,False
0,16172,420,14.1106512139,14.1937,False
0,16173,421,14.1619620977,14.2270333333,False
0,16174,421,14.1234565106,14.2270333333,False
0,16175,421,14.1399753687,14.2270333333,False
0,16176,422,14.1867176878,14.2603666667,False
0,16177,422,14.188290035,14.2603666667,False
0,16178,422,14.1736157375,14.2603666667,False
0,16179,423,14.2296725932,14.2937,False
0,16180,423,14.2418457036,14.2937,False
0,16181,423,14.2419034135,14.2937,False
0,16182,424,14.2626495166,14.3270333333,False
0,16183,424,14.2488476668,14.3270333333,False
0,16184,424,14.2702533384,14.3270333333,False
0,16185,424,14.2482306757,14.3270333333,False
0,16186,424,14.2870236733,14.3270333333,False
0,16187,424,14.2332043702,14.3270333333,False
0,16188,424,14.2508176727,14.3270333333,False
0,16189,424,14.254105521,14.3270333333,False
0,16190,424,14.2331636355,14.3270333333,False
0,16191,424,14.3048658225,14.3270333333,False
0,16192,424,14.2018457961,14.3270333333,False
0,16193,424,14.2538814359,14.3270333333,False
0,16194,424,14.234544973,14.3270333333,False
0,16195,424,14.2571102792,14.3270333333,False
0,16196,424,14.2795404021,14.3270333333,False
0,16197,424,14.2835970077,14.3270333333,False
0,16198,424,14.2532193746,14.3270333333,False
0,16199,424,14.2782804162,14.3270333333,False
0,16200,424,14.2625951397,14.3270333333,False
0,16201,424,14.2761576257,14.3270333333,False
0,16202,424,14.2564726166,14.3270333333,False
0,16203,424,14.274331969,14.3270333333,False
0,16204,424,14.2479236419,14.3270333333,False
0,16205,424,14.2600050521,14.3270333333,False
0,16206,424,14.2787142682,14.3270333333,False
0,16207,424,14.3058252255,14.3270333333,False
0,16208,424,14.2389258163,14.3270333333,False
0,16209,424,14.2663881498,14.3270333333,False
0,16210,424,14.2821932751,14.3270333333,False
0,16211,424,14.1664357563,14.3270333333,False
0,16212,424,14.2930981175,14.3270333333,False
0,16213,424,14.2896753398,14.3270333333,False
0,16214,424,14.2672171747,14.3270333333,False
0,16215,424,14.2760641051,14.3270333333,False
0,16216,424,14.2339201599,14.3270333333,False
0,16217,424,14.266093933,14.3270333333,False
0,16218,424,14.2321676862,14.3270333333,False
0,16219,424,14.2383002407,14.3270333333,False
0,16220,424,14.2750155929,14.3270333333,False
0,16221,424,14.2417234398,14.3270333333,False
0,16222,424,14.2802291971,14.3270333333,False
0,16223,424,14.2498858829,14.3270333333,False
0,16224,424,14.2346721452,14.3270333333,False
0,16225,424,14.2907636627,14.3270333333,False
0,16226,424,14.2634298753,14.3270333333,False
0,16227,424,14.2531972489,14.3270333333,False
0,16228,424,14.2897795001,14.3270333333,False
0,16229,424,14.2633702832,14.3270333333,False
0,16230,424,14.2093766286,14.3270333333,False
0,16231,424,14.24484955,14.3270333333,False
0,16232,424,14.2583062714,14.3270333333,False
0,16233,424,14.2528234466,14.3270333333,False
0,16234,424,14.2989491576,14.3270333333,False
0,16235,424,14.216174576,14.3270333333,False
0,16236,424,14.287618164,14.3270333333,False
0,16237,424,14.2860249253,14.3270333333,False
0,16238,424,14.2616218641,14.3270333333,False
0,16239,424,14.2450174759,14.3270333333,False
0,16240,424,14.2240098701,14.3270333333,False
0,16241,424,14.2539870923,14.3270333333,False
0,16242,424,14.2502326914,14.3270333333,False
0,16243,424,14.2877103524,14.3270333333,False
0,16244,424,14.2863493601,14.3270333333,False
0,16245,424,14.2822254776,14.3270333333,False
0,16246,424,14.2928224503,14.3270333333,False
0,16247,424,14.2296305711,14.3270333333,False
0,16248,424,14.2832350466,14.3270333333,False
0,16249,424,14.292999892,14.3270333333,False
0,16250,424,14.2756469142,14.3270333333,False
0,16251,424,14.2612708509,14.3270333333,False
0,16252,424,14.268654364,14.3270333333,False
0,16253,424,14.2360137482,14.3270333333,False
0,16254,424,14.2495270499,14.3270333333,False
0,16255,424,14.2631429183,14.3270333333,False
0,16256,424,14.3001695622,14.3270333333,False
0,16257,424,14.2401353291,14.3270333333,False
0,16258,424,14.2647167494,14.3270333333,False
0,16259,424,14.2443818296,14.3270333333,False
0,16260,424,14.2719419925,14.3270333333,False
0,16261,424,14.2660563864,14.3270333333,False
0,16262,424,14.3029714136,14.3270333333,False
0,16263,424,14.2324385596,14.3270333333,False
0,16264,424,14.2862789525,14.3270333333,False
0,16265,424,14.2064522843,14.3270333333,False
0,16266,424,14.2682304231,14.3270333333,False
0,16267,424,14.2894616763,14.3270333333,False
0,16268,424,14.2382331605,14.3270333333,False
0,16269,424,14.2385625824,14.3270333333,False
0,16270,424,14.2503362033,14.3270333333,False
0,16271,424,14.2618573875,14.3270333333,False
0,16272,424,14.2465338821,14.3270333333,False
0,16273,424,14.2485916657,14.3270333333,False
0,16274,424,14.2516260173,14.3270333333,False
0,16275,424,14.2488328456,14.3270333333,False
0,16276,424,14.2657221182,14.3270333333,False
0,16277,424,14.3126490073,14.3270333333,False
0,16278,424,14.2520140077,14.3270333333,False
0,16279,424,14.2916940599,14.3270333333,False
0,16280,424,14.3182925672,14.3270333333,False
0,16281,424,14.2562652192,14.3270333333,False
0,16282,424,14.2038382169,14.3270333333,False
0,16283,424,14.2699845959,14.3270333333,False
0,16284,424,14.2027852813,14.3270333333,False
0,16285,424,14.3048178437,14.3270333333,False
0,16286,424,14.2363886917,14.3270333333,False
0,16287,424,14.2054456116,14.3270333333,False
0,16288,424,14.2628191209,14.3270333333,False
0,16289,424,14.2993412012,14.3270333333,False
0,16290,424,14.288640309,14.3270333333,False
0,16291,424,14.2151366087,14.3270333333,False
0,16292,424,14.2995099911,14.3270333333,False
0,16293,424,14.2696552175,14.3270333333,False
0,16294,424,14.2730885351,14.3270333333,False
0,16295,424,14.2544732542,14.3270333333,False
0,16296,424,14.2585853531,14.3270333333,False
0,16297,424,14.26138069,14.3270333333,False
0,16298,424,14.2620180048,14.3270333333,False
0,16299,424,14.2944779598,14.3270333333,False
0,16300,424,14.3029126707,14.3270333333,False
0,16301,424,14.2532792937,14.3270333333,False
0,16302,424,14.264304641,14.3270333333,False
0,16303,424,14.2573751807,14.3270333333,False
0,16304,424,14.2340021573,14.3270333333,False
0,16305,424,14.2420679722,14.3270333333,False
0,16306,424,14.2509829335,14.3270333333,False
0,16307,424,14.253567363,14.3270333333,False
0,16308,424,14.2466549087,14.3270333333,False
0,16309,424,14.2544758547,14.3270333333,False
0,16310,424,14.2600234536,14.3270333333,False
0,16311,424,14.2103108437,14.3270333333,False
0,16312,424,14.2377339157,14.3270333333,False
0,16313,424,14.2637909928,14.3270333333,False
0,16314,424,14.2471949098,14.3270333333,False
0,16315,424,14.2143947657,14.3270333333,False
0,16316,424,14.2071268089,14.3270333333,False
0,16317,424,14.2684313686,14.3270333333,False
0,16318,424,14.2564793078,14.3270333333,False
0,16319,424,14.2755488949,14.3270333333,False
0,16320,424,14.2550086027,14.3270333333,False
0,16321,424,14.2629125432,14.3270333333,False
0,16322,424,14.2740117467,14.3270333333,False
0,16323,424,14.244388196,14.3270333333,False
0,16324,424,14.3187723589,14.3270333333,False
0,16325,424,14.2379751983,14.3270333333,False
0,16326,424,14.281498165,14.3270333333,False
0,16327,424,14.3201327326,14.3270333333,False
0,16328,424,14.2759442436,14.3270333333,False
0,16329,424,14.2242557476,14.3270333333,False
0,16330,424,14.2421402041,14.3270333333,False
0,16331,424,14.2257219552,14.3270333333,False
0,16332,424,14.3016285609,14.3270333333,False
0,16333,424,14.2239099112,14.3270333333,False
0,16334,424,14.2793485781,14.3270333333,False
0,16335,424,14.2862275908,14.3270333333,False
0,16336,424,14.2641217641,14.3270333333,False
0,16337,424,14.2742250369,14.3270333333,False
0,16338,424,14.3032962484,14.3270333333,False
0,16339,424,14.2074447927,14.3270333333,False
0,16340,424,14.2511821877,14.3270333333,False
0,16341,424,14.2335394197,14.3270333333,False
0,16342,424,14.2483511481,14.3270333333,False
0,16343,424,14.2335232566,14.3270333333,False
0,16344,424,14.3085278689,14.3270333333,False
0,16345,424,14.242601914,14.3270333333,False
0,16346,424,14.2837315398,14.3270333333,False
0,16347,424,14.270996538,14.3270333333,False
0,16348,424,14.2820565496,14.3270333333,False
0,16349,424,14.2000925597,14.3270333333,False
0,16350,424,14.2739353322,14.3270333333,False
0,16351,424,14.2685912897,14.3270333333,False
0,16352,424,14.2427336901,14.3270333333,False
0,16353,424,14.2268304884,14.3270333333,False
0,16354,424,14.237339961,14.3270333333,False
0,16355,424,14.2828610527,14.3270333333,False
0,16356,424,14.2688259308,14.3270333333,False
0,16357,424,14.2644532795,14.3270333333,False
0,16358,424,14.2663187125,14.3270333333,False
0,16359,424,14.2398631301,14.3270333333,False
0,16360,424,14.2734486793,14.3270333333,False
0,16361,424,14.2992745047,14.3270333333,False
0,16362,424,14.2571011512,14.3270333333,False
0,16363,424,14.3107887992,14.3270333333,False
0,16364,424,14.2700901006,14.3270333333,False
0,16365,424,14.2317056249,14.3270333333,False
0,16366,424,14.2803424763,14.3270333333,False
0,16367,424,14.274521662,14.3270333333,False
0,16368,424,14.277128238,14.3270333333,False
0,16369,424,14.298671911,14.3270333333,False
0,16370,424,14.2261200108,14.3270333333,False
0,16371,424,14.2651314021,14.3270333333,False
0,16372,424,14.1959708533,14.3270333333,False
0,16373,424,14.292751863,14.3270333333,False
0,16374,424,14.2425844967,14.3270333333,False
0,16375,424,14.2003902308,14.3270333333,False
0,16376,424,14.2448157199,14.3270333333,False
0,16377,424,14.2729678257,14.3270333333,False
0,16378,424,14.2323699544,14.3270333333,False
0,16379,424,14.2826525576,14.3270333333,False
0,16380,424,14.2621183425,14.3270333333,False
0,16381,424,14.2353218493,14.3270333333,False
0,16382,424,14.2462135949,14.3270333333,False
0,16383,424,14.2659781447,14.3270333333,False
0,16384,424,14.2479452936,14.3270333333,False
0,16385,424,14.2648938105,14.3270333333,False
0,16386,424,14.2715645584,14.3270333333,False
0,16387,424,14.2492643128,14.3270333333,False
0,16388,424,14.2603277198,14.3270333333,False
0,16389,424,14.2413968739,14.3270333333,False
0,16390,424,14.2736586828,14.3270333333,False
0,16391,424,14.234905115,14.3270333333,False
0,16392,424,14.2946107373,14.3270333333,False
0,16393,424,14.239842164,14.3270333333,False
0,16394,424,14.2609622394,14.3270333333,False
0,16395,424,14.2916217824,14.3270333333,False
0,16396,424,14.2392337135,14.3270333333,False
0,16397,424,14.2620433396,14.3270333333,False
0,16398,424,14.2773780243,14.3270333333,False
0,16399,424,14.2387437601,14.3270333333,False
0,16400,424,14.2466221811,14.3270333333,False
0,16401,424,14.2502878832,14.3270333333,False
0,16402,424,14.2274461054,14.3270333333,False
0,16403,424,14.2821127516,14.3270333333,False
0,16404,424,14.2113292637,14.3270333333,False
0,16405,424,14.2256877709,14.3270333333,False
0,16406,424,14.2899322856,14.3270333333,False
0,16407,424,14.2633127333,14.3270333333,False
0,16408,424,14.2501583561,14.3270333333,False
0,16409,424,14.2424500194,14.3270333333,False
0,16410,424,14.2708276182,14.3270333333,False
0,16411,424,14.1976529853,14.3270333333,False
0,16412,424,14.2618447285,14.3270333333,False
0,16413,424,14.3134651989,14.3270333333,False
0,16414,424,14.3106660854,14.3270333333,False
0,16415,424,14.2749219355,14.3270333333,False
0,16416,424,14.2770776616,14.3270333333,False
0,16417,424,14.2799065175,14.3270333333,False
0,16418,424,14.2601286474,14.3270333333,False
0,16419,424,14.2248228894,14.3270333333,False
0,16420,424,14.2408183559,14.3270333333,False
0,16421,424,14.2431540724,14.3270333333,False
0,16422,424,14.2481479394,14.3270333333,False
0,16423,424,14.2300240404,14.3270333333,False
0,16424,424,14.2404395802,14.3270333333,False
0,16425,424,14.2358010656,14.3270333333,False
0,16426,424,14.2763273816,14.3270333333,False
0,16427,424,14.2040048988,14.3270333333,False
0,16428,424,14.2602594346,14.3270333333,False
0,16429,424,14.27906465,14.3270333333,False
0,16430,424,14.3170843684,14.3270333333,False
0,16431,424,14.2534856083,14.3270333333,False
0,16432,424,14.2518084207,14.3270333333,False
0,16433,424,14.2089010043,14.3270333333,False
0,16434,424,14.2229594721,14.3270333333,False
0,16435,424,14.2879834836,14.3270333333,False
0,16436,424,14.2595757463,14.3270333333,False
0,16437,424,14.2476503282,14.3270333333,False
0,16438,424,14.2646553096,14.3270333333,False
0,16439,424,14.1899254619,14.3270333333,False
0,16440,424,14.2426879974,14.3270333333,False
0,16441,424,14.271133586,14.3270333333,False
0,16442,424,14.2722326334,14.3270333333,False
0,16443,424,14.2705312049,14.3270333333,False
0,16444,424,14.2496405036,14.3270333333,False
0,16445,424,14.288831295,14.3270333333,False
0,16446,424,14.2336292925,14.3270333333,False
0,16447,424,14.2637205894,14.3270333333,False
0,16448,424,14.2444583265,14.3270333333,False
0,16449,424,14.3034196119,14.3270333333,False
0,16450,424,14.2375270574,14.3270333333,False
0,16451,424,14.258922315,14.3270333333,False
0,16452,424,14.2472017235,14.3270333333,False
0,16453,424,14.2629065947,14.3270333333,False
0,16454,424,14.2625520447,14.3270333333,False
0,16455,424,14.2483580468,14.3270333333,False
0,16456,424,14.307188418,14.3270333333,False
0,16457,424,14.2514621687,14.3270333333,False
0,16458,424,14.2476887936,14.3270333333,False
0,16459,424,14.2538446202,14.3270333333,False
0,16460,424,14.2173563085,14.3270333333,False
0,16461,424,14.2499837274,14.3270333333,False
0,16462,424,14.2139439011,14.3270333333,False
0,16463,424,14.2245064784,14.3270333333,False
0,16464,424,14.2748437468,14.3270333333,False
0,16465,424,14.2136047482,14.3270333333,False
0,16466,424,14.2328237367,14.3270333333,False
0,16467,424,14.2639274333,14.3270333333,False
0,16468,424,14.2586519559,14.3270333333,False
0,16469,424,14.2753922249,14.3270333333,False
0,16470,424,14.2464206302,14.3270333333,False
0,16471,424,14.2335508435,14.3270333333,False
0,16472,424,14.2430902586,14.3270333333,False
0,16473,424,14.2579014547,14.3270333333,False
0,16474,424,14.2704963596,14.3270333333,False
0,16475,424,14.2874323364,14.3270333333,False
0,16476,424,14.302470059,14.3270333333,False
0,16477,424,14.2240448732,14.3270333333,False
0,16478,424,14.2701170572,14.3270333333,False
0,16479,424,14.2753338627,14.3270333333,False
0,16480,424,14.2709481741,14.3270333333,False
0,16481,424,14.2331481152,14.3270333333,False
0,16482,424,14.3046902476,14.3270333333,False
0,16483,424,14.2829042968,14.3270333333,False
0,16484,424,14.3066800312,14.3270333333,False
0,16485,424,14.2854783306,14.3270333333,False
0,16486,424,14.2270866986,14.3270333333,False
0,16487,424,14.2902892784,14.3270333333,False
0,16488,424,14.2676442012,14.3270333333,False
0,16489,424,14.243420001,14.3270333333,False
0,16490,424,14.2571921304,14.3270333333,False
0,16491,424,14.2737815667,14.3270333333,False
0,16492,424,14.2520587239,14.3270333333,False
0,16493,424,14.28440587,14.3270333333,False
0,16494,424,14.3013611452,14.3270333333,False
0,16495,424,14.2305917662,14.3270333333,False
0,16496,425,14.2562497602,14.3603666667,False
0,16497,425,14.2696405408,14.3603666667,False
0,16498,425,14.3105384257,14.3603666667,False
0,16499,426,14.2834635036,14.3937,False
0,16500,426,14.3038501294,14.3937,False
0,16501,427,14.3965917851,14.4270333333,False
0,16502,427,14.3682322713,14.4270333333,False
0,16503,428,14.3645014201,14.4603666667,False
0,16504,429,14.4087483494,14.4937,False
0,16505,429,14.422155467,14.4937,False
0,16506,429,14.4508814535,14.4937,False
0,16507,429,14.390688591,14.4937,False
0,16508,429,14.4226405998,14.4937,False
0,16509,429,14.4252951253,14.4937,False
0,16510,429,14.4171005293,14.4937,False
0,16511,429,14.4161548854,14.4937,False
0,16512,429,14.4110247807,14.4937,False
0,16513,429,14.4768177421,14.4937,False
0,16514,429,14.4625190811,14.4937,False
0,16515,429,14.4277158854,14.4937,False
0,16516,429,14.4682558977,14.4937,False
0,16517,429,14.4198937743,14.4937,False
0,16518,429,14.4327713432,14.4937,False
0,16519,429,14.4384142144,14.4937,False
0,16520,429,14.4173281402,14.4937,False
0,16521,429,14.4371142764,14.4937,False
0,16522,429,14.4142177038,14.4937,False
0,16523,429,14.404219127,14.4937,False
0,16524,429,14.3967229251,14.4937,False
0,16525,429,14.4459207894,14.4937,False
0,16526,429,14.4300309493,14.4937,False
0,16527,429,14.4366943656,14.4937,False
0,16528,429,14.4828937019,14.4937,False
0,16529,429,14.4483811666,14.4937,False
0,16530,429,14.4322472497,14.4937,False
0,16531,429,14.4413002988,14.4937,False
0,16532,429,14.3990313463,14.4937,False
0,16533,429,14.493367214,14.4937,False
0,16534,429,14.4062797067,14.4937,False
0,16535,429,14.4100456166,14.4937,False
0,16536,429,14.4237317347,14.4937,False
0,16537,429,14.3738461732,14.4937,False
0,16538,429,14.4088817605,14.4937,False
0,16539,429,14.4298559483,14.4937,False
0,16540,429,14.4482704923,14.4937,False
0,16541,429,14.3808173569,14.4937,False
0,16542,429,14.4450248046,14.4937,False
0,16543,429,14.3816021811,14.4937,False
0,16544,429,14.3877045597,14.4937,False
0,16545,429,14.3911703567,14.4937,False
0,16546,429,14.4279789189,14.4937,False
0,16547,429,14.445526393,14.4937,False
0,16548,429,14.4463825995,14.4937,False
0,16549,429,14.4288295232,14.4937,False
0,16550,429,14.4242855506,14.4937,False
0,16551,429,14.4635727369,14.4937,False
0,16552,429,14.415935718,14.4937,False
0,16553,429,14.4308393467,14.4937,False
0,16554,429,14.4436326531,14.4937,False
0,16555,429,14.4752875977,14.4937,False
0,16556,429,14.4139983427,14.4937,False
0,16557,429,14.3988165111,14.4937,False
0,16558,429,14.420709483,14.4937,False
0,16559,429,14.4156604546,14.4937,False
0,16560,429,14.4173522566,14.4937,False
0,16561,429,14.4202237383,14.4937,False
0,16562,429,14.3962849636,14.4937,False
0,16563,429,14.3873096931,14.4937,False
0,16564,429,14.4537732738,14.4937,False
0,16565,429,14.4052451857,14.4937,False
0,16566,429,14.4353861325,14.4937,False
0,16567,429,14.4413495336,14.4937,False
0,16568,429,14.4351099041,14.4937,False
0,16569,429,14.4560942181,14.4937,False
0,16570,429,14.4310397999,14.4937,False
0,16571,429,14.4497513046,14.4937,False
0,16572,429,14.4307675644,14.4937,False
0,16573,429,14.4581239769,14.4937,False
0,16574,429,14.4226931467,14.4937,False
0,16575,429,14.3959215322,14.4937,False
0,16576,429,14.4457127556,14.4937,False
0,16577,429,14.3724911977,14.4937,False
0,16578,429,14.3750656039,14.4937,False
0,16579,429,14.4241845092,14.4937,False
0,16580,429,14.4510353062,14.4937,False
0,16581,429,14.4470645713,14.4937,False
0,16582,429,14.4392153694,14.4937,False
0,16583,429,14.4211122125,14.4937,False
0,16584,429,14.4672131067,14.4937,False
0,16585,429,14.4513019696,14.4937,False
0,16586,429,14.402799889,14.4937,False
0,16587,429,14.4088642039,14.4937,False
0,16588,429,14.4246448273,14.4937,False
0,16589,429,14.4451657895,14.4937,False
0,16590,429,14.4533128935,14.4937,False
0,16591,429,14.4475799082,14.4937,False
0,16592,429,14.4063136649,14.4937,False
0,16593,429,14.3953108482,14.4937,False
0,16594,429,14.4159605938,14.4937,False
0,16595,429,14.4414459407,14.4937,False
0,16596,429,14.3991844225,14.4937,False
0,16597,429,14.4461957017,14.4937,False
0,16598,429,14.4380404594,14.4937,False
0,16599,429,14.4390139624,14.4937,False
0,16600,429,14.4109348437,14.4937,False
0,16601,429,14.4102106333,14.4937,False
0,16602,429,14.4248908824,14.4937,False
0,16603,429,14.4346702244,14.4937,False
0,16604,429,14.4111947872,14.4937,False
0,16605,429,14.4342344927,14.4937,False
0,16606,429,14.4112315506,14.4937,False
0,16607,429,14.4193001793,14.4937,False
0,16608,429,14.4108947752,14.4937,False
0,16609,429,14.4099786254,14.4937,False
0,16610,429,14.4575580385,14.4937,False
0,16611,429,14.4551653697,14.4937,False
0,16612,429,14.4494645347,14.4937,False
0,16613,429,14.4670718592,14.4937,False
0,16614,429,14.4262509301,14.4937,False
0,16615,429,14.4484234007,14.4937,False
0,16616,429,14.4161725975,14.4937,False
0,16617,429,14.465655793,14.4937,False
0,16618,429,14.4017472466,14.4937,False
0,16619,429,14.4166058626,14.4937,False
0,16620,429,14.4074833614,14.4937,False
0,16621,429,14.4067144479,14.4937,False
0,16622,429,14.4292170444,14.4937,False
0,16623,429,14.4289867246,14.4937,False
0,16624,429,14.458097936,14.4937,False
0,16625,429,14.3970731974,14.4937,False
0,16626,429,14.4560981544,14.4937,False
0,16627,429,14.4461079026,14.4937,False
0,16628,429,14.4156170514,14.4937,False
0,16629,429,14.4585347539,14.4937,False
0,16630,429,14.4024759816,14.4937,False
0,16631,429,14.4664687523,14.4937,False
0,16632,429,14.4041466936,14.4937,False
0,16633,429,14.4670362398,14.4937,False
0,16634,429,14.4088258908,14.4937,False
0,16635,429,14.4424644741,14.4937,False
0,16636,429,14.4168470273,14.4937,False
0,16637,429,14.4211557739,14.4937,False
0,16638,429,14.3736091532,14.4937,False
0,16639,429,14.3973665068,14.4937,False
0,16640,429,14.467085423,14.4937,False
0,16641,429,14.4387010778,14.4937,False
0,16642,429,14.4076336691,14.4937,False
0,16643,429,14.4446675624,14.4937,False
0,16644,429,14.3775743577,14.4937,False
0,16645,429,14.4722062329,14.4937,False
0,16646,429,14.3850726701,14.4937,False
0,16647,429,14.4332287257,14.4937,False
0,16648,429,14.4157655444,14.4937,False
0,16649,429,14.4326423094,14.4937,False
0,16650,429,14.4360183035,14.4937,False
0,16651,429,14.4283356784,14.4937,False
0,16652,429,14.407519547,14.4937,False
0,16653,429,14.4263989094,14.4937,False
0,16654,429,14.4350835482,14.4937,False
0,16655,429,14.3877493563,14.4937,False
0,16656,429,14.4119109241,14.4937,False
0,16657,429,14.4458481979,14.4937,False
0,16658,429,14.3915210454,14.4937,False
0,16659,429,14.4049410941,14.4937,False
0,16660,429,14.4703831016,14.4937,False
0,16661,429,14.4502793812,14.4937,False
0,16662,429,14.4345250226,14.4937,False
0,16663,429,14.4349132597,14.4937,False
0,16664,429,14.3663051804,14.4937,False
0,16665,429,14.3957822366,14.4937,False
0,16666,429,14.4090031692,14.4937,False
0,16667,429,14.4398493917,14.4937,False
0,16668,429,14.4548951474,14.4937,False
0,16669,429,14.4150213411,14.4937,False
0,16670,429,14.3761091515,14.4937,False
0,16671,429,14.4209830444,14.4937,False
0,16672,429,14.445217287,14.4937,False
0,16673,429,14.4549569393,14.4937,False
0,16674,429,14.3901054087,14.4937,False
0,16675,429,14.4535393823,14.4937,False
0,16676,429,14.4460231088,14.4937,False
0,16677,429,14.4378929313,14.4937,False
0,16678,429,14.4170729687,14.4937,False
0,16679,429,14.4426953906,14.4937,False
0,16680,429,14.4425405268,14.4937,False
0,16681,429,14.4785305034,14.4937,False
0,16682,429,14.403759741,14.4937,False
0,16683,429,14.4222767269,14.4937,False
0,16684,429,14.4221361339,14.4937,False
0,16685,429,14.3842610978,14.4937,False
0,16686,429,14.4734746396,14.4937,False
0,16687,429,14.4060527258,14.4937,False
0,16688,429,14.4125878295,14.4937,False
0,16689,429,14.4402807428,14.4937,False
0,16690,429,14.4120361737,14.4937,False
0,16691,429,14.3988079269,14.4937,False
0,16692,429,14.3963635488,14.4937,False
0,16693,429,14.4283336912,14.4937,False
0,16694,429,14.4415988263,14.4937,False
0,16695,429,14.4270516563,14.4937,False
0,16696,429,14.4795291949,14.4937,False
0,16697,429,14.4079676019,14.4937,False
0,16698,429,14.4246581179,14.4937,False
0,16699,429,14.4237582045,14.4937,False
0,16700,429,14.4160904352,14.4937,False
0,16701,429,14.4377482122,14.4937,False
0,16702,429,14.4263586755,14.4937,False
0,16703,429,14.419034485,14.4937,False
0,16704,429,14.4530507457,14.4937,False
0,16705,429,14.4368379867,14.4937,False
0,16706,429,14.455847307,14.4937,False
0,16707,429,14.4225328729,14.4937,False
0,16708,429,14.4311467582,14.4937,False
0,16709,429,14.4180319565,14.4937,False
0,16710,429,14.4163724678,14.4937,False
0,16711,429,14.4716315437,14.4937,False
0,16712,429,14.4269245874,14.4937,False
0,16713,429,14.3905477029,14.4937,False
0,16714,429,14.4119990976,14.4937,False
0,16715,429,14.4096968188,14.4937,False
0,16716,429,14.5213000915,14.4937,True
0,16717,429,14.443642989,14.4937,False
0,16718,429,14.4282055111,14.4937,False
0,16719,429,14.4129553104,14.4937,False
0,16720,429,14.3989756886,14.4937,False
0,16721,429,14.3987116354,14.4937,False
0,16722,429,14.3927574972,14.4937,False
0,16723,429,14.4110007059,14.4937,False
0,16724,429,14.4059515385,14.4937,False
0,16725,429,14.4272551102,14.4937,False
0,16726,429,14.4571997747,14.4937,False
0,16727,429,14.4315487312,14.4937,False
0,16728,429,14.4127482347,14.4937,False
0,16729,429,14.4671689989,14.4937,False
0,16730,429,14.3734356407,14.4937,False
0,16731,429,14.4529211953,14.4937,False
0,16732,429,14.4172837618,14.4937,False
0,16733,429,14.4303077011,14.4937,False
0,16734,429,14.4391636258,14.4937,False
0,16735,429,14.4154485829,14.4937,False
0,16736,429,14.4349042934,14.4937,False
0,16737,429,14.3967522627,14.4937,False
0,16738,429,14.4303902835,14.4937,False
0,16739,429,14.4605713123,14.4937,False
0,16740,429,14.3787281127,14.4937,False
0,16741,429,14.3803398187,14.4937,False
0,16742,429,14.4793881337,14.4937,False
0,16743,429,14.3798211242,14.4937,False
0,16744,429,14.389314879,14.4937,False
0,16745,429,14.4644829066,14.4937,False
0,16746,429,14.4352968277,14.4937,False
0,16747,429,14.38380535,14.4937,False
0,16748,429,14.3926657978,14.4937,False
0,16749,429,14.4351924951,14.4937,False
0,16750,429,14.4597603077,14.4937,False
0,16751,429,14.3858142442,14.4937,False
0,16752,429,14.4214073159,14.4937,False
0,16753,429,14.4301504336,14.4937,False
0,16754,429,14.4498996222,14.4937,False
0,16755,429,14.399821371,14.4937,False
0,16756,429,14.3995077457,14.4937,False
0,16757,429,14.3922450225,14.4937,False
0,16758,429,14.4333005526,14.4937,False
0,16759,429,14.4603129088,14.4937,False
0,16760,429,14.4637281806,14.4937,False
0,16761,429,14.4600560829,14.4937,False
0,16762,429,14.4338120953,14.4937,False
0,16763,429,14.4527628983,14.4937,False
0,16764,429,14.3743246607,14.4937,False
0,16765,429,14.394481044,14.4937,False
0,16766,429,14.4229927348,14.4937,False
0,16767,429,14.4979715597,14.4937,True
0,16768,429,14.4104372631,14.4937,False
0,16769,429,14.4103368865,14.4937,False
0,16770,429,14.4176138747,14.4937,False
0,16771,429,14.3943543679,14.4937,False
0,16772,429,14.4444556727,14.4937,False
0,16773,429,14.4036683075,14.4937,False
0,16774,429,14.4733920045,14.4937,False
0,16775,429,14.4511646585,14.4937,False
0,16776,429,14.3913912999,14.4937,False
0,16777,429,14.4451616822,14.4937,False
0,16778,429,14.430171449,14.4937,False
0,16779,429,14.41496842,14.4937,False
0,16780,429,14.450713161,14.4937,False
0,16781,429,14.4409866539,14.4937,False
0,16782,429,14.4533753882,14.4937,False
0,16783,429,14.4608569232,14.4937,False
0,16784,429,14.4058460541,14.4937,False
0,16785,429,14.4206999504,14.4937,False
0,16786,429,14.4357250725,14.4937,False
0,16787,429,14.4220524325,14.4937,False
0,16788,429,14.4279293195,14.4937,False
0,16789,429,14.4218649109,14.4937,False
0,16790,429,14.4522214984,14.4937,False
0,16791,429,14.4889829153,14.4937,False
0,16792,429,14.4235763126,14.4937,False
0,16793,429,14.4284280698,14.4937,False
0,16794,429,14.4107505351,14.4937,False
0,16795,429,14.4081446165,14.4937,False
0,16796,429,14.465386716,14.4937,False
0,16797,429,14.4586199507,14.4937,False
0,16798,429,14.444788255,14.4937,False
0,16799,429,14.4215008507,14.4937,False
0,16800,429,14.4346416539,14.4937,False
0,16801,429,14.4133736296,14.4937,False
0,16802,429,14.3901604393,14.4937,False
0,16803,429,14.4387582671,14.4937,False
0,16804,429,14.4588037991,14.4937,False
0,16805,429,14.4319523667,14.4937,False
0,16806,429,14.4127277206,14.4937,False
0,16807,429,14.4664229116,14.4937,False
0,16808,429,14.4047935636,14.4937,False
0,16809,429,14.4070242372,14.4937,False
0,16810,429,14.4475765935,14.4937,False
0,16811,429,14.4339928411,14.4937,False
0,16812,429,14.3911618813,14.4937,False
0,16813,429,14.4027951963,14.4937,False
0,16814,429,14.4524517922,14.4937,False
0,16815,429,14.3992231201,14.4937,False
0,16816,429,14.3853606464,14.4937,False
0,16817,429,14.4262645156,14.4937,False
0,16818,429,14.3793709877,14.4937,False
0,16819,429,14.4287378953,14.4937,False
0,16820,429,14.4336555465,14.4937,False
0,16821,429,14.4635294023,14.4937,False
0,16822,429,14.4336018346,14.4937,False
0,16823,429,14.3698445991,14.4937,False
0,16824,429,14.4151037292,14.4937,False
0,16825,429,14.3954376766,14.4937,False
0,16826,429,14.4139702534,14.4937,False
0,16827,429,14.4139625685,14.4937,False
0,16828,429,14.3905640899,14.4937,False
0,16829,429,14.4561981465,14.4937,False
0,16830,429,14.3878571747,14.4937,False
0,16831,429,14.3677701377,14.4937,False
0,16832,429,14.41150271,14.4937,False
0,16833,429,14.4966631185,14.4937,True
0,16834,429,14.4038385643,14.4937,False
0,16835,429,14.4065080308,14.4937,False
0,16836,429,14.4209454762,14.4937,False
0,16837,429,14.4333365695,14.4937,False
0,16838,429,14.4662601271,14.4937,False
0,16839,429,14.4094940804,14.4937,False
0,16840,429,14.4216896513,14.4937,False
0,16841,429,14.3746571196,14.4937,False
0,16842,429,14.3968344907,14.4937,False
0,16843,429,14.4524764262,14.4937,False
0,16844,429,14.4446786853,14.4937,False
0,16845,429,14.4382031339,14.4937,False
0,16846,429,14.4276623763,14.4937,False
0,16847,429,14.4820452133,14.4937,False
0,16848,429,14.4121004936,14.4937,False
0,16849,429,14.4011698141,14.4937,False
0,16850,429,14.4342326746,14.4937,False
0,16851,429,14.4185995164,14.4937,False
0,16852,429,14.4533861127,14.4937,False
0,16853,429,14.4224066701,14.4937,False
0,16854,429,14.4033250537,14.4937,False
0,16855,429,14.4387047151,14.4937,False
0,16856,429,14.4355390627,14.4937,False
0,16857,429,14.4311182836,14.4937,False
0,16858,429,14.4205103609,14.4937,False
0,16859,429,14.3896535173,14.4937,False
0,16860,429,14.4099885068,14.4937,False
0,16861,429,14.4148130541,14.4937,False
0,16862,429,14.4546477652,14.4937,False
0,16863,429,14.3956033519,14.4937,False
0,16864,429,14.4244744301,14.4937,False
0,16865,429,14.4256652354,14.4937,False
0,16866,429,14.40223422,14.4937,False
0,16867,429,14.416416935,14.4937,False
0,16868,429,14.3886164648,14.4937,False
0,16869,429,14.4180211659,14.4937,False
0,16870,429,14.4441633602,14.4937,False
0,16871,429,14.424802727,14.4937,False
0,16872,429,14.4676328161,14.4937,False
0,16873,430,14.4596556516,14.5270333333,False
0,16874,430,14.4497474811,14.5270333333,False
0,16875,430,14.4973665668,14.5270333333,False
0,16876,430,14.4516932752,14.5270333333,False
0,16877,430,14.4332650846,14.5270333333,False
0,16878,430,14.4625237724,14.5270333333,False
0,16879,430,14.497923803,14.5270333333,False
0,16880,430,14.463106386,14.5270333333,False
0,16881,430,14.4424640499,14.5270333333,False
0,16882,430,14.4494232989,14.5270333333,False
0,16883,430,14.4465482915,14.5270333333,False
0,16884,431,14.4956006183,14.5603666667,False
0,16885,431,14.4611015288,14.5603666667,False
0,16886,431,14.5117123522,14.5603666667,False
0,16887,431,14.479613354,14.5603666667,False
0,16888,431,14.5115193713,14.5603666667,False
0,16889,431,14.4925692166,14.5603666667,False
0,16890,431,14.4726498164,14.5603666667,False
0,16891,431,14.4704661719,14.5603666667,False
0,16892,432,14.5217515957,14.5937,False
0,16893,432,14.5552057697,14.5937,False
0,16894,432,14.4911494052,14.5937,False
0,16895,432,14.5350900917,14.5937,False
0,16896,432,14.5655736399,14.5937,False
0,16897,433,14.5368366355,14.6270333333,False
0,16898,433,14.5539500297,14.6270333333,False
0,16899,433,14.5772723952,14.6270333333,False
0,16900,433,14.5416703785,14.6270333333,False
0,16901,433,14.5510496253,14.6270333333,False
0,16902,433,14.5712978188,14.6270333333,False
0,16903,434,14.6224919518,14.6603666667,False
0,16904,434,14.5617530199,14.6603666667,False
0,16905,434,14.5762397957,14.6603666667,False
0,16906,434,14.6041237402,14.6603666667,False
0,16907,434,14.5770084815,14.6603666667,False
0,16908,434,14.591690852,14.6603666667,False
0,16909,434,14.5973701317,14.6603666667,False
0,16910,434,14.5491046985,14.6603666667,False
0,16911,434,14.5948111264,14.6603666667,False
0,16912,434,14.6242514145,14.6603666667,False
0,16913,434,14.5438910879,14.6603666667,False
0,16914,434,14.5971841118,14.6603666667,False
0,16915,434,14.6437250615,14.6603666667,False
0,16916,434,14.611077681,14.6603666667,False
0,16917,434,14.5756347847,14.6603666667,False
0,16918,434,14.6106362722,14.6603666667,False
0,16919,434,14.6002469839,14.6603666667,False
0,16920,434,14.5432762317,14.6603666667,False
0,16921,434,14.5641066669,14.6603666667,False
0,16922,434,14.575925053,14.6603666667,False
0,16923,434,14.6334737201,14.6603666667,False
0,16924,434,14.5903006108,14.6603666667,False
0,16925,434,14.6090355771,14.6603666667,False
0,16926,434,14.5686993458,14.6603666667,False
0,16927,434,14.5828602649,14.6603666667,False
0,16928,434,14.5347920279,14.6603666667,False
0,16929,434,14.6271468475,14.6603666667,False
0,16930,434,14.5531713105,14.6603666667,False
0,16931,434,14.6316345474,14.6603666667,False
0,16932,434,14.5770648177,14.6603666667,False
0,16933,434,14.5844689478,14.6603666667,False
0,16934,434,14.5909371289,14.6603666667,False
0,16935,434,14.6009270846,14.6603666667,False
0,16936,434,14.5881701764,14.6603666667,False
0,16937,434,14.6069807826,14.6603666667,False
0,16938,434,14.562370732,14.6603666667,False
0,16939,434,14.5988123207,14.6603666667,False
0,16940,434,14.5918390897,14.6603666667,False
0,16941,434,14.5776606367,14.6603666667,False
0,16942,434,14.5766964251,14.6603666667,False
0,16943,434,14.6057455601,14.6603666667,False
0,16944,434,14.5974106911,14.6603666667,False
0,16945,434,14.5624600181,14.6603666667,False
0,16946,434,14.572542384,14.6603666667,False
0,16947,434,14.5814396046,14.6603666667,False
0,16948,434,14.6192860229,14.6603666667,False
0,16949,434,14.6097970848,14.6603666667,False
0,16950,434,14.5978795451,14.6603666667,False
0,16951,434,14.5521712641,14.6603666667,False
0,16952,434,14.5913235862,14.6603666667,False
0,16953,434,14.5849073865,14.6603666667,False
0,16954,434,14.5795167259,14.6603666667,False
0,16955,434,14.5987629229,14.6603666667,False
0,16956,434,14.5772809339,14.6603666667,False
0,16957,434,14.5825924311,14.6603666667,False
0,16958,434,14.5897304929,14.6603666667,False
0,16959,434,14.6026616987,14.6603666667,False
0,16960,434,14.632811119,14.6603666667,False
0,16961,434,14.647274519,14.6603666667,False
0,16962,434,14.6605997959,14.6603666667,True
0,16963,434,14.6175437266,14.6603666667,False
0,16964,434,14.5917105641,14.6603666667,False
0,16965,434,14.6157992113,14.6603666667,False
0,16966,434,14.5167489513,14.6603666667,False
0,16967,434,14.6266294276,14.6603666667,False
0,16968,434,14.5597564717,14.6603666667,False
0,16969,434,14.5926857045,14.6603666667,False
0,16970,434,14.6019392278,14.6603666667,False
0,16971,434,14.6302253972,14.6603666667,False
0,16972,434,14.6155269447,14.6603666667,False
0,16973,434,14.5715640873,14.6603666667,False
0,16974,434,14.6065179423,14.6603666667,False
0,16975,434,14.549888262,14.6603666667,False
0,16976,434,14.5825406809,14.6603666667,False
0,16977,434,14.5957831291,14.6603666667,False
0,16978,434,14.5422007898,14.6603666667,False
0,16979,434,14.5971913192,14.6603666667,False
0,16980,434,14.5834408531,14.6603666667,False
0,16981,434,14.5558833302,14.6603666667,False
0,16982,434,14.5768665098,14.6603666667,False
0,16983,434,14.6037902963,14.6603666667,False
0,16984,434,14.5991599315,14.6603666667,False
0,16985,434,14.6215104554,14.6603666667,False
0,16986,434,14.6374269667,14.6603666667,False
0,16987,434,14.5790562992,14.6603666667,False
0,16988,434,14.6039990457,14.6603666667,False
0,16989,434,14.5687958249,14.6603666667,False
0,16990,434,14.6182815864,14.6603666667,False
0,16991,434,14.5718682084,14.6603666667,False
0,16992,434,14.5785185796,14.6603666667,False
0,16993,434,14.6012955235,14.6603666667,False
0,16994,434,14.5918806533,14.6603666667,False
0,16995,434,14.5445531852,14.6603666667,False
0,16996,434,14.6223104079,14.6603666667,False
0,16997,434,14.5823902112,14.6603666667,False
0,16998,434,14.5813144444,14.6603666667,False
0,16999,434,14.5982917494,14.6603666667,False
0,17000,434,14.6519224718,14.6603666667,False
0,17001,434,14.5909034199,14.6603666667,False
0,17002,434,14.6096257752,14.6603666667,False
0,17003,434,14.6106428616,14.6603666667,False
0,17004,434,14.6215519852,14.6603666667,False
0,17005,434,14.619174302,14.6603666667,False
0,17006,434,14.6030843099,14.6603666667,False
0,17007,434,14.6039522726,14.6603666667,False
0,17008,434,14.5997381266,14.6603666667,False
0,17009,434,14.6228406055,14.6603666667,False
0,17010,434,14.6227717244,14.6603666667,False
0,17011,434,14.5876505904,14.6603666667,False
0,17012,434,14.5968455998,14.6603666667,False
0,17013,434,14.6036314787,14.6603666667,False
0,17014,434,14.6172177948,14.6603666667,False
0,17015,434,14.6088210312,14.6603666667,False
0,17016,434,14.5573746525,14.6603666667,False
0,17017,434,14.5762615513,14.6603666667,False
0,17018,434,14.5844850771,14.6603666667,False
0,17019,434,14.6158695419,14.6603666667,False
0,17020,434,14.5908894138,14.6603666667,False
0,17021,434,14.5551481257,14.6603666667,False
0,17022,434,14.6200902112,14.6603666667,False
0,17023,434,14.5444056128,14.6603666667,False
0,17024,434,14.5823152297,14.6603666667,False
0,17025,434,14.5919883708,14.6603666667,False
0,17026,434,14.6518772551,14.6603666667,False
0,17027,434,14.6097534236,14.6603666667,False
0,17028,434,14.5744809954,14.6603666667,False
0,17029,434,14.6084979849,14.6603666667,False
0,17030,434,14.5806247837,14.6603666667,False
0,17031,434,14.5905392023,14.6603666667,False
0,17032,434,14.6238134703,14.6603666667,False
0,17033,434,14.5553011645,14.6603666667,False
0,17034,434,14.5369191661,14.6603666667,False
0,17035,434,14.5769995805,14.6603666667,False
0,17036,434,14.5753874355,14.6603666667,False
0,17037,434,14.6126369938,14.6603666667,False
0,17038,434,14.5704840992,14.6603666667,False
0,17039,434,14.5608890314,14.6603666667,False
0,17040,434,14.5819570789,14.6603666667,False
0,17041,434,14.5816047204,14.6603666667,False
0,17042,434,14.6118066907,14.6603666667,False
0,17043,434,14.5832291691,14.6603666667,False
0,17044,434,14.6042389253,14.6603666667,False
0,17045,434,14.5912039639,14.6603666667,False
0,17046,434,14.5940602037,14.6603666667,False
0,17047,434,14.5832887397,14.6603666667,False
0,17048,434,14.6200524687,14.6603666667,False
0,17049,434,14.5853234819,14.6603666667,False
0,17050,434,14.5891337613,14.6603666667,False
0,17051,434,14.577505188,14.6603666667,False
0,17052,434,14.6079391692,14.6603666667,False
0,17053,434,14.6139075847,14.6603666667,False
0,17054,434,14.5508162037,14.6603666667,False
0,17055,434,14.5819131215,14.6603666667,False
0,17056,434,14.5194949076,14.6603666667,False
0,17057,434,14.5927579716,14.6603666667,False
0,17058,434,14.5985095196,14.6603666667,False
0,17059,434,14.5760878488,14.6603666667,False
0,17060,434,14.5518435207,14.6603666667,False
0,17061,434,14.578418462,14.6603666667,False
0,17062,434,14.5929233672,14.6603666667,False
0,17063,434,14.6059891139,14.6603666667,False
0,17064,434,14.6215598055,14.6603666667,False
0,17065,434,14.5988915173,14.6603666667,False
0,17066,434,14.5943516456,14.6603666667,False
0,17067,434,14.5840609569,14.6603666667,False
0,17068,434,14.5642850683,14.6603666667,False
0,17069,434,14.5785830849,14.6603666667,False
0,17070,434,14.6319372247,14.6603666667,False
0,17071,434,14.5997200014,14.6603666667,False
0,17072,434,14.5964929864,14.6603666667,False
0,17073,434,14.6199006595,14.6603666667,False
0,17074,434,14.5655472712,14.6603666667,False
0,17075,434,14.6225115646,14.6603666667,False
0,17076,434,14.5737814882,14.6603666667,False
0,17077,434,14.6142600142,14.6603666667,False
0,17078,434,14.5918279615,14.6603666667,False
0,17079,434,14.6238095098,14.6603666667,False
0,17080,434,14.5784124364,14.6603666667,False
0,17081,434,14.5540240665,14.6603666667,False
0,17082,434,14.5976997759,14.6603666667,False
0,17083,434,14.5943989273,14.6603666667,False
0,17084,434,14.601639372,14.6603666667,False
0,17085,434,14.587314044,14.6603666667,False
0,17086,434,14.5908004881,14.6603666667,False
0,17087,434,14.6452703083,14.6603666667,False
0,17088,434,14.54606838,14.6603666667,False
0,17089,434,14.6034615133,14.6603666667,False
0,17090,434,14.5974893819,14.6603666667,False
0,17091,434,14.5657493132,14.6603666667,False
0,17092,434,14.5927839632,14.6603666667,False
0,17093,434,14.5919093066,14.6603666667,False
0,17094,434,14.5641044335,14.6603666667,False
0,17095,434,14.6261016408,14.6603666667,False
0,17096,434,14.5829200442,14.6603666667,False
0,17097,434,14.6124733461,14.6603666667,False
0,17098,434,14.6224085666,14.6603666667,False
0,17099,434,14.5877334069,14.6603666667,False
0,17100,434,14.6654002955,14.6603666667,True
0,17101,434,14.6070328644,14.6603666667,False
0,17102,434,14.5846924211,14.6603666667,False
0,17103,434,14.5823327239,14.6603666667,False
0,17104,434,14.5886285624,14.6603666667,False
0,17105,434,14.624797917,14.6603666667,False
0,17106,434,14.5880874377,14.6603666667,False
0,17107,434,14.5873994634,14.6603666667,False
0,17108,434,14.6209266266,14.6603666667,False
0,17109,434,14.5900432627,14.6603666667,False
0,17110,434,14.5910479739,14.6603666667,False
0,17111,434,14.6215702687,14.6603666667,False
0,17112,434,14.5968477019,14.6603666667,False
0,17113,434,14.60716585,14.6603666667,False
0,17114,434,14.5869433461,14.6603666667,False
0,17115,434,14.5959256959,14.6603666667,False
0,17116,434,14.6130728197,14.6603666667,False
0,17117,434,14.6223401682,14.6603666667,False
0,17118,434,14.6106311362,14.6603666667,False
0,17119,434,14.6025450066,14.6603666667,False
0,17120,434,14.5809559414,14.6603666667,False
0,17121,434,14.506643288,14.6603666667,False
0,17122,434,14.5798457478,14.6603666667,False
0,17123,434,14.5692853603,14.6603666667,False
0,17124,434,14.5976007287,14.6603666667,False
0,17125,434,14.5484091538,14.6603666667,False
0,17126,434,14.6001218212,14.6603666667,False
0,17127,434,14.6102399902,14.6603666667,False
0,17128,434,14.609978806,14.6603666667,False
0,17129,434,14.550715603,14.6603666667,False
0,17130,434,14.6295299626,14.6603666667,False
0,17131,434,14.5939838426,14.6603666667,False
0,17132,434,14.588699139,14.6603666667,False
0,17133,434,14.5747563165,14.6603666667,False
0,17134,434,14.5535161261,14.6603666667,False
0,17135,434,14.6337801268,14.6603666667,False
0,17136,434,14.5960146375,14.6603666667,False
0,17137,434,14.5679217996,14.6603666667,False
0,17138,434,14.5562988655,14.6603666667,False
0,17139,434,14.625888479,14.6603666667,False
0,17140,434,14.6145577781,14.6603666667,False
0,17141,434,14.5794680103,14.6603666667,False
0,17142,434,14.6436071298,14.6603666667,False
0,17143,434,14.5551403209,14.6603666667,False
0,17144,434,14.6122873847,14.6603666667,False
0,17145,434,14.6115216492,14.6603666667,False
0,17146,434,14.5752832403,14.6603666667,False
0,17147,434,14.6389595727,14.6603666667,False
0,17148,434,14.6004270282,14.6603666667,False
0,17149,434,14.5927971447,14.6603666667,False
0,17150,434,14.5348738532,14.6603666667,False
0,17151,434,14.5847568868,14.6603666667,False
0,17152,434,14.6067645457,14.6603666667,False
0,17153,434,14.5740550225,14.6603666667,False
0,17154,434,14.5947863146,14.6603666667,False
0,17155,434,14.5310129234,14.6603666667,False
0,17156,434,14.5716816882,14.6603666667,False
0,17157,434,14.5753982951,14.6603666667,False
0,17158,434,14.5981644198,14.6603666667,False
0,17159,434,14.5783661378,14.6603666667,False
0,17160,434,14.6230463881,14.6603666667,False
0,17161,434,14.5792784208,14.6603666667,False
0,17162,434,14.609219618,14.6603666667,False
0,17163,434,14.6016344585,14.6603666667,False
0,17164,434,14.6068286864,14.6603666667,False
0,17165,434,14.621182559,14.6603666667,False
0,17166,434,14.6156604431,14.6603666667,False
0,17167,434,14.5780899197,14.6603666667,False
0,17168,434,14.6104960226,14.6603666667,False
0,17169,434,14.5614764211,14.6603666667,False
0,17170,434,14.5908116689,14.6603666667,False
0,17171,434,14.5849528145,14.6603666667,False
0,17172,434,14.579441706,14.6603666667,False
0,17173,434,14.6140172748,14.6603666667,False
0,17174,434,14.5842528145,14.6603666667,False
0,17175,434,14.5957226115,14.6603666667,False
0,17176,434,14.602921428,14.6603666667,False
0,17177,434,14.5682792936,14.6603666667,False
0,17178,434,14.5907840603,14.6603666667,False
0,17179,434,14.6281975423,14.6603666667,False
0,17180,434,14.562357447,14.6603666667,False
0,17181,434,14.5795072121,14.6603666667,False
0,17182,434,14.5620467126,14.6603666667,False
0,17183,434,14.5802516701,14.6603666667,False
0,17184,434,14.5613125833,14.6603666667,False
0,17185,434,14.5570375805,14.6603666667,False
0,17186,434,14.6255475955,14.6603666667,False
0,17187,434,14.6145487224,14.6603666667,False
0,17188,434,14.5839973558,14.6603666667,False
0,17189,434,14.5581360305,14.6603666667,False
0,17190,434,14.5890069737,14.6603666667,False
0,17191,434,14.6186277835,14.6603666667,False
0,17192,434,14.6408973812,14.6603666667,False
0,17193,434,14.5753304558,14.6603666667,False
0,17194,434,14.6106586673,14.6603666667,False
0,17195,434,14.6068339574,14.6603666667,False
0,17196,434,14.6370292466,14.6603666667,False
0,17197,434,14.5897507463,14.6603666667,False
0,17198,434,14.568778151,14.6603666667,False
0,17199,434,14.5832205175,14.6603666667,False
0,17200,434,14.5952509246,14.6603666667,False
0,17201,434,14.6247236805,14.6603666667,False
0,17202,434,14.581506575,14.6603666667,False
0,17203,434,14.6517545945,14.6603666667,False
0,17204,434,14.622339721,14.6603666667,False
0,17205,434,14.6109436292,14.6603666667,False
0,17206,434,14.5601239746,14.6603666667,False
0,17207,434,14.5816776202,14.6603666667,False
0,17208,434,14.6336831926,14.6603666667,False
0,17209,434,14.6073988375,14.6603666667,False
0,17210,434,14.582016255,14.6603666667,False
0,17211,434,14.60822026,14.6603666667,False
0,17212,434,14.5646565614,14.6603666667,False
0,17213,434,14.6002256617,14.6603666667,False
0,17214,434,14.6284664807,14.6603666667,False
0,17215,434,14.6365924237,14.6603666667,False
0,17216,434,14.5927464211,14.6603666667,False
0,17217,434,14.5867210425,14.6603666667,False
0,17218,434,14.5992353411,14.6603666667,False
0,17219,434,14.5709180056,14.6603666667,False
0,17220,434,14.5815924842,14.6603666667,False
0,17221,434,14.6013728746,14.6603666667,False
0,17222,434,14.5826538932,14.6603666667,False
0,17223,434,14.5831804626,14.6603666667,False
0,17224,434,14.6012039705,14.6603666667,False
0,17225,434,14.5674657979,14.6603666667,False
0,17226,434,14.5520338071,14.6603666667,False
0,17227,434,14.5754147467,14.6603666667,False
0,17228,434,14.6185261965,14.6603666667,False
0,17229,434,14.576717379,14.6603666667,False
0,17230,435,14.6202348353,14.6937,False
0,17231,435,14.6135291504,14.6937,False
0,17232,435,14.6338613136,14.6937,False
0,17233,435,14.6485603165,14.6937,False
0,17234,435,14.6306195658,14.6937,False
0,17235,435,14.6047939679,14.6937,False
0,17236,435,14.5757132106,14.6937,False
0,17237,435,14.6426823839,14.6937,False
0,17238,435,14.600262136,14.6937,False
0,17239,435,14.6329733904,14.6937,False
0,17240,435,14.6134222008,14.6937,False
0,17241,435,14.5924441414,14.6937,False
0,17242,436,14.6651183308,14.7270333333,False
0,17243,436,14.6386653442,14.7270333333,False
0,17244,436,14.6914780788,14.7270333333,False
0,17245,436,14.6504417227,14.7270333333,False
0,17246,436,14.658012182,14.7270333333,False
0,17247,436,14.6466584094,14.7270333333,False
0,17248,436,14.6782011453,14.7270333333,False
0,17249,436,14.7032980323,14.7270333333,False
0,17250,437,14.7287616645,14.7603666667,False
0,17251,437,14.7193451626,14.7603666667,False
0,17252,437,14.7369351303,14.7603666667,False
0,17253,437,14.6755189148,14.7603666667,False
0,17254,437,14.6895514565,14.7603666667,False
0,17255,437,14.6957820833,14.7603666667,False
0,17256,438,14.761475236,14.7937,False
0,17257,438,14.7403206033,14.7937,False
0,17258,438,14.717377335,14.7937,False
0,17259,438,14.7329088845,14.7937,False
0,17260,438,14.710783466,14.7937,False
0,17261,438,14.72864758,14.7937,False
0,17262,438,14.73723144,14.7937,False
0,17263,438,14.7506846013,14.7937,False
0,17264,439,14.8048449397,14.8270333333,False
0,17265,439,14.7600951606,14.8270333333,False
0,17266,439,14.7766482374,14.8270333333,False
0,17267,439,14.8005936076,14.8270333333,False
0,17268,439,14.7742668586,14.8270333333,False
0,17269,439,14.7428519151,14.8270333333,False
0,17270,439,14.7503621067,14.8270333333,False
0,17271,439,14.7683022635,14.8270333333,False
0,17272,439,14.7862593615,14.8270333333,False
0,17273,439,14.7136729841,14.8270333333,False
0,17274,439,14.7761259037,14.8270333333,False
0,17275,439,14.7607587447,14.8270333333,False
0,17276,439,14.7085528576,14.8270333333,False
0,17277,439,14.7934628325,14.8270333333,False
0,17278,439,14.7474146483,14.8270333333,False
0,17279,439,14.7530930388,14.8270333333,False
0,17280,439,14.7816893939,14.8270333333,False
0,17281,439,14.7536811704,14.8270333333,False
0,17282,439,14.7517533278,14.8270333333,False
0,17283,439,14.7621684262,14.8270333333,False
0,17284,439,14.7633748129,14.8270333333,False
0,17285,439,14.7648415157,14.8270333333,False
0,17286,439,14.7544329737,14.8270333333,False
0,17287,439,14.7594492234,14.8270333333,False
0,17288,439,14.7605803596,14.8270333333,False
0,17289,439,14.7243696475,14.8270333333,False
0,17290,439,14.7605916203,14.8270333333,False
0,17291,439,14.7261612613,14.8270333333,False
0,17292,439,14.7457179889,14.8270333333,False
0,17293,439,14.7755167399,14.8270333333,False
0,17294,439,14.7594930257,14.8270333333,False
0,17295,439,14.7774513219,14.8270333333,False
0,17296,439,14.8031278346,14.8270333333,False
0,17297,439,14.7469163328,14.8270333333,False
0,17298,439,14.7565983089,14.8270333333,False
0,17299,439,14.7958296229,14.8270333333,False
0,17300,439,14.7532491766,14.8270333333,False
0,17301,439,14.8016039126,14.8270333333,False
0,17302,439,14.7783295757,14.8270333333,False
0,17303,439,14.7454389563,14.8270333333,False
0,17304,439,14.7704913147,14.8270333333,False
0,17305,439,14.7728936984,14.8270333333,False
0,17306,439,14.737590487,14.8270333333,False
0,17307,439,14.7763297422,14.8270333333,False
0,17308,439,14.7136916385,14.8270333333,False
0,17309,439,14.6928440766,14.8270333333,False
0,17310,439,14.7552712838,14.8270333333,False
0,17311,439,14.7206918992,14.8270333333,False
0,17312,439,14.7288507129,14.8270333333,False
0,17313,439,14.7950589825,14.8270333333,False
0,17314,439,14.76492467,14.8270333333,False
0,17315,439,14.794674516,14.8270333333,False
0,17316,439,14.7812128713,14.8270333333,False
0,17317,439,14.7718981503,14.8270333333,False
0,17318,439,14.7513398314,14.8270333333,False
0,17319,439,14.7594446267,14.8270333333,False
0,17320,439,14.7854084823,14.8270333333,False
0,17321,439,14.7234730451,14.8270333333,False
0,17322,439,14.7441512914,14.8270333333,False
0,17323,439,14.7623081131,14.8270333333,False
0,17324,439,14.739603692,14.8270333333,False
0,17325,439,14.7691365636,14.8270333333,False
0,17326,439,14.7775727225,14.8270333333,False
0,17327,439,14.7636455937,14.8270333333,False
0,17328,439,14.7160294152,14.8270333333,False
0,17329,439,14.7301038615,14.8270333333,False
0,17330,439,14.7661813226,14.8270333333,False
0,17331,439,14.7833567479,14.8270333333,False
0,17332,439,14.7571375502,14.8270333333,False
0,17333,439,14.741227847,14.8270333333,False
0,17334,439,14.729372194,14.8270333333,False
0,17335,439,14.7401319101,14.8270333333,False
0,17336,439,14.7390460748,14.8270333333,False
0,17337,439,14.7849795002,14.8270333333,False
0,17338,439,14.7364612873,14.8270333333,False
0,17339,439,14.7434156423,14.8270333333,False
0,17340,439,14.7382168843,14.8270333333,False
0,17341,439,14.7260637223,14.8270333333,False
0,17342,439,14.7470948316,14.8270333333,False
0,17343,439,14.7520874229,14.8270333333,False
0,17344,439,14.7448398327,14.8270333333,False
0,17345,439,14.7668253399,14.8270333333,False
0,17346,439,14.7847727575,14.8270333333,False
0,17347,439,14.775530564,14.8270333333,False
0,17348,439,14.7711961997,14.8270333333,False
0,17349,439,14.6642518043,14.8270333333,False
0,17350,439,14.7294282677,14.8270333333,False
0,17351,439,14.7593937413,14.8270333333,False
0,17352,439,14.7745133903,14.8270333333,False
0,17353,439,14.7635144407,14.8270333333,False
0,17354,439,14.7400426557,14.8270333333,False
0,17355,439,14.7397236883,14.8270333333,False
0,17356,439,14.7479221209,14.8270333333,False
0,17357,439,14.7690613208,14.8270333333,False
0,17358,439,14.7590135139,14.8270333333,False
0,17359,439,14.7488167627,14.8270333333,False
0,17360,439,14.770519343,14.8270333333,False
0,17361,439,14.7517752239,14.8270333333,False
0,17362,439,14.7515288074,14.8270333333,False
0,17363,439,14.7744265576,14.8270333333,False
0,17364,439,14.7639069293,14.8270333333,False
0,17365,439,14.7935785977,14.8270333333,False
0,17366,439,14.7400608557,14.8270333333,False
0,17367,439,14.7730473647,14.8270333333,False
0,17368,439,14.7377088483,14.8270333333,False
0,17369,439,14.7550850108,14.8270333333,False
0,17370,439,14.7562010642,14.8270333333,False
0,17371,439,14.7742731728,14.8270333333,False
0,17372,439,14.7375237214,14.8270333333,False
0,17373,439,14.7383900693,14.8270333333,False
0,17374,439,14.7913823417,14.8270333333,False
0,17375,439,14.7765382033,14.8270333333,False
0,17376,439,14.7845358672,14.8270333333,False
0,17377,439,14.7970416719,14.8270333333,False
0,17378,439,14.7694757877,14.8270333333,False
0,17379,439,14.8059863048,14.8270333333,False
0,17380,439,14.74287818,14.8270333333,False
0,17381,439,14.7990061551,14.8270333333,False
0,17382,439,14.7239717617,14.8270333333,False
0,17383,439,14.751132721,14.8270333333,False
0,17384,439,14.7619838986,14.8270333333,False
0,17385,439,14.7704228153,14.8270333333,False
0,17386,439,14.7722803498,14.8270333333,False
0,17387,439,14.755929393,14.8270333333,False
0,17388,439,14.7914303398,14.8270333333,False
0,17389,439,14.7599355614,14.8270333333,False
0,17390,439,14.814665254,14.8270333333,False
0,17391,439,14.7427659351,14.8270333333,False
0,17392,439,14.7308931378,14.8270333333,False
0,17393,439,14.7001322366,14.8270333333,False
0,17394,439,14.7528835022,14.8270333333,False
0,17395,439,14.7726248621,14.8270333333,False
0,17396,439,14.7633452879,14.8270333333,False
0,17397,439,14.7944503606,14.8270333333,False
0,17398,439,14.7555129934,14.8270333333,False
0,17399,439,14.7813430494,14.8270333333,False
0,17400,439,14.7454924949,14.8270333333,False
0,17401,439,14.7487584006,14.8270333333,False
0,17402,439,14.7527226908,14.8270333333,False
0,17403,439,14.7314736441,14.8270333333,False
0,17404,439,14.7388658506,14.8270333333,False
0,17405,439,14.7635019162,14.8270333333,False
0,17406,439,14.7677902387,14.8270333333,False
0,17407,439,14.7772029773,14.8270333333,False
0,17408,439,14.7818187783,14.8270333333,False
0,17409,439,14.7431461955,14.8270333333,False
0,17410,439,14.7711593848,14.8270333333,False
0,17411,439,14.7515181399,14.8270333333,False
0,17412,439,14.7439876183,14.8270333333,False
0,17413,439,14.7186588785,14.8270333333,False
0,17414,439,14.7409432926,14.8270333333,False
0,17415,439,14.7408953303,14.8270333333,False
0,17416,439,14.7694876252,14.8270333333,False
0,17417,439,14.7654529171,14.8270333333,False
0,17418,439,14.7851097968,14.8270333333,False
0,17419,439,14.7545238196,14.8270333333,False
0,17420,439,14.7488883255,14.8270333333,False
0,17421,439,14.7311527146,14.8270333333,False
0,17422,439,14.7933216167,14.8270333333,False
0,17423,439,14.761552902,14.8270333333,False
0,17424,439,14.7762713706,14.8270333333,False
0,17425,439,14.7647290469,14.8270333333,False
0,17426,439,14.7323822245,14.8270333333,False
0,17427,439,14.7489710085,14.8270333333,False
0,17428,439,14.761999532,14.8270333333,False
0,17429,439,14.7449333039,14.8270333333,False
0,17430,439,14.818020362,14.8270333333,False
0,17431,439,14.7304099015,14.8270333333,False
0,17432,439,14.8024154116,14.8270333333,False
0,17433,439,14.7460514288,14.8270333333,False
0,17434,439,14.7744195245,14.8270333333,False
0,17435,439,14.7429001624,14.8270333333,False
0,17436,439,14.7238791144,14.8270333333,False
0,17437,439,14.7825815386,14.8270333333,False
0,17438,439,14.7424144702,14.8270333333,False
0,17439,439,14.747500531,14.8270333333,False
0,17440,439,14.7690513637,14.8270333333,False
0,17441,439,14.7391676217,14.8270333333,False
0,17442,439,14.7734015988,14.8270333333,False
0,17443,439,14.7763230464,14.8270333333,False
0,17444,439,14.7948995385,14.8270333333,False
0,17445,439,14.7445114755,14.8270333333,False
0,17446,439,14.7422113987,14.8270333333,False
0,17447,439,14.761145352,14.8270333333,False
0,17448,439,14.7907807044,14.8270333333,False
0,17449,439,14.7821573629,14.8270333333,False
0,17450,439,14.7298153253,14.8270333333,False
0,17451,439,14.760499635,14.8270333333,False
0,17452,439,14.7643501505,14.8270333333,False
0,17453,439,14.7406929827,14.8270333333,False
0,17454,439,14.7552748051,14.8270333333,False
0,17455,439,14.7751392853,14.8270333333,False
0,17456,439,14.7776109242,14.8270333333,False
0,17457,439,14.7091037319,14.8270333333,False
0,17458,439,14.7377630698,14.8270333333,False
0,17459,439,14.7751472708,14.8270333333,False
0,17460,439,14.7864915065,14.8270333333,False
0,17461,439,14.771200991,14.8270333333,False
0,17462,439,14.7783955374,14.8270333333,False
0,17463,439,14.7244157009,14.8270333333,False
0,17464,439,14.7718955223,14.8270333333,False
0,17465,439,14.7833043324,14.8270333333,False
0,17466,439,14.7542713126,14.8270333333,False
0,17467,439,14.7375106253,14.8270333333,False
0,17468,439,14.780354555,14.8270333333,False
0,17469,439,14.7674338688,14.8270333333,False
0,17470,439,14.7329308676,14.8270333333,False
0,17471,439,14.7634229563,14.8270333333,False
0,17472,439,14.7619632762,14.8270333333,False
0,17473,439,14.7620016127,14.8270333333,False
0,17474,439,14.7917676333,14.8270333333,False
0,17475,439,14.7722062273,14.8270333333,False
0,17476,439,14.7754612616,14.8270333333,False
0,17477,439,14.7314842734,14.8270333333,False
0,17478,439,14.7838233368,14.8270333333,False
0,17479,439,14.7449766863,14.8270333333,False
0,17480,439,14.8041617513,14.8270333333,False
0,17481,439,14.7470133407,14.8270333333,False
0,17482,439,14.707879434,14.8270333333,False
0,17483,439,14.760586808,14.8270333333,False
0,17484,439,14.7771918314,14.8270333333,False
0,17485,439,14.7552983991,14.8270333333,False
0,17486,439,14.7439069295,14.8270333333,False
0,17487,439,14.7562331547,14.8270333333,False
0,17488,439,14.7623620333,14.8270333333,False
0,17489,439,14.7343370397,14.8270333333,False
0,17490,439,14.7359776875,14.8270333333,False
0,17491,439,14.7666846348,14.8270333333,False
0,17492,439,14.7807041676,14.8270333333,False
0,17493,439,14.7981636731,14.8270333333,False
0,17494,439,14.7365775492,14.8270333333,False
0,17495,439,14.7628848945,14.8270333333,False
0,17496,439,14.7252022396,14.8270333333,False
0,17497,439,14.7464300468,14.8270333333,False
0,17498,439,14.771985562,14.8270333333,False
0,17499,439,14.721012111,14.8270333333,False
0,17500,439,14.760674901,14.8270333333,False
0,17501,439,14.7849553296,14.8270333333,False
0,17502,439,14.7666883741,14.8270333333,False
0,17503,439,14.7752175185,14.8270333333,False
0,17504,439,14.7642274475,14.8270333333,False
0,17505,439,14.769480772,14.8270333333,False
0,17506,439,14.7152491723,14.8270333333,False
0,17507,439,14.8170230483,14.8270333333,False
0,17508,439,14.7528637425,14.8270333333,False
0,17509,439,14.7595950007,14.8270333333,False
0,17510,439,14.7637615224,14.8270333333,False
0,17511,439,14.7589068075,14.8270333333,False
0,17512,439,14.7875610613,14.8270333333,False
0,17513,439,14.7343285229,14.8270333333,False
0,17514,439,14.7561827093,14.8270333333,False
0,17515,439,14.7636796107,14.8270333333,False
0,17516,439,14.7768784315,14.8270333333,False
0,17517,439,14.8130145199,14.8270333333,False
0,17518,439,14.7431956152,14.8270333333,False
0,17519,439,14.6970650557,14.8270333333,False
0,17520,439,14.6890345745,14.8270333333,False
0,17521,439,14.7413800609,14.8270333333,False
0,17522,439,14.7354328798,14.8270333333,False
0,17523,439,14.7136264638,14.8270333333,False
0,17524,439,14.7636255803,14.8270333333,False
0,17525,439,14.7719257195,14.8270333333,False
0,17526,439,14.7263458425,14.8270333333,False
0,17527,439,14.7731939728,14.8270333333,False
0,17528,439,14.7790703552,14.8270333333,False
0,17529,439,14.7378781866,14.8270333333,False
0,17530,439,14.7553633965,14.8270333333,False
0,17531,439,14.7316589336,14.8270333333,False
0,17532,439,14.7539391159,14.8270333333,False
0,17533,439,14.7425721664,14.8270333333,False
0,17534,439,14.7676706026,14.8270333333,False
0,17535,439,14.7746340432,14.8270333333,False
0,17536,439,14.7213413646,14.8270333333,False
0,17537,439,14.757100159,14.8270333333,False
0,17538,439,14.7883087206,14.8270333333,False
0,17539,439,14.7450936418,14.8270333333,False
0,17540,439,14.7266279193,14.8270333333,False
0,17541,439,14.774651323,14.8270333333,False
0,17542,439,14.8180758854,14.8270333333,False
0,17543,439,14.7640172032,14.8270333333,False
0,17544,439,14.7945659032,14.8270333333,False
0,17545,439,14.765739735,14.8270333333,False
0,17546,439,14.7756802422,14.8270333333,False
0,17547,439,14.755383546,14.8270333333,False
0,17548,439,14.7193384564,14.8270333333,False
0,17549,439,14.702233123,14.8270333333,False
0,17550,439,14.7622986909,14.8270333333,False
0,17551,439,14.7464963798,14.8270333333,False
0,17552,439,14.7336817324,14.8270333333,False
0,17553,439,14.7345201954,14.8270333333,False
0,17554,439,14.785725943,14.8270333333,False
0,17555,439,14.7717848612,14.8270333333,False
0,17556,439,14.7219218115,14.8270333333,False
0,17557,439,14.7411118845,14.8270333333,False
0,17558,439,14.7511062836,14.8270333333,False
0,17559,439,14.7658517583,14.8270333333,False
0,17560,439,14.7499894055,14.8270333333,False
0,17561,439,14.7574428979,14.8270333333,False
0,17562,439,14.772108295,14.8270333333,False
0,17563,439,14.8226286893,14.8270333333,False
0,17564,439,14.73432141,14.8270333333,False
0,17565,439,14.7736994702,14.8270333333,False
0,17566,439,14.7421644003,14.8270333333,False
0,17567,439,14.756610062,14.8270333333,False
0,17568,439,14.7421609401,14.8270333333,False
0,17569,439,14.7940010735,14.8270333333,False
0,17570,439,14.71709329,14.8270333333,False
0,17571,439,14.7120853187,14.8270333333,False
0,17572,439,14.7676018938,14.8270333333,False
0,17573,439,14.793827647,14.8270333333,False
0,17574,439,14.7319729246,14.8270333333,False
0,17575,439,14.7638038575,14.8270333333,False
0,17576,439,14.7401161854,14.8270333333,False
0,17577,439,14.7766501277,14.8270333333,False
0,17578,439,14.7085630161,14.8270333333,False
0,17579,439,14.7544483005,14.8270333333,False
0,17580,440,14.809832136,14.8603666667,False
0,17581,440,14.7380164658,14.8603666667,False
0,17582,440,14.8095801264,14.8603666667,False
0,17583,440,14.8341955438,14.8603666667,False
0,17584,440,14.7654946159,14.8603666667,False
0,17585,440,14.7962815487,14.8603666667,False
0,17586,440,14.7705515232,14.8603666667,False
0,17587,440,14.7388828859,14.8603666667,False
0,17588,440,14.7951323016,14.8603666667,False
0,17589,440,14.8012010054,14.8603666667,False
0,17590,440,14.7791469382,14.8603666667,False
0,17591,440,14.7985228196,14.8603666667,False
0,17592,441,14.8607649737,14.8937,False
0,17593,441,14.8350692939,14.8937,False
0,17594,441,14.8353421105,14.8937,False
0,17595,441,14.8453238368,14.8937,False
0,17596,441,14.8229452064,14.8937,False
0,17597,441,14.8403196801,14.8937,False
0,17598,441,14.8477855941,14.8937,False
0,17599,441,14.8070585971,14.8937,False
0,17600,441,14.8570439248,14.8937,False
0,17601,442,14.8388765926,14.9270333333,False
0,17602,442,14.872137415,14.9270333333,False
0,17603,442,14.8794475319,14.9270333333,False
0,17604,442,14.86947632,14.9270333333,False
0,17605,442,14.8209070268,14.9270333333,False
0,17606,442,14.8017061788,14.9270333333,False
0,17607,443,14.8802688041,14.9603666667,False
0,17608,443,14.8666057003,14.9603666667,False
0,17609,443,14.888309933,14.9603666667,False
0,17610,443,14.8864398704,14.9603666667,False
0,17611,443,14.9001460335,14.9603666667,False
0,17612,443,14.8935382403,14.9603666667,False
0,17613,443,14.8923826634,14.9603666667,False
0,17614,444,14.9215085937,14.9937,False
0,17615,444,14.9047029093,14.9937,False
0,17616,444,14.9350227026,14.9937,False
0,17617,444,14.896149834,14.9937,False
0,17618,444,14.9741581875,14.9937,False
0,17619,444,14.9310723654,14.9937,False
0,17620,444,14.874176245,14.9937,False
0,17621,444,14.8805498671,14.9937,False
0,17622,444,14.9199260407,14.9937,False
0,17623,444,14.9351407848,14.9937,False
0,17624,444,14.9796268237,14.9937,False
0,17625,444,14.8969472865,14.9937,False
0,17626,444,14.9300357948,14.9937,False
0,17627,444,14.9261961511,14.9937,False
0,17628,444,14.9423406217,14.9937,False
0,17629,444,14.938947275,14.9937,False
0,17630,444,14.9330255762,14.9937,False
0,17631,444,14.949216293,14.9937,False
0,17632,444,14.8839029025,14.9937,False
0,17633,444,14.9184124074,14.9937,False
0,17634,444,14.9210217498,14.9937,False
0,17635,444,14.8903216178,14.9937,False
0,17636,444,14.895116373,14.9937,False
0,17637,444,14.9367998816,14.9937,False
0,17638,444,14.9171816819,14.9937,False
0,17639,444,14.918135987,14.9937,False
0,17640,444,14.8885715772,14.9937,False
0,17641,444,14.8653708839,14.9937,False
0,17642,444,14.9186495576,14.9937,False
0,17643,444,14.9196392363,14.9937,False
0,17644,444,14.9267229954,14.9937,False
0,17645,444,14.9433790757,14.9937,False
0,17646,444,14.9687303107,14.9937,False
0,17647,444,14.9182922967,14.9937,False
0,17648,444,14.890126347,14.9937,False
0,17649,444,14.9373009824,14.9937,False
0,17650,444,14.9562896235,14.9937,False
0,17651,444,14.9032269946,14.9937,False
0,17652,444,14.9063402108,14.9937,False
0,17653,444,14.9127410976,14.9937,False
0,17654,444,14.9001368448,14.9937,False
0,17655,444,14.8840491583,14.9937,False
0,17656,444,14.9150439871,14.9937,False
0,17657,444,14.9189234015,14.9937,False
0,17658,444,14.9767591439,14.9937,False
0,17659,444,14.9210043869,14.9937,False
0,17660,444,14.9086196833,14.9937,False
0,17661,444,14.9288835047,14.9937,False
0,17662,444,14.9089173141,14.9937,False
0,17663,444,14.9158846441,14.9937,False
0,17664,444,14.9207332751,14.9937,False
0,17665,444,14.8895513541,14.9937,False
0,17666,444,14.9022435075,14.9937,False
0,17667,444,14.9037495652,14.9937,False
0,17668,444,14.9271761488,14.9937,False
0,17669,444,14.9455136319,14.9937,False
0,17670,444,14.9458085489,14.9937,False
0,17671,444,14.9264819732,14.9937,False
0,17672,444,14.8646285021,14.9937,False
0,17673,444,14.9140700862,14.9937,False
0,17674,444,14.9678541291,14.9937,False
0,17675,444,14.9292319877,14.9937,False
0,17676,444,14.9147791236,14.9937,False
0,17677,444,14.9402687031,14.9937,False
0,17678,444,14.9519346259,14.9937,False
0,17679,444,14.8937895139,14.9937,False
0,17680,444,14.9720225348,14.9937,False
0,17681,444,14.8998977652,14.9937,False
0,17682,444,14.8882825233,14.9937,False
0,17683,444,14.9185011981,14.9937,False
0,17684,444,14.9388351943,14.9937,False
0,17685,444,14.9056627024,14.9937,False
0,17686,444,14.9032698344,14.9937,False
0,17687,444,14.9197118054,14.9937,False
0,17688,444,14.9550946332,14.9937,False
0,17689,444,14.9197595319,14.9937,False
0,17690,444,14.9772285983,14.9937,False
0,17691,444,14.9256406162,14.9937,False
0,17692,444,14.8930215342,14.9937,False
0,17693,444,14.9186169761,14.9937,False
0,17694,444,14.9400849625,14.9937,False
0,17695,444,14.9587334522,14.9937,False
0,17696,444,14.9634467069,14.9937,False
0,17697,444,14.9330823104,14.9937,False
0,17698,444,14.9377384328,14.9937,False
0,17699,444,14.9407879823,14.9937,False
0,17700,444,14.9622367156,14.9937,False
0,17701,444,14.9609116743,14.9937,False
0,17702,444,14.950565797,14.9937,False
0,17703,444,14.9234720149,14.9937,False
0,17704,444,14.9602900849,14.9937,False
0,17705,444,14.9242875252,14.9937,False
0,17706,444,14.9221745291,14.9937,False
0,17707,444,14.9176878395,14.9937,False
0,17708,444,14.9232852218,14.9937,False
0,17709,444,14.8976206508,14.9937,False
0,17710,444,14.9226969783,14.9937,False
0,17711,444,14.9447554795,14.9937,False
0,17712,444,14.9805570832,14.9937,False
0,17713,444,14.9110299926,14.9937,False
0,17714,444,14.9011441836,14.9937,False
0,17715,444,14.9059461736,14.9937,False
0,17716,444,14.9743097144,14.9937,False
0,17717,444,14.9340378055,14.9937,False
0,17718,444,14.9279103472,14.9937,False
0,17719,444,14.9264844298,14.9937,False
0,17720,444,14.8976483013,14.9937,False
0,17721,444,14.8986546847,14.9937,False
0,17722,444,14.9911821098,14.9937,False
0,17723,444,14.9879953936,14.9937,False
0,17724,444,14.8898473349,14.9937,False
0,17725,444,14.9316121338,14.9937,False
0,17726,444,14.9483176376,14.9937,False
0,17727,444,14.9016459363,14.9937,False
0,17728,444,14.9063928389,14.9937,False
0,17729,444,14.9160053048,14.9937,False
0,17730,444,14.9006266599,14.9937,False
0,17731,444,14.8782657367,14.9937,False
0,17732,444,14.9159644728,14.9937,False
0,17733,444,14.91633185,14.9937,False
0,17734,444,14.9525521448,14.9937,False
0,17735,444,14.9097317359,14.9937,False
0,17736,444,14.9294288053,14.9937,False
0,17737,444,14.9365845763,14.9937,False
0,17738,444,14.9422020654,14.9937,False
0,17739,444,14.884209482,14.9937,False
0,17740,444,14.9445725531,14.9937,False
0,17741,444,14.9112760525,14.9937,False
0,17742,444,14.8999162191,14.9937,False
0,17743,444,14.9315332367,14.9937,False
0,17744,444,14.8921061807,14.9937,False
0,17745,444,14.9306010488,14.9937,False
0,17746,444,14.908098286,14.9937,False
0,17747,444,14.9174179393,14.9937,False
0,17748,444,14.9096096166,14.9937,False
0,17749,444,14.9011841266,14.9937,False
0,17750,444,14.8910369644,14.9937,False
0,17751,444,14.8790049506,14.9937,False
0,17752,444,14.8962656551,14.9937,False
0,17753,444,14.9201430234,14.9937,False
0,17754,444,14.9325997737,14.9937,False
0,17755,444,14.9113423033,14.9937,False
0,17756,444,14.9481783362,14.9937,False
0,17757,444,14.9116517616,14.9937,False
0,17758,444,14.9328575247,14.9937,False
0,17759,444,14.9044837411,14.9937,False
0,17760,444,14.9325936078,14.9937,False
0,17761,444,14.8968505067,14.9937,False
0,17762,444,14.8985563805,14.9937,False
0,17763,444,14.9349038117,14.9937,False
0,17764,444,14.9279976197,14.9937,False
0,17765,444,14.9012130793,14.9937,False
0,17766,444,14.919778215,14.9937,False
0,17767,444,14.9272543005,14.9937,False
0,17768,444,14.8893335447,14.9937,False
0,17769,444,14.9029332209,14.9937,False
0,17770,444,14.9276206891,14.9937,False
0,17771,444,14.8920081609,14.9937,False
0,17772,444,14.9348373547,14.9937,False
0,17773,444,14.9333421577,14.9937,False
0,17774,444,14.9053009238,14.9937,False
0,17775,444,14.89019004,14.9937,False
0,17776,444,14.9030879009,14.9937,False
0,17777,444,14.9083386233,14.9937,False
0,17778,444,14.93332404,14.9937,False
0,17779,444,14.9123727867,14.9937,False
0,17780,444,14.9246367871,14.9937,False
0,17781,444,14.9399581061,14.9937,False
0,17782,444,14.910465925,14.9937,False
0,17783,444,14.9202444983,14.9937,False
0,17784,444,14.9417362865,14.9937,False
0,17785,444,14.9020651464,14.9937,False
0,17786,444,14.9464878758,14.9937,False
0,17787,444,14.89817127,14.9937,False
0,17788,444,14.9244257064,14.9937,False
0,17789,444,14.927076287,14.9937,False
0,17790,444,14.9144211782,14.9937,False
0,17791,444,14.9500148899,14.9937,False
0,17792,444,14.9129099575,14.9937,False
0,17793,444,14.9659972614,14.9937,False
0,17794,444,14.868964539,14.9937,False
0,17795,444,14.9523724413,14.9937,False
0,17796,444,14.9115154201,14.9937,False
0,17797,444,14.8839353118,14.9937,False
0,17798,444,14.9458841317,14.9937,False
0,17799,444,14.9010595569,14.9937,False
0,17800,444,14.9178259355,14.9937,False
0,17801,444,14.9057897905,14.9937,False
0,17802,444,14.9226295511,14.9937,False
0,17803,444,14.9192645812,14.9937,False
0,17804,444,14.911859853,14.9937,False
0,17805,444,14.9609037946,14.9937,False
0,17806,444,14.9204782887,14.9937,False
0,17807,444,14.953335389,14.9937,False
0,17808,444,14.9502326964,14.9937,False
0,17809,444,14.9036362665,14.9937,False
0,17810,444,14.9205455588,14.9937,False
0,17811,444,14.8625559785,14.9937,False
0,17812,444,14.9190718002,14.9937,False
0,17813,444,14.946903875,14.9937,False
0,17814,444,14.9645634142,14.9937,False
0,17815,444,14.8861639808,14.9937,False
0,17816,444,14.8782759235,14.9937,False
0,17817,444,14.9091546949,14.9937,False
0,17818,444,14.9142170292,14.9937,False
0,17819,444,14.9301628819,14.9937,False
0,17820,444,14.9461097952,14.9937,False
0,17821,444,14.9321982997,14.9937,False
0,17822,444,14.934050663,14.9937,False
0,17823,444,14.9213627615,14.9937,False
0,17824,444,14.872617753,14.9937,False
0,17825,444,14.9514373213,14.9937,False
0,17826,444,14.8636474976,14.9937,False
0,17827,444,14.8857342045,14.9937,False
0,17828,444,14.9677923882,14.9937,False
0,17829,444,14.9344408287,14.9937,False
0,17830,444,14.9062202827,14.9937,False
0,17831,444,14.8969421157,14.9937,False
0,17832,444,14.9525991643,14.9937,False
0,17833,444,14.9205682729,14.9937,False
0,17834,444,14.9208869343,14.9937,False
0,17835,444,14.8911394548,14.9937,False
0,17836,444,14.9002453459,14.9937,False
0,17837,444,14.9274154203,14.9937,False
0,17838,444,14.9033316498,14.9937,False
0,17839,444,14.9020368364,14.9937,False
0,17840,444,14.906856734,14.9937,False
0,17841,444,14.9022539117,14.9937,False
0,17842,444,14.9165360277,14.9937,False
0,17843,444,14.9231981098,14.9937,False
0,17844,444,14.9137182413,14.9937,False
0,17845,444,14.9405686805,14.9937,False
0,17846,444,14.9371702926,14.9937,False
0,17847,444,14.8750308608,14.9937,False
0,17848,444,14.9331019526,14.9937,False
0,17849,444,14.9501404079,14.9937,False
0,17850,444,14.9167293079,14.9937,False
0,17851,444,14.8982208434,14.9937,False
0,17852,444,14.937815478,14.9937,False
0,17853,444,14.946868435,14.9937,False
0,17854,444,14.9069897288,14.9937,False
0,17855,444,14.9284082254,14.9937,False
0,17856,444,14.9413208795,14.9937,False
0,17857,444,14.9350648852,14.9937,False
0,17858,444,14.9331525621,14.9937,False
0,17859,444,14.9196880442,14.9937,False
0,17860,444,14.9365179181,14.9937,False
0,17861,444,14.9365032231,14.9937,False
0,17862,444,14.9371977909,14.9937,False
0,17863,444,14.9339091261,14.9937,False
0,17864,444,14.9123160188,14.9937,False
0,17865,444,14.9214260707,14.9937,False
0,17866,444,14.9314119482,14.9937,False
0,17867,444,14.9211393833,14.9937,False
0,17868,444,14.9521066015,14.9937,False
0,17869,444,14.9319932752,14.9937,False
0,17870,444,14.9247374763,14.9937,False
0,17871,444,14.9518648963,14.9937,False
0,17872,444,14.9480214125,14.9937,False
0,17873,444,14.9346692304,14.9937,False
0,17874,444,14.874244278,14.9937,False
0,17875,444,14.9294047744,14.9937,False
0,17876,444,14.9576064583,14.9937,False
0,17877,444,14.9181067048,14.9937,False
0,17878,444,14.9121207725,14.9937,False
0,17879,444,14.9887135884,14.9937,False
0,17880,444,14.9166254905,14.9937,False
0,17881,444,14.9157502823,14.9937,False
0,17882,444,14.9240806093,14.9937,False
0,17883,444,14.9219826962,14.9937,False
0,17884,444,14.911435769,14.9937,False
0,17885,444,14.9052397703,14.9937,False
0,17886,444,14.9308804182,14.9937,False
0,17887,444,14.9188247478,14.9937,False
0,17888,444,14.907246251,14.9937,False
0,17889,444,14.9016688494,14.9937,False
0,17890,444,14.9397414182,14.9937,False
0,17891,444,14.9101991586,14.9937,False
0,17892,444,14.8967061422,14.9937,False
0,17893,444,14.9269573555,14.9937,False
0,17894,444,14.9511617462,14.9937,False
0,17895,444,14.9425480518,14.9937,False
0,17896,444,14.9075666244,14.9937,False
0,17897,444,14.9104444986,14.9937,False
0,17898,444,14.8973667777,14.9937,False
0,17899,444,14.8928214533,14.9937,False
0,17900,444,14.9084586633,14.9937,False
0,17901,444,14.9227131083,14.9937,False
0,17902,444,14.953569613,14.9937,False
0,17903,444,14.9463112945,14.9937,False
0,17904,444,14.9135959178,14.9937,False
0,17905,444,14.966764963,14.9937,False
0,17906,444,14.9046759686,14.9937,False
0,17907,444,14.8628057006,14.9937,False
0,17908,444,14.8940389476,14.9937,False
0,17909,444,14.929822584,14.9937,False
0,17910,444,14.9176931855,14.9937,False
0,17911,444,14.9305281996,14.9937,False
0,17912,444,14.8842989302,14.9937,False
0,17913,444,14.8703957333,14.9937,False
0,17914,444,14.889371381,14.9937,False
0,17915,444,14.9184920836,14.9937,False
0,17916,444,14.9291604014,14.9937,False
0,17917,444,14.893865357,14.9937,False
0,17918,444,14.939567531,14.9937,False
0,17919,444,14.9655596529,14.9937,False
0,17920,444,14.904737207,14.9937,False
0,17921,444,14.9355925632,14.9937,False
0,17922,444,14.889376921,14.9937,False
0,17923,444,14.9781675761,14.9937,False
0,17924,445,14.9352770816,15.0270333333,False
0,17925,445,14.9389330414,15.0270333333,False
0,17926,445,14.9892858897,15.0270333333,False
0,17927,445,14.974910599,15.0270333333,False
0,17928,445,14.9096936116,15.0270333333,False
0,17929,445,14.9172540323,15.0270333333,False
0,17930,445,14.9654399752,15.0270333333,False
0,17931,445,14.963097876,15.0270333333,False
0,17932,445,14.9538303822,15.0270333333,False
0,17933,445,14.9529968012,15.0270333333,False
0,17934,445,14.9146791631,15.0270333333,False
0,17935,446,15.0053858525,15.0603666667,False
0,17936,446,14.9680467137,15.0603666667,False
0,17937,446,14.9843728919,15.0603666667,False
0,17938,446,14.9741767546,15.0603666667,False
0,17939,446,14.9691276453,15.0603666667,False
0,17940,446,15.0003498337,15.0603666667,False
0,17941,446,15.0325216058,15.0603666667,False
0,17942,446,14.9738952815,15.0603666667,False
0,17943,446,14.9933780567,15.0603666667,False
0,17944,447,15.0387287055,15.0937,False
0,17945,447,15.051125497,15.0937,False
0,17946,447,15.0516950208,15.0937,False
0,17947,447,15.1100465469,15.0937,True
0,17948,447,15.0082916014,15.0937,False
0,17949,447,15.0027619914,15.0937,False
0,17950,447,15.0338762109,15.0937,False
0,17951,448,15.072265783,15.1270333333,False
0,17952,448,15.0854077376,15.1270333333,False
0,17953,448,15.0279945105,15.1270333333,False
0,17954,448,15.0931075132,15.1270333333,False
0,17955,448,15.0312652839,15.1270333333,False
0,17956,448,15.0813605627,15.1270333333,False
0,17957,448,15.0424678098,15.1270333333,False
0,17958,449,15.1075589308,15.1603666667,False
0,17959,449,15.0891973292,15.1603666667,False
0,17960,449,15.1246468236,15.1603666667,False
0,17961,449,15.113522784,15.1603666667,False
0,17962,449,15.0960162665,15.1603666667,False
0,17963,449,15.0955347602,15.1603666667,False
0,17964,449,15.1574017427,15.1603666667,False
0,17965,449,15.1344278669,15.1603666667,False
0,17966,449,15.0539268434,15.1603666667,False
0,17967,449,15.0953503097,15.1603666667,False
0,17968,449,15.1282238082,15.1603666667,False
0,17969,449,15.1157697129,15.1603666667,False
0,17970,449,15.1314466704,15.1603666667,False
0,17971,449,15.0523949112,15.1603666667,False
0,17972,449,15.0962735022,15.1603666667,False
0,17973,449,15.1202471857,15.1603666667,False
0,17974,449,15.0924308624,15.1603666667,False
0,17975,449,15.0936150382,15.1603666667,False
0,17976,449,15.0915298519,15.1603666667,False
0,17977,449,15.1073998373,15.1603666667,False
0,17978,449,15.121107286,15.1603666667,False
0,17979,449,15.0660310152,15.1603666667,False
0,17980,449,15.1066414004,15.1603666667,False
0,17981,449,15.139833789,15.1603666667,False
0,17982,449,15.1082447532,15.1603666667,False
0,17983,449,15.0825187157,15.1603666667,False
0,17984,449,15.0696173263,15.1603666667,False
0,17985,449,15.0601252127,15.1603666667,False
0,17986,449,15.07026288,15.1603666667,False
0,17987,449,15.0896432789,15.1603666667,False
0,17988,449,15.0958993202,15.1603666667,False
0,17989,449,15.0858026504,15.1603666667,False
0,17990,449,15.1290829996,15.1603666667,False
0,17991,449,15.1045742135,15.1603666667,False
0,17992,449,15.0960272173,15.1603666667,False
0,17993,449,15.0966842621,15.1603666667,False
0,17994,449,15.1053117034,15.1603666667,False
0,17995,449,15.0983963528,15.1603666667,False
0,17996,449,15.1043341581,15.1603666667,False
0,17997,449,15.0651220813,15.1603666667,False
0,17998,449,15.0910727006,15.1603666667,False
0,17999,449,15.1142597868,15.1603666667,False
0,18000,449,15.0728589454,15.1603666667,False
0,18001,449,15.1189443334,15.1603666667,False
0,18002,449,15.0635681642,15.1603666667,False
0,18003,449,15.0706359683,15.1603666667,False
0,18004,449,15.069271792,15.1603666667,False
0,18005,449,15.0698062219,15.1603666667,False
0,18006,449,15.0302766977,15.1603666667,False
0,18007,449,15.140094216,15.1603666667,False
0,18008,449,15.1250975557,15.1603666667,False
0,18009,449,15.115710636,15.1603666667,False
0,18010,449,15.054715662,15.1603666667,False
0,18011,449,15.1040181254,15.1603666667,False
0,18012,449,15.1105959277,15.1603666667,False
0,18013,449,15.1265460075,15.1603666667,False
0,18014,449,15.09420752,15.1603666667,False
0,18015,449,15.0937452723,15.1603666667,False
0,18016,449,15.0987291711,15.1603666667,False
0,18017,449,15.0551457823,15.1603666667,False
0,18018,449,15.1062348063,15.1603666667,False
0,18019,449,15.0994740842,15.1603666667,False
0,18020,449,15.1131215955,15.1603666667,False
0,18021,449,15.0596413388,15.1603666667,False
0,18022,449,15.0482806947,15.1603666667,False
0,18023,449,15.1043814123,15.1603666667,False
0,18024,449,15.0820007724,15.1603666667,False
0,18025,449,15.1034802686,15.1603666667,False
0,18026,449,15.1415008058,15.1603666667,False
0,18027,449,15.067058186,15.1603666667,False
0,18028,449,15.0615981846,15.1603666667,False
0,18029,449,15.1050838685,15.1603666667,False
0,18030,449,15.0956795056,15.1603666667,False
0,18031,449,15.107272424,15.1603666667,False
0,18032,449,15.1178091503,15.1603666667,False
0,18033,449,15.075688006,15.1603666667,False
0,18034,449,15.0902062853,15.1603666667,False
0,18035,449,15.0804020735,15.1603666667,False
0,18036,449,15.0902868922,15.1603666667,False
0,18037,449,15.0455647201,15.1603666667,False
0,18038,449,15.0956932873,15.1603666667,False
0,18039,449,15.0798998659,15.1603666667,False
0,18040,449,15.0995674306,15.1603666667,False
0,18041,449,15.0653039728,15.1603666667,False
0,18042,449,15.0346348855,15.1603666667,False
0,18043,449,15.1254171883,15.1603666667,False
0,18044,449,15.0120768766,15.1603666667,False
0,18045,449,15.0266773851,15.1603666667,False
0,18046,449,15.0702041948,15.1603666667,False
0,18047,449,15.0640158503,15.1603666667,False
0,18048,449,15.1060186051,15.1603666667,False
0,18049,449,15.0796056769,15.1603666667,False
0,18050,449,15.0889357517,15.1603666667,False
0,18051,449,15.1493681905,15.1603666667,False
0,18052,449,15.0897242196,15.1603666667,False
0,18053,449,15.0837931995,15.1603666667,False
0,18054,449,15.0769125168,15.1603666667,False
0,18055,449,15.101403426,15.1603666667,False
0,18056,449,15.0802042541,15.1603666667,False
0,18057,449,15.1037395898,15.1603666667,False
0,18058,449,15.0477609042,15.1603666667,False
0,18059,449,15.0580559788,15.1603666667,False
0,18060,449,15.0718877501,15.1603666667,False
0,18061,449,15.0768485582,15.1603666667,False
0,18062,449,15.1296653452,15.1603666667,False
0,18063,449,15.0889244849,15.1603666667,False
0,18064,449,15.0989295411,15.1603666667,False
0,18065,449,15.0684730408,15.1603666667,False
0,18066,449,15.0848662201,15.1603666667,False
0,18067,449,15.1255001625,15.1603666667,False
0,18068,449,15.0917304121,15.1603666667,False
0,18069,449,15.0723302771,15.1603666667,False
0,18070,449,15.1081092965,15.1603666667,False
0,18071,449,15.0776375043,15.1603666667,False
0,18072,449,15.0929229916,15.1603666667,False
0,18073,449,15.0834505317,15.1603666667,False
0,18074,449,15.1064816895,15.1603666667,False
0,18075,449,15.0757617321,15.1603666667,False
0,18076,449,15.0803168475,15.1603666667,False
0,18077,449,15.0696673389,15.1603666667,False
0,18078,449,15.0897247437,15.1603666667,False
0,18079,449,15.0946032466,15.1603666667,False
0,18080,449,15.1210236213,15.1603666667,False
0,18081,449,15.1012164534,15.1603666667,False
0,18082,449,15.0792256718,15.1603666667,False
0,18083,449,15.088698457,15.1603666667,False
0,18084,449,15.0907947262,15.1603666667,False
0,18085,449,15.1319906823,15.1603666667,False
0,18086,449,15.0904910118,15.1603666667,False
0,18087,449,15.0983606592,15.1603666667,False
0,18088,449,15.0419483757,15.1603666667,False
0,18089,449,15.1047011932,15.1603666667,False
0,18090,449,15.0495701595,15.1603666667,False
0,18091,449,15.0877786587,15.1603666667,False
0,18092,449,15.089756251,15.1603666667,False
0,18093,449,15.0919851401,15.1603666667,False
0,18094,449,15.0806084034,15.1603666667,False
0,18095,449,15.081908462,15.1603666667,False
0,18096,449,15.0893743278,15.1603666667,False
0,18097,449,15.1036398925,15.1603666667,False
0,18098,449,15.0922041452,15.1603666667,False
0,18099,449,15.0970948671,15.1603666667,False
0,18100,449,15.1209631632,15.1603666667,False
0,18101,449,15.0860439508,15.1603666667,False
0,18102,449,15.058643461,15.1603666667,False
0,18103,449,15.1083912823,15.1603666667,False
0,18104,449,15.0799277209,15.1603666667,False
0,18105,449,15.0525946699,15.1603666667,False
0,18106,449,15.0772107016,15.1603666667,False
0,18107,449,15.0903814351,15.1603666667,False
0,18108,449,15.0914990792,15.1603666667,False
0,18109,449,15.0679267276,15.1603666667,False
0,18110,449,15.0760260689,15.1603666667,False
0,18111,449,15.0816653825,15.1603666667,False
0,18112,449,15.0807565539,15.1603666667,False
0,18113,449,15.0654784277,15.1603666667,False
0,18114,449,15.0945250669,15.1603666667,False
0,18115,449,15.1174893908,15.1603666667,False
0,18116,449,15.086947427,15.1603666667,False
0,18117,449,15.071429807,15.1603666667,False
0,18118,449,15.1482831877,15.1603666667,False
0,18119,449,15.1332987822,15.1603666667,False
0,18120,449,15.0580365518,15.1603666667,False
0,18121,449,15.0860834066,15.1603666667,False
0,18122,449,15.1010856051,15.1603666667,False
0,18123,449,15.1274500173,15.1603666667,False
0,18124,449,15.1037900835,15.1603666667,False
0,18125,449,15.1018042944,15.1603666667,False
0,18126,449,15.0738188849,15.1603666667,False
0,18127,449,15.0821612982,15.1603666667,False
0,18128,449,15.1039523937,15.1603666667,False
0,18129,449,15.0714744061,15.1603666667,False
0,18130,449,15.1009515552,15.1603666667,False
0,18131,449,15.0510320843,15.1603666667,False
0,18132,449,15.1475828057,15.1603666667,False
0,18133,449,15.0698666135,15.1603666667,False
0,18134,449,15.0890013366,15.1603666667,False
0,18135,449,15.0784532568,15.1603666667,False
0,18136,449,15.0686962026,15.1603666667,False
0,18137,449,15.1056549839,15.1603666667,False
0,18138,449,15.0934235645,15.1603666667,False
0,18139,449,15.1279314827,15.1603666667,False
0,18140,449,15.1141357668,15.1603666667,False
0,18141,449,15.100697433,15.1603666667,False
0,18142,449,15.0776022682,15.1603666667,False
0,18143,449,15.0565684008,15.1603666667,False
0,18144,449,15.0830811988,15.1603666667,False
0,18145,449,15.0921611305,15.1603666667,False
0,18146,449,15.1193351872,15.1603666667,False
0,18147,449,15.1049531555,15.1603666667,False
0,18148,449,15.0774229794,15.1603666667,False
0,18149,449,15.1288099909,15.1603666667,False
0,18150,449,15.0898929516,15.1603666667,False
0,18151,449,15.1015305267,15.1603666667,False
0,18152,449,15.1099178697,15.1603666667,False
0,18153,449,15.0770420938,15.1603666667,False
0,18154,449,15.1051630591,15.1603666667,False
0,18155,449,15.0765374096,15.1603666667,False
0,18156,449,15.0759935651,15.1603666667,False
0,18157,449,15.091379718,15.1603666667,False
0,18158,449,15.0659720046,15.1603666667,False
0,18159,449,15.0794458065,15.1603666667,False
0,18160,449,15.0930367421,15.1603666667,False
0,18161,449,15.0849126008,15.1603666667,False
0,18162,449,15.0884414408,15.1603666667,False
0,18163,449,15.1162093372,15.1603666667,False
0,18164,449,15.0672111333,15.1603666667,False
0,18165,449,15.1229806166,15.1603666667,False
0,18166,449,15.1173521732,15.1603666667,False
0,18167,449,15.0732122424,15.1603666667,False
0,18168,449,15.0951553977,15.1603666667,False
0,18169,449,15.094565885,15.1603666667,False
0,18170,449,15.0717768097,15.1603666667,False
0,18171,449,15.0959480566,15.1603666667,False
0,18172,449,15.0919744494,15.1603666667,False
0,18173,449,15.0735339482,15.1603666667,False
0,18174,449,15.1188943231,15.1603666667,False
0,18175,449,15.0602841957,15.1603666667,False
0,18176,449,15.0913914472,15.1603666667,False
0,18177,449,15.0832988659,15.1603666667,False
0,18178,449,15.1110991266,15.1603666667,False
0,18179,449,15.1124033669,15.1603666667,False
0,18180,449,15.0942678108,15.1603666667,False
0,18181,449,15.0728336513,15.1603666667,False
0,18182,449,15.0668293466,15.1603666667,False
0,18183,449,15.0854971228,15.1603666667,False
0,18184,449,15.114377246,15.1603666667,False
0,18185,449,15.070566221,15.1603666667,False
0,18186,449,15.1147621122,15.1603666667,False
0,18187,449,15.0709681149,15.1603666667,False
0,18188,449,15.0826652709,15.1603666667,False
0,18189,449,15.0861329565,15.1603666667,False
0,18190,449,15.1065156708,15.1603666667,False
0,18191,449,15.0851279401,15.1603666667,False
0,18192,449,15.1013738113,15.1603666667,False
0,18193,449,15.107381405,15.1603666667,False
0,18194,449,15.1320552537,15.1603666667,False
0,18195,449,15.0565309754,15.1603666667,False
0,18196,449,15.0858179417,15.1603666667,False
0,18197,449,15.114048856,15.1603666667,False
0,18198,449,15.1142102693,15.1603666667,False
0,18199,449,15.0862877699,15.1603666667,False
0,18200,449,15.104108869,15.1603666667,False
0,18201,449,15.0722752431,15.1603666667,False
0,18202,449,15.0902188281,15.1603666667,False
0,18203,449,15.0621689505,15.1603666667,False
0,18204,449,15.0895103643,15.1603666667,False
0,18205,449,15.0900040585,15.1603666667,False
0,18206,449,15.1105012442,15.1603666667,False
0,18207,449,15.036121829,15.1603666667,False
0,18208,449,15.0440743641,15.1603666667,False
0,18209,449,15.1049660451,15.1603666667,False
0,18210,449,15.1054435461,15.1603666667,False
0,18211,449,15.0855380629,15.1603666667,False
0,18212,449,15.125336052,15.1603666667,False
0,18213,449,15.0960097815,15.1603666667,False
0,18214,449,15.1163086148,15.1603666667,False
0,18215,449,15.0669121488,15.1603666667,False
0,18216,449,15.1255616229,15.1603666667,False
0,18217,449,15.0780830331,15.1603666667,False
0,18218,449,15.0797506682,15.1603666667,False
0,18219,449,15.0585049585,15.1603666667,False
0,18220,449,15.0952878776,15.1603666667,False
0,18221,449,15.0616330297,15.1603666667,False
0,18222,449,15.0727804317,15.1603666667,False
0,18223,449,15.0637966443,15.1603666667,False
0,18224,449,15.0825087234,15.1603666667,False
0,18225,449,15.0934690746,15.1603666667,False
0,18226,449,15.0939509958,15.1603666667,False
0,18227,449,15.105741372,15.1603666667,False
0,18228,449,15.097945651,15.1603666667,False
0,18229,449,15.0969420456,15.1603666667,False
0,18230,449,15.0937266322,15.1603666667,False
0,18231,449,15.1064338264,15.1603666667,False
0,18232,449,15.1015447913,15.1603666667,False
0,18233,449,15.0936896963,15.1603666667,False
0,18234,449,15.0555541764,15.1603666667,False
0,18235,449,15.1445069871,15.1603666667,False
0,18236,449,15.1288025164,15.1603666667,False
0,18237,449,15.1163704271,15.1603666667,False
0,18238,449,15.0521812672,15.1603666667,False
0,18239,449,15.0594380439,15.1603666667,False
0,18240,449,15.0578007787,15.1603666667,False
0,18241,449,15.0963988769,15.1603666667,False
0,18242,449,15.0837414316,15.1603666667,False
0,18243,449,15.0727398642,15.1603666667,False
0,18244,449,15.1205967411,15.1603666667,False
0,18245,449,15.0825179675,15.1603666667,False
0,18246,449,15.093892019,15.1603666667,False
0,18247,449,15.0754732186,15.1603666667,False
0,18248,449,15.091177547,15.1603666667,False
0,18249,449,15.058760665,15.1603666667,False
0,18250,449,15.117788836,15.1603666667,False
0,18251,449,15.1255746055,15.1603666667,False
0,18252,449,15.107678202,15.1603666667,False
0,18253,449,15.0823113415,15.1603666667,False
0,18254,449,15.0836218305,15.1603666667,False
0,18255,449,15.1056508451,15.1603666667,False
0,18256,449,15.0680001449,15.1603666667,False
0,18257,449,15.0524717559,15.1603666667,False
0,18258,449,15.1093127399,15.1603666667,False
0,18259,449,15.1035212554,15.1603666667,False
0,18260,449,15.112703525,15.1603666667,False
0,18261,449,15.0970770151,15.1603666667,False
0,18262,449,15.0756554986,15.1603666667,False
0,18263,449,15.0986902019,15.1603666667,False
0,18264,449,15.0889815403,15.1603666667,False
0,18265,449,15.0882182279,15.1603666667,False
0,18266,449,15.0771491485,15.1603666667,False
0,18267,449,15.1155367462,15.1603666667,False
0,18268,449,15.0962115393,15.1603666667,False
0,18269,450,15.108351254,15.1937,False
0,18270,450,15.1488861713,15.1937,False
0,18271,450,15.1661997104,15.1937,False
0,18272,450,15.0942243139,15.1937,False
0,18273,450,15.1323884725,15.1937,False
0,18274,450,15.131286743,15.1937,False
0,18275,450,15.1593708321,15.1937,False
0,18276,450,15.099524703,15.1937,False
0,18277,450,15.1365268085,15.1937,False
0,18278,450,15.1245662586,15.1937,False
0,18279,450,15.1033266246,15.1937,False
0,18280,450,15.0801627841,15.1937,False
0,18281,451,15.1577873146,15.2270333333,False
0,18282,451,15.1536030979,15.2270333333,False
0,18283,451,15.1677721104,15.2270333333,False
0,18284,451,15.1487925139,15.2270333333,False
0,18285,451,15.121059513,15.2270333333,False
0,18286,451,15.1566411323,15.2270333333,False
0,18287,451,15.1811503253,15.2270333333,False
0,18288,451,15.1460596104,15.2270333333,False
0,18289,452,15.1603242501,15.2603666667,False
0,18290,452,15.1886069483,15.2603666667,False
0,18291,452,15.1781592799,15.2603666667,False
0,18292,452,15.1421431054,15.2603666667,False
0,18293,452,15.1755381438,15.2603666667,False
0,18294,452,15.1829780427,15.2603666667,False
0,18295,453,15.211451459,15.2937,False
0,18296,453,15.248059198,15.2937,False
0,18297,453,15.249565764,15.2937,False
0,18298,453,15.238715681,15.2937,False
0,18299,453,15.1996496414,15.2937,False
0,18300,453,15.1798717075,15.2937,False
0,18301,454,15.2421126074,15.3270333333,False
0,18302,454,15.2454154453,15.3270333333,False
0,18303,454,15.3172396516,15.3270333333,False
0,18304,454,15.2491913108,15.3270333333,False
0,18305,454,15.2821102091,15.3270333333,False
0,18306,454,15.2613496154,15.3270333333,False
0,18307,454,15.2506977087,15.3270333333,False
0,18308,454,15.2510461518,15.3270333333,False
0,18309,454,15.2224606206,15.3270333333,False
0,18310,454,15.2952674574,15.3270333333,False
0,18311,454,15.2764019064,15.3270333333,False
0,18312,454,15.2415493636,15.3270333333,False
0,18313,454,15.2687915847,15.3270333333,False
0,18314,454,15.2820927338,15.3270333333,False
0,18315,454,15.315898303,15.3270333333,False
0,18316,454,15.2731520158,15.3270333333,False
0,18317,454,15.2934069924,15.3270333333,False
0,18318,454,15.2972631518,15.3270333333,False
0,18319,454,15.243666493,15.3270333333,False
0,18320,454,15.2780381956,15.3270333333,False
0,18321,454,15.3163393573,15.3270333333,False
0,18322,454,15.302242947,15.3270333333,False
0,18323,454,15.26525873,15.3270333333,False
0,18324,454,15.2997053141,15.3270333333,False
0,18325,454,15.2688981821,15.3270333333,False
0,18326,454,15.30832284,15.3270333333,False
0,18327,454,15.2428419127,15.3270333333,False
0,18328,454,15.283076591,15.3270333333,False
0,18329,454,15.2627860221,15.3270333333,False
0,18330,454,15.2442094726,15.3270333333,False
0,18331,454,15.2595899022,15.3270333333,False
0,18332,454,15.2361207875,15.3270333333,False
0,18333,454,15.2966188444,15.3270333333,False
0,18334,454,15.2500846066,15.3270333333,False
0,18335,454,15.2504919211,15.3270333333,False
0,18336,454,15.2628082443,15.3270333333,False
0,18337,454,15.255570094,15.3270333333,False
0,18338,454,15.227737168,15.3270333333,False
0,18339,454,15.2690949367,15.3270333333,False
0,18340,454,15.2522844226,15.3270333333,False
0,18341,454,15.2826729454,15.3270333333,False
0,18342,454,15.3012245111,15.3270333333,False
0,18343,454,15.254540528,15.3270333333,False
0,18344,454,15.2563298379,15.3270333333,False
0,18345,454,15.2406997047,15.3270333333,False
0,18346,454,15.3081504532,15.3270333333,False
0,18347,454,15.2217660952,15.3270333333,False
0,18348,454,15.2628836667,15.3270333333,False
0,18349,454,15.2663508878,15.3270333333,False
0,18350,454,15.2706260646,15.3270333333,False
0,18351,454,15.2861428709,15.3270333333,False
0,18352,454,15.2436008479,15.3270333333,False
0,18353,454,15.2759311912,15.3270333333,False
0,18354,454,15.2573821757,15.3270333333,False
0,18355,454,15.2390929932,15.3270333333,False
0,18356,454,15.2630187039,15.3270333333,False
0,18357,454,15.2362747908,15.3270333333,False
0,18358,454,15.2358317223,15.3270333333,False
0,18359,454,15.2361989273,15.3270333333,False
0,18360,454,15.2749432183,15.3270333333,False
0,18361,454,15.2415637206,15.3270333333,False
0,18362,454,15.2565077191,15.3270333333,False
0,18363,454,15.2391911552,15.3270333333,False
0,18364,454,15.2324360167,15.3270333333,False
0,18365,454,15.2478378497,15.3270333333,False
0,18366,454,15.2681585791,15.3270333333,False
0,18367,454,15.2078372435,15.3270333333,False
0,18368,454,15.2623235779,15.3270333333,False
0,18369,454,15.2432804636,15.3270333333,False
0,18370,454,15.2747133256,15.3270333333,False
0,18371,454,15.2468755488,15.3270333333,False
0,18372,454,15.24831862,15.3270333333,False
0,18373,454,15.2625408937,15.3270333333,False
0,18374,454,15.2640374091,15.3270333333,False
0,18375,454,15.2706511153,15.3270333333,False
0,18376,454,15.2353172368,15.3270333333,False
0,18377,454,15.2323478667,15.3270333333,False
0,18378,454,15.2258838488,15.3270333333,False
0,18379,454,15.2706224419,15.3270333333,False
0,18380,454,15.2383342054,15.3270333333,False
0,18381,454,15.2642596994,15.3270333333,False
0,18382,454,15.2700781281,15.3270333333,False
0,18383,454,15.2608759972,15.3270333333,False
0,18384,454,15.2766360792,15.3270333333,False
0,18385,454,15.2706760044,15.3270333333,False
0,18386,454,15.2498189848,15.3270333333,False
0,18387,454,15.252020485,15.3270333333,False
0,18388,454,15.2357672203,15.3270333333,False
0,18389,454,15.2452285159,15.3270333333,False
0,18390,454,15.1959800731,15.3270333333,False
0,18391,454,15.2519363522,15.3270333333,False
0,18392,454,15.2112739771,15.3270333333,False
0,18393,454,15.2418100996,15.3270333333,False
0,18394,454,15.271383144,15.3270333333,False
0,18395,454,15.2601657649,15.3270333333,False
0,18396,454,15.2533273883,15.3270333333,False
0,18397,454,15.2509030986,15.3270333333,False
0,18398,454,15.2536175256,15.3270333333,False
0,18399,454,15.2597365257,15.3270333333,False
0,18400,454,15.2626080431,15.3270333333,False
0,18401,454,15.2828315197,15.3270333333,False
0,18402,454,15.2888600752,15.3270333333,False
0,18403,454,15.2958918663,15.3270333333,False
0,18404,454,15.2550722433,15.3270333333,False
0,18405,454,15.2863308969,15.3270333333,False
0,18406,454,15.275899241,15.3270333333,False
0,18407,454,15.2597941674,15.3270333333,False
0,18408,454,15.2508592614,15.3270333333,False
0,18409,454,15.2837476236,15.3270333333,False
0,18410,454,15.3310291391,15.3270333333,True
0,18411,454,15.2384264624,15.3270333333,False
0,18412,454,15.3079096899,15.3270333333,False
0,18413,454,15.2686386731,15.3270333333,False
0,18414,454,15.2921650698,15.3270333333,False
0,18415,454,15.2936181053,15.3270333333,False
0,18416,454,15.2534122127,15.3270333333,False
0,18417,454,15.2617860191,15.3270333333,False
0,18418,454,15.2278496951,15.3270333333,False
0,18419,454,15.2732112158,15.3270333333,False
0,18420,454,15.231031666,15.3270333333,False
0,18421,454,15.2934319848,15.3270333333,False
0,18422,454,15.2877834816,15.3270333333,False
0,18423,454,15.2754232225,15.3270333333,False
0,18424,454,15.2667802621,15.3270333333,False
0,18425,454,15.267709197,15.3270333333,False
0,18426,454,15.2984670447,15.3270333333,False
0,18427,454,15.267742593,15.3270333333,False
0,18428,454,15.2309230483,15.3270333333,False
0,18429,454,15.2315450408,15.3270333333,False
0,18430,454,15.2654298671,15.3270333333,False
0,18431,454,15.2674001454,15.3270333333,False
0,18432,454,15.2769555152,15.3270333333,False
0,18433,454,15.2584036056,15.3270333333,False
0,18434,454,15.2583619813,15.3270333333,False
0,18435,454,15.2522963952,15.3270333333,False
0,18436,454,15.2753464222,15.3270333333,False
0,18437,454,15.2564132965,15.3270333333,False
0,18438,454,15.2451186401,15.3270333333,False
0,18439,454,15.2629882222,15.3270333333,False
0,18440,454,15.2640577081,15.3270333333,False
0,18441,454,15.2490378913,15.3270333333,False
0,18442,454,15.2722791386,15.3270333333,False
0,18443,454,15.2566107394,15.3270333333,False
0,18444,454,15.2798302847,15.3270333333,False
0,18445,454,15.2928755689,15.3270333333,False
0,18446,454,15.2753811516,15.3270333333,False
0,18447,454,15.2747351507,15.3270333333,False
0,18448,454,15.2539668979,15.3270333333,False
0,18449,454,15.2812584855,15.3270333333,False
0,18450,454,15.2611104821,15.3270333333,False
0,18451,454,15.2446403508,15.3270333333,False
0,18452,454,15.2981777158,15.3270333333,False
0,18453,454,15.2293659942,15.3270333333,False
0,18454,454,15.2312336261,15.3270333333,False
0,18455,454,15.2760503246,15.3270333333,False
0,18456,454,15.2607885196,15.3270333333,False
0,18457,454,15.2207834926,15.3270333333,False
0,18458,454,15.2601457542,15.3270333333,False
0,18459,454,15.2660729432,15.3270333333,False
0,18460,454,15.2488065431,15.3270333333,False
0,18461,454,15.2774555148,15.3270333333,False
0,18462,454,15.2958368186,15.3270333333,False
0,18463,454,15.3066766875,15.3270333333,False
0,18464,454,15.2584169313,15.3270333333,False
0,18465,454,15.2341196855,15.3270333333,False
0,18466,454,15.2874011281,15.3270333333,False
0,18467,454,15.2681521798,15.3270333333,False
0,18468,454,15.2924871355,15.3270333333,False
0,18469,454,15.3062446475,15.3270333333,False
0,18470,454,15.2265702478,15.3270333333,False
0,18471,454,15.2326745034,15.3270333333,False
0,18472,454,15.2254237693,15.3270333333,False
0,18473,454,15.202209867,15.3270333333,False
0,18474,454,15.2436109566,15.3270333333,False
0,18475,454,15.2704747221,15.3270333333,False
0,18476,454,15.2394012294,15.3270333333,False
0,18477,454,15.2640600492,15.3270333333,False
0,18478,454,15.2541385642,15.3270333333,False
0,18479,454,15.2613765041,15.3270333333,False
0,18480,454,15.2386913908,15.3270333333,False
0,18481,454,15.2536969826,15.3270333333,False
0,18482,454,15.2582871223,15.3270333333,False
0,18483,454,15.2270312767,15.3270333333,False
0,18484,454,15.2778413383,15.3270333333,False
0,18485,454,15.2335027798,15.3270333333,False
0,18486,454,15.2631765583,15.3270333333,False
0,18487,454,15.2606047855,15.3270333333,False
0,18488,454,15.2893812005,15.3270333333,False
0,18489,454,15.3091269051,15.3270333333,False
0,18490,454,15.2617786921,15.3270333333,False
0,18491,454,15.2489577326,15.3270333333,False
0,18492,454,15.2601705759,15.3270333333,False
0,18493,454,15.2786118431,15.3270333333,False
0,18494,454,15.2705415866,15.3270333333,False
0,18495,454,15.2431538246,15.3270333333,False
0,18496,454,15.2269073133,15.3270333333,False
0,18497,454,15.2879910089,15.3270333333,False
0,18498,454,15.3130535465,15.3270333333,False
0,18499,454,15.243521684,15.3270333333,False
0,18500,454,15.2164792144,15.3270333333,False
0,18501,454,15.2617728068,15.3270333333,False
0,18502,454,15.2678604922,15.3270333333,False
0,18503,454,15.2668755671,15.3270333333,False
0,18504,454,15.2855433263,15.3270333333,False
0,18505,454,15.2540662926,15.3270333333,False
0,18506,454,15.2499878206,15.3270333333,False
0,18507,454,15.213397181,15.3270333333,False
0,18508,454,15.268303428,15.3270333333,False
0,18509,454,15.2778314994,15.3270333333,False
0,18510,454,15.2662175105,15.3270333333,False
0,18511,454,15.2528872087,15.3270333333,False
0,18512,454,15.2720840468,15.3270333333,False
0,18513,454,15.2693310249,15.3270333333,False
0,18514,454,15.2590624871,15.3270333333,False
0,18515,454,15.2849211452,15.3270333333,False
0,18516,454,15.24866502,15.3270333333,False
0,18517,454,15.2646957178,15.3270333333,False
0,18518,454,15.2685669376,15.3270333333,False
0,18519,454,15.2727113426,15.3270333333,False
0,18520,454,15.2284075439,15.3270333333,False
0,18521,454,15.2646248972,15.3270333333,False
0,18522,454,15.2332330324,15.3270333333,False
0,18523,454,15.2550935226,15.3270333333,False
0,18524,454,15.1971268491,15.3270333333,False
0,18525,454,15.2653503271,15.3270333333,False
0,18526,454,15.2788654569,15.3270333333,False
0,18527,454,15.2929521054,15.3270333333,False
0,18528,454,15.2219654073,15.3270333333,False
0,18529,454,15.2461409165,15.3270333333,False
0,18530,454,15.2633713841,15.3270333333,False
0,18531,454,15.2422799415,15.3270333333,False
0,18532,454,15.2705570887,15.3270333333,False
0,18533,454,15.2462888284,15.3270333333,False
0,18534,454,15.2534908635,15.3270333333,False
0,18535,454,15.2384425759,15.3270333333,False
0,18536,454,15.2249806091,15.3270333333,False
0,18537,454,15.2853269905,15.3270333333,False
0,18538,454,15.2153876506,15.3270333333,False
0,18539,454,15.2715055602,15.3270333333,False
0,18540,454,15.1944543858,15.3270333333,False
0,18541,454,15.2321569525,15.3270333333,False
0,18542,454,15.2578402884,15.3270333333,False
0,18543,454,15.2535171535,15.3270333333,False
0,18544,454,15.2713759288,15.3270333333,False
0,18545,454,15.3004662081,15.3270333333,False
0,18546,454,15.2936907146,15.3270333333,False
0,18547,454,15.2301299589,15.3270333333,False
0,18548,454,15.27974485,15.3270333333,False
0,18549,454,15.2584104843,15.3270333333,False
0,18550,454,15.2984838301,15.3270333333,False
0,18551,454,15.2527947539,15.3270333333,False
0,18552,454,15.2592510697,15.3270333333,False
0,18553,454,15.2501209307,15.3270333333,False
0,18554,454,15.2605365925,15.3270333333,False
0,18555,454,15.2885032317,15.3270333333,False
0,18556,454,15.3109873665,15.3270333333,False
0,18557,454,15.2608675907,15.3270333333,False
0,18558,454,15.2471991034,15.3270333333,False
0,18559,454,15.2775052015,15.3270333333,False
0,18560,454,15.2625544412,15.3270333333,False
0,18561,454,15.259599858,15.3270333333,False
0,18562,454,15.246567999,15.3270333333,False
0,18563,454,15.2772488838,15.3270333333,False
0,18564,454,15.2695525043,15.3270333333,False
0,18565,454,15.2454425012,15.3270333333,False
0,18566,454,15.2680173596,15.3270333333,False
0,18567,454,15.2540639319,15.3270333333,False
0,18568,454,15.2707894597,15.3270333333,False
0,18569,454,15.2436254052,15.3270333333,False
0,18570,454,15.2639540088,15.3270333333,False
0,18571,454,15.2891836607,15.3270333333,False
0,18572,454,15.2607420308,15.3270333333,False
0,18573,454,15.2950302516,15.3270333333,False
0,18574,454,15.2449975221,15.3270333333,False
0,18575,454,15.2172220858,15.3270333333,False
0,18576,454,15.2564972308,15.3270333333,False
0,18577,454,15.2226274924,15.3270333333,False
0,18578,454,15.2353810514,15.3270333333,False
0,18579,454,15.2746330514,15.3270333333,False
0,18580,454,15.2626246139,15.3270333333,False
0,18581,454,15.2514401512,15.3270333333,False
0,18582,454,15.228716762,15.3270333333,False
0,18583,454,15.2539801418,15.3270333333,False
0,18584,454,15.2545493014,15.3270333333,False
0,18585,454,15.2284531537,15.3270333333,False
0,18586,454,15.2543440729,15.3270333333,False
0,18587,454,15.2618843308,15.3270333333,False
0,18588,454,15.2592718756,15.3270333333,False
0,18589,454,15.2805461866,15.3270333333,False
0,18590,454,15.2976431852,15.3270333333,False
0,18591,454,15.259300325,15.3270333333,False
0,18592,454,15.2519859433,15.3270333333,False
0,18593,454,15.2395981312,15.3270333333,False
0,18594,454,15.2454120279,15.3270333333,False
0,18595,454,15.2807263149,15.3270333333,False
0,18596,454,15.2385604651,15.3270333333,False
0,18597,454,15.2642748833,15.3270333333,False
0,18598,454,15.2457539704,15.3270333333,False
0,18599,454,15.2335219208,15.3270333333,False
0,18600,454,15.2426977006,15.3270333333,False
0,18601,454,15.2471822122,15.3270333333,False
0,18602,454,15.28195521,15.3270333333,False
0,18603,454,15.2649713724,15.3270333333,False
0,18604,454,15.2232580883,15.3270333333,False
0,18605,454,15.3423781775,15.3270333333,True
0,18606,455,15.3246691778,15.3603666667,False
0,18607,455,15.2986058873,15.3603666667,False
0,18608,455,15.2788588692,15.3603666667,False
0,18609,455,15.2834693928,15.3603666667,False
0,18610,455,15.2604763135,15.3603666667,False
0,18611,455,15.2587059806,15.3603666667,False
0,18612,455,15.2734702023,15.3603666667,False
0,18613,455,15.2770125102,15.3603666667,False
0,18614,455,15.3339722596,15.3603666667,False
0,18615,455,15.2693354978,15.3603666667,False
0,18616,455,15.2884167431,15.3603666667,False
0,18617,456,15.2796757617,15.3937,False
0,18618,456,15.3129598515,15.3937,False
0,18619,456,15.3143731015,15.3937,False
0,18620,456,15.3227371176,15.3937,False
0,18621,456,15.3480754734,15.3937,False
0,18622,456,15.3418888255,15.3937,False
0,18623,456,15.3608566845,15.3937,False
0,18624,456,15.3293617403,15.3937,False
0,18625,457,15.3957350978,15.4270333333,False
0,18626,457,15.3968959917,15.4270333333,False
0,18627,457,15.3684290989,15.4270333333,False
0,18628,457,15.3916552322,15.4270333333,False
0,18629,457,15.3758144982,15.4270333333,False
0,18630,457,15.3885565867,15.4270333333,False
0,18631,458,15.3837445951,15.4603666667,False
0,18632,458,15.4102212766,15.4603666667,False
0,18633,458,15.3915334001,15.4603666667,False
0,18634,458,15.4064207452,15.4603666667,False
0,18635,458,15.3936833062,15.4603666667,False
0,18636,458,15.3933283222,15.4603666667,False
0,18637,458,15.3690904314,15.4603666667,False
0,18638,458,15.4155516164,15.4603666667,False
0,18639,459,15.4005372155,15.4937,False
0,18640,459,15.4162989525,15.4937,False
0,18641,459,15.4157165201,15.4937,False
0,18642,459,15.4131463174,15.4937,False
0,18643,459,15.4270929779,15.4937,False
0,18644,459,15.417472932,15.4937,False
0,18645,459,15.4269925113,15.4937,False
0,18646,459,15.442553177,15.4937,False
0,18647,459,15.4319617405,15.4937,False
0,18648,459,15.4370232184,15.4937,False
0,18649,459,15.4373072533,15.4937,False
0,18650,459,15.4141225764,15.4937,False
0,18651,459,15.4490852876,15.4937,False
0,18652,459,15.3944017513,15.4937,False
0,18653,459,15.4271148028,15.4937,False
0,18654,459,15.3978916449,15.4937,False
0,18655,459,15.3928862726,15.4937,False
0,18656,459,15.3862800063,15.4937,False
0,18657,459,15.4539077947,15.4937,False
0,18658,459,15.4461736277,15.4937,False
0,18659,459,15.4006380151,15.4937,False
0,18660,459,15.4249652966,15.4937,False
0,18661,459,15.4369572947,15.4937,False
0,18662,459,15.4025567085,15.4937,False
0,18663,459,15.4424735275,15.4937,False
0,18664,459,15.4335276296,15.4937,False
0,18665,459,15.4286011243,15.4937,False
0,18666,459,15.4228803167,15.4937,False
0,18667,459,15.4612667196,15.4937,False
0,18668,459,15.3725289621,15.4937,False
0,18669,459,15.4415235797,15.4937,False
0,18670,459,15.4241255962,15.4937,False
0,18671,459,15.4565304018,15.4937,False
0,18672,459,15.3970783803,15.4937,False
0,18673,459,15.4198521712,15.4937,False
0,18674,459,15.4005255128,15.4937,False
0,18675,459,15.461527756,15.4937,False
0,18676,459,15.4234409593,15.4937,False
0,18677,459,15.4142828014,15.4937,False
0,18678,459,15.403221706,15.4937,False
0,18679,459,15.46032733,15.4937,False
0,18680,459,15.4589898592,15.4937,False
0,18681,459,15.4232521599,15.4937,False
0,18682,459,15.4409914249,15.4937,False
0,18683,459,15.42270938,15.4937,False
0,18684,459,15.4107381765,15.4937,False
0,18685,459,15.4416359625,15.4937,False
0,18686,459,15.4357061777,15.4937,False
0,18687,459,15.4137334037,15.4937,False
0,18688,459,15.462070596,15.4937,False
0,18689,459,15.4270677823,15.4937,False
0,18690,459,15.3980489798,15.4937,False
0,18691,459,15.4068606659,15.4937,False
0,18692,459,15.4066091549,15.4937,False
0,18693,459,15.4391878816,15.4937,False
0,18694,459,15.4524927914,15.4937,False
0,18695,459,15.4222119743,15.4937,False
0,18696,459,15.4299538766,15.4937,False
0,18697,459,15.4157488776,15.4937,False
0,18698,459,15.4534407536,15.4937,False
0,18699,459,15.4305685002,15.4937,False
0,18700,459,15.4233467598,15.4937,False
0,18701,459,15.4476775658,15.4937,False
0,18702,459,15.4629232834,15.4937,False
0,18703,459,15.4320145332,15.4937,False
0,18704,459,15.4372619109,15.4937,False
0,18705,459,15.4535738575,15.4937,False
0,18706,459,15.4500616589,15.4937,False
0,18707,459,15.401381122,15.4937,False
0,18708,459,15.4346654775,15.4937,False
0,18709,459,15.4463644114,15.4937,False
0,18710,459,15.4199415875,15.4937,False
0,18711,459,15.397159833,15.4937,False
0,18712,459,15.4649346122,15.4937,False
0,18713,459,15.399699581,15.4937,False
0,18714,459,15.4187967008,15.4937,False
0,18715,459,15.4261332711,15.4937,False
0,18716,459,15.4778526203,15.4937,False
0,18717,459,15.4484151423,15.4937,False
0,18718,459,15.4099536911,15.4937,False
0,18719,459,15.4392057707,15.4937,False
0,18720,459,15.4117069062,15.4937,False
0,18721,459,15.437579165,15.4937,False
0,18722,459,15.4388601229,15.4937,False
0,18723,459,15.4691867512,15.4937,False
0,18724,459,15.474684903,15.4937,False
0,18725,459,15.4495687932,15.4937,False
0,18726,459,15.395392421,15.4937,False
0,18727,459,15.4455210392,15.4937,False
0,18728,459,15.4347776321,15.4937,False
0,18729,459,15.4277935716,15.4937,False
0,18730,459,15.4384071502,15.4937,False
0,18731,459,15.3966876625,15.4937,False
0,18732,459,15.4153623071,15.4937,False
0,18733,459,15.3845530804,15.4937,False
0,18734,459,15.4446538444,15.4937,False
0,18735,459,15.4460555183,15.4937,False
0,18736,459,15.4499555082,15.4937,False
0,18737,459,15.4102177538,15.4937,False
0,18738,459,15.4608143577,15.4937,False
0,18739,459,15.4460627793,15.4937,False
0,18740,459,15.3764312355,15.4937,False
0,18741,459,15.4140811765,15.4937,False
0,18742,459,15.4231979537,15.4937,False
0,18743,459,15.4120803156,15.4937,False
0,18744,459,15.3927166681,15.4937,False
0,18745,459,15.4580642171,15.4937,False
0,18746,459,15.4240324346,15.4937,False
0,18747,459,15.4523321752,15.4937,False
0,18748,459,15.43319812,15.4937,False
0,18749,459,15.4441097059,15.4937,False
0,18750,459,15.4312020997,15.4937,False
0,18751,459,15.4498590929,15.4937,False
0,18752,459,15.4505860843,15.4937,False
0,18753,459,15.3912811331,15.4937,False
0,18754,459,15.4496471912,15.4937,False
0,18755,459,15.4385361485,15.4937,False
0,18756,459,15.3996639382,15.4937,False
0,18757,459,15.4143124822,15.4937,False
0,18758,459,15.4342329586,15.4937,False
0,18759,459,15.4309259251,15.4937,False
0,18760,459,15.4166551175,15.4937,False
0,18761,459,15.4278125335,15.4937,False
0,18762,459,15.418391891,15.4937,False
0,18763,459,15.4200844147,15.4937,False
0,18764,459,15.4648153296,15.4937,False
0,18765,459,15.3949559839,15.4937,False
0,18766,459,15.4143918692,15.4937,False
0,18767,459,15.4285388575,15.4937,False
0,18768,459,15.4641713162,15.4937,False
0,18769,459,15.4690469318,15.4937,False
0,18770,459,15.4291793467,15.4937,False
0,18771,459,15.4397132783,15.4937,False
0,18772,459,15.4536851742,15.4937,False
0,18773,459,15.4022796838,15.4937,False
0,18774,459,15.4395630909,15.4937,False
0,18775,459,15.3994985748,15.4937,False
0,18776,459,15.4097128548,15.4937,False
0,18777,459,15.4166626337,15.4937,False
0,18778,459,15.4417490648,15.4937,False
0,18779,459,15.4232064618,15.4937,False
0,18780,459,15.4600005334,15.4937,False
0,18781,459,15.4531749197,15.4937,False
0,18782,459,15.4309588994,15.4937,False
0,18783,459,15.4324450303,15.4937,False
0,18784,459,15.3938675138,15.4937,False
0,18785,459,15.4303172584,15.4937,False
0,18786,459,15.4334187623,15.4937,False
0,18787,459,15.4312227846,15.4937,False
0,18788,459,15.4172545154,15.4937,False
0,18789,459,15.4217008196,15.4937,False
0,18790,459,15.450432321,15.4937,False
0,18791,459,15.3950188076,15.4937,False
0,18792,459,15.4210777084,15.4937,False
0,18793,459,15.3884622563,15.4937,False
0,18794,459,15.4347807724,15.4937,False
0,18795,459,15.4239408797,15.4937,False
0,18796,459,15.3595384958,15.4937,False
0,18797,459,15.4581423993,15.4937,False
0,18798,459,15.4461298048,15.4937,False
0,18799,459,15.4374489775,15.4937,False
0,18800,459,15.4356389204,15.4937,False
0,18801,459,15.4124232746,15.4937,False
0,18802,459,15.4280774429,15.4937,False
0,18803,459,15.4263766184,15.4937,False
0,18804,459,15.4504413455,15.4937,False
0,18805,459,15.4250440616,15.4937,False
0,18806,459,15.4391198657,15.4937,False
0,18807,459,15.4039274773,15.4937,False
0,18808,459,15.4573890986,15.4937,False
0,18809,459,15.4282430293,15.4937,False
0,18810,459,15.4040702581,15.4937,False
0,18811,459,15.4446712773,15.4937,False
0,18812,459,15.4463904909,15.4937,False
0,18813,459,15.4359551091,15.4937,False
0,18814,459,15.3969705517,15.4937,False
0,18815,459,15.3806301896,15.4937,False
0,18816,459,15.3805018697,15.4937,False
0,18817,459,15.4276506038,15.4937,False
0,18818,459,15.4635456894,15.4937,False
0,18819,459,15.3898336929,15.4937,False
0,18820,459,15.414432541,15.4937,False
0,18821,459,15.4167348911,15.4937,False
0,18822,459,15.3975168694,15.4937,False
0,18823,459,15.4059712186,15.4937,False
0,18824,459,15.4521417211,15.4937,False
0,18825,459,15.409159711,15.4937,False
0,18826,459,15.4073037011,15.4937,False
0,18827,459,15.472300712,15.4937,False
0,18828,459,15.4121356163,15.4937,False
0,18829,459,15.4136726007,15.4937,False
0,18830,459,15.4080269341,15.4937,False
0,18831,459,15.4687803784,15.4937,False
0,18832,459,15.4380362946,15.4937,False
0,18833,459,15.4004721427,15.4937,False
0,18834,459,15.4416729369,15.4937,False
0,18835,459,15.4170486061,15.4937,False
0,18836,459,15.4520935234,15.4937,False
0,18837,459,15.402227057,15.4937,False
0,18838,459,15.4213532795,15.4937,False
0,18839,459,15.4078292499,15.4937,False
0,18840,459,15.4244122382,15.4937,False
0,18841,459,15.4164472785,15.4937,False
0,18842,459,15.4250420656,15.4937,False
0,18843,459,15.4083077219,15.4937,False
0,18844,459,15.3964375542,15.4937,False
0,18845,459,15.3810117776,15.4937,False
0,18846,459,15.4249609355,15.4937,False
0,18847,459,15.4810752674,15.4937,False
0,18848,459,15.4692197236,15.4937,False
0,18849,459,15.4378047075,15.4937,False
0,18850,459,15.4408183529,15.4937,False
0,18851,459,15.4476632787,15.4937,False
0,18852,459,15.400227757,15.4937,False
0,18853,459,15.4053112683,15.4937,False
0,18854,459,15.4556314943,15.4937,False
0,18855,459,15.4047175777,15.4937,False
0,18856,459,15.428873963,15.4937,False
0,18857,459,15.4377037871,15.4937,False
0,18858,459,15.4169729299,15.4937,False
0,18859,459,15.4664756759,15.4937,False
0,18860,459,15.4162107924,15.4937,False
0,18861,459,15.3998518491,15.4937,False
0,18862,459,15.4279729656,15.4937,False
0,18863,459,15.3896616809,15.4937,False
0,18864,459,15.4346850867,15.4937,False
0,18865,459,15.4703953393,15.4937,False
0,18866,459,15.4242124711,15.4937,False
0,18867,459,15.4358162864,15.4937,False
0,18868,459,15.4277380249,15.4937,False
0,18869,459,15.3841100477,15.4937,False
0,18870,459,15.3961384645,15.4937,False
0,18871,459,15.4710859455,15.4937,False
0,18872,459,15.4444989179,15.4937,False
0,18873,459,15.4505710928,15.4937,False
0,18874,459,15.4494933105,15.4937,False
0,18875,459,15.4467972678,15.4937,False
0,18876,459,15.4584248205,15.4937,False
0,18877,459,15.4690858366,15.4937,False
0,18878,459,15.4138470479,15.4937,False
0,18879,459,15.4303666897,15.4937,False
0,18880,459,15.4256347085,15.4937,False
0,18881,459,15.462219118,15.4937,False
0,18882,459,15.4609830236,15.4937,False
0,18883,459,15.4191470903,15.4937,False
0,18884,459,15.4267714171,15.4937,False
0,18885,459,15.4278323574,15.4937,False
0,18886,459,15.4371044096,15.4937,False
0,18887,459,15.3859586886,15.4937,False
0,18888,459,15.4408340914,15.4937,False
0,18889,459,15.388157612,15.4937,False
0,18890,459,15.3915808894,15.4937,False
0,18891,459,15.3836526831,15.4937,False
0,18892,459,15.4436978795,15.4937,False
0,18893,459,15.4182776711,15.4937,False
0,18894,459,15.453723214,15.4937,False
0,18895,459,15.4148661003,15.4937,False
0,18896,459,15.4205132689,15.4937,False
0,18897,459,15.4380855076,15.4937,False
0,18898,459,15.419971457,15.4937,False
0,18899,459,15.4598140035,15.4937,False
0,18900,459,15.4251830427,15.4937,False
0,18901,459,15.4360899737,15.4937,False
0,18902,459,15.4380528672,15.4937,False
0,18903,459,15.4139332076,15.4937,False
0,18904,459,15.4079221836,15.4937,False
0,18905,459,15.4170329957,15.4937,False
0,18906,459,15.4197632072,15.4937,False
0,18907,459,15.4009893256,15.4937,False
0,18908,459,15.3897348967,15.4937,False
0,18909,459,15.4611723846,15.4937,False
0,18910,459,15.4299064287,15.4937,False
0,18911,459,15.4001826154,15.4937,False
0,18912,459,15.4474826468,15.4937,False
0,18913,459,15.4408265838,15.4937,False
0,18914,459,15.3616506425,15.4937,False
0,18915,459,15.3947647648,15.4937,False
0,18916,459,15.4609453056,15.4937,False
0,18917,459,15.4184337045,15.4937,False
0,18918,459,15.4327128637,15.4937,False
0,18919,459,15.4245461569,15.4937,False
0,18920,459,15.4113473399,15.4937,False
0,18921,459,15.4341722343,15.4937,False
0,18922,459,15.4232558402,15.4937,False
0,18923,459,15.4681697233,15.4937,False
0,18924,459,15.4192925359,15.4937,False
0,18925,459,15.3835554359,15.4937,False
0,18926,459,15.4347543133,15.4937,False
0,18927,459,15.3949244393,15.4937,False
0,18928,459,15.4241444935,15.4937,False
0,18929,459,15.3881995982,15.4937,False
0,18930,459,15.4683811257,15.4937,False
0,18931,459,15.4416492082,15.4937,False
0,18932,459,15.4503364502,15.4937,False
0,18933,459,15.4117809987,15.4937,False
0,18934,459,15.3955470345,15.4937,False
0,18935,459,15.3968274375,15.4937,False
0,18936,459,15.4164572363,15.4937,False
0,18937,459,15.4244718309,15.4937,False
0,18938,459,15.4083075981,15.4937,False
0,18939,459,15.4010612904,15.4937,False
0,18940,459,15.3773318105,15.4937,False
0,18941,460,15.4392586789,15.5270333333,False
0,18942,460,15.4575058719,15.5270333333,False
0,18943,460,15.4708073102,15.5270333333,False
0,18944,460,15.3986802288,15.5270333333,False
0,18945,460,15.4636915889,15.5270333333,False
0,18946,460,15.4545072873,15.5270333333,False
0,18947,460,15.4723080355,15.5270333333,False
0,18948,460,15.4462693181,15.5270333333,False
0,18949,460,15.4542028821,15.5270333333,False
0,18950,460,15.4360252922,15.5270333333,False
0,18951,460,15.4769059755,15.5270333333,False
0,18952,460,15.4099971193,15.5270333333,False
0,18953,461,15.486260913,15.5603666667,False
0,18954,461,15.5282693047,15.5603666667,False
0,18955,461,15.5051572329,15.5603666667,False
0,18956,461,15.5193661425,15.5603666667,False
0,18957,461,15.4813585448,15.5603666667,False
0,18958,461,15.4596314878,15.5603666667,False
0,18959,461,15.50360035,15.5603666667,False
0,18960,461,15.4753788325,15.5603666667,False
0,18961,461,15.5561224298,15.5603666667,False
0,18962,461,15.5405952134,15.5603666667,False
0,18963,462,15.5089596704,15.5937,False
0,18964,462,15.5383941744,15.5937,False
0,18965,462,15.5207452375,15.5937,False
0,18966,462,15.4874708472,15.5937,False
0,18967,462,15.5370547612,15.5937,False
0,18968,462,15.521182381,15.5937,False
0,18969,463,15.5442512352,15.6270333333,False
0,18970,463,15.5577100512,15.6270333333,False
0,18971,463,15.5817438087,15.6270333333,False
0,18972,463,15.5780834684,15.6270333333,False
0,18973,463,15.6011385227,15.6270333333,False
0,18974,463,15.5785180286,15.6270333333,False
0,18975,463,15.5595016007,15.6270333333,False
0,18976,464,15.6213819441,15.6603666667,False
0,18977,464,15.5980516243,15.6603666667,False
0,18978,464,15.5432334356,15.6603666667,False
0,18979,464,15.6074581773,15.6603666667,False
0,18980,464,15.5439054881,15.6603666667,False
0,18981,464,15.5711888117,15.6603666667,False
0,18982,464,15.6164656218,15.6603666667,False
0,18983,464,15.5853532942,15.6603666667,False
0,18984,464,15.597802362,15.6603666667,False
0,18985,464,15.5788019651,15.6603666667,False
0,18986,464,15.6053630198,15.6603666667,False
0,18987,464,15.5813212002,15.6603666667,False
0,18988,464,15.5990735535,15.6603666667,False
0,18989,464,15.5479942079,15.6603666667,False
0,18990,464,15.6156662755,15.6603666667,False
0,18991,464,15.5681319813,15.6603666667,False
0,18992,464,15.6187132138,15.6603666667,False
0,18993,464,15.6071746828,15.6603666667,False
0,18994,464,15.6124779206,15.6603666667,False
0,18995,464,15.5570516119,15.6603666667,False
0,18996,464,15.5824585186,15.6603666667,False
0,18997,464,15.6089145149,15.6603666667,False
0,18998,464,15.5672989619,15.6603666667,False
0,18999,464,15.5770409904,15.6603666667,False
0,19000,464,15.5382028267,15.6603666667,False
0,19001,464,15.5993484917,15.6603666667,False
0,19002,464,15.6125232888,15.6603666667,False
0,19003,464,15.5995667875,15.6603666667,False
0,19004,464,15.5587925633,15.6603666667,False
0,19005,464,15.5596907808,15.6603666667,False
0,19006,464,15.5702891377,15.6603666667,False
0,19007,464,15.5870989747,15.6603666667,False
0,19008,464,15.5835007705,15.6603666667,False
0,19009,464,15.6059680333,15.6603666667,False
0,19010,464,15.5771997736,15.6603666667,False
0,19011,464,15.5900414687,15.6603666667,False
0,19012,464,15.5913771078,15.6603666667,False
0,19013,464,15.5798615596,15.6603666667,False
0,19014,464,15.6191529527,15.6603666667,False
0,19015,464,15.5473411224,15.6603666667,False
0,19016,464,15.6018139348,15.6603666667,False
0,19017,464,15.6206432712,15.6603666667,False
0,19018,464,15.6078415163,15.6603666667,False
0,19019,464,15.5833219935,15.6603666667,False
0,19020,464,15.5879128352,15.6603666667,False
0,19021,464,15.5507199197,15.6603666667,False
0,19022,464,15.5611407058,15.6603666667,False
0,19023,464,15.5878709217,15.6603666667,False
0,19024,464,15.555896963,15.6603666667,False
0,19025,464,15.5731520884,15.6603666667,False
0,19026,464,15.603026813,15.6603666667,False
0,19027,464,15.5700773057,15.6603666667,False
0,19028,464,15.6131979782,15.6603666667,False
0,19029,464,15.5918447547,15.6603666667,False
0,19030,464,15.56626061,15.6603666667,False
0,19031,464,15.5958996384,15.6603666667,False
0,19032,464,15.5701677184,15.6603666667,False
0,19033,464,15.6347127789,15.6603666667,False
0,19034,464,15.5442039076,15.6603666667,False
0,19035,464,15.5998881498,15.6603666667,False
0,19036,464,15.585279334,15.6603666667,False
0,19037,464,15.6312382671,15.6603666667,False
0,19038,464,15.585297066,15.6603666667,False
0,19039,464,15.6111098175,15.6603666667,False
0,19040,464,15.5691585997,15.6603666667,False
0,19041,464,15.5971474619,15.6603666667,False
0,19042,464,15.6137131014,15.6603666667,False
0,19043,464,15.6112455292,15.6603666667,False
0,19044,464,15.5760179214,15.6603666667,False
0,19045,464,15.5920666419,15.6603666667,False
0,19046,464,15.5721015083,15.6603666667,False
0,19047,464,15.5872574219,15.6603666667,False
0,19048,464,15.6147510695,15.6603666667,False
0,19049,464,15.6220583119,15.6603666667,False
0,19050,464,15.6052584624,15.6603666667,False
0,19051,464,15.6055939347,15.6603666667,False
0,19052,464,15.5803725565,15.6603666667,False
0,19053,464,15.5934553335,15.6603666667,False
0,19054,464,15.5908574148,15.6603666667,False
0,19055,464,15.5614495877,15.6603666667,False
0,19056,464,15.6137069138,15.6603666667,False
0,19057,464,15.5846193882,15.6603666667,False
0,19058,464,15.5717364599,15.6603666667,False
0,19059,464,15.5517231788,15.6603666667,False
0,19060,464,15.5893213575,15.6603666667,False
0,19061,464,15.5817555311,15.6603666667,False
0,19062,464,15.5765798008,15.6603666667,False
0,19063,464,15.6494951184,15.6603666667,False
0,19064,464,15.5964036312,15.6603666667,False
0,19065,464,15.5742711575,15.6603666667,False
0,19066,464,15.571811224,15.6603666667,False
0,19067,464,15.6130310939,15.6603666667,False
0,19068,464,15.6096829952,15.6603666667,False
0,19069,464,15.5758455436,15.6603666667,False
0,19070,464,15.597144352,15.6603666667,False
0,19071,464,15.627455664,15.6603666667,False
0,19072,464,15.6332753368,15.6603666667,False
0,19073,464,15.6157459322,15.6603666667,False
0,19074,464,15.6087710403,15.6603666667,False
0,19075,464,15.5903877644,15.6603666667,False
0,19076,464,15.5561839613,15.6603666667,False
0,19077,464,15.6053606487,15.6603666667,False
0,19078,464,15.58181167,15.6603666667,False
0,19079,464,15.5592525349,15.6603666667,False
0,19080,464,15.6070220106,15.6603666667,False
0,19081,464,15.5567296248,15.6603666667,False
0,19082,464,15.5605094456,15.6603666667,False
0,19083,464,15.6004070239,15.6603666667,False
0,19084,464,15.6049613228,15.6603666667,False
0,19085,464,15.5896803482,15.6603666667,False
0,19086,464,15.5254216473,15.6603666667,False
0,19087,464,15.6088388892,15.6603666667,False
0,19088,464,15.5426235697,15.6603666667,False
0,19089,464,15.6020284311,15.6603666667,False
0,19090,464,15.592644049,15.6603666667,False
0,19091,464,15.5813500125,15.6603666667,False
0,19092,464,15.5557502308,15.6603666667,False
0,19093,464,15.6122224693,15.6603666667,False
0,19094,464,15.5977063532,15.6603666667,False
0,19095,464,15.5536054868,15.6603666667,False
0,19096,464,15.5875538903,15.6603666667,False
0,19097,464,15.612926194,15.6603666667,False
0,19098,464,15.6527197994,15.6603666667,False
0,19099,464,15.5731443631,15.6603666667,False
0,19100,464,15.5939467029,15.6603666667,False
0,19101,464,15.5769433371,15.6603666667,False
0,19102,464,15.5546545676,15.6603666667,False
0,19103,464,15.627105539,15.6603666667,False
0,19104,464,15.548391743,15.6603666667,False
0,19105,464,15.5652638574,15.6603666667,False
0,19106,464,15.5954632432,15.6603666667,False
0,19107,464,15.5642642096,15.6603666667,False
0,19108,464,15.598538252,15.6603666667,False
0,19109,464,15.585121643,15.6603666667,False
0,19110,464,15.6171782868,15.6603666667,False
0,19111,464,15.5822547637,15.6603666667,False
0,19112,464,15.5948546351,15.6603666667,False
0,19113,464,15.5795204613,15.6603666667,False
0,19114,464,15.6059602403,15.6603666667,False
0,19115,464,15.598289948,15.6603666667,False
0,19116,464,15.5617607959,15.6603666667,False
0,19117,464,15.6048611522,15.6603666667,False
0,19118,464,15.6108481651,15.6603666667,False
0,19119,464,15.5705016636,15.6603666667,False
0,19120,464,15.5857524509,15.6603666667,False
0,19121,464,15.5678913913,15.6603666667,False
0,19122,464,15.6151230307,15.6603666667,False
0,19123,464,15.5514274227,15.6603666667,False
0,19124,464,15.6468630308,15.6603666667,False
0,19125,464,15.6127364758,15.6603666667,False
0,19126,464,15.6063814831,15.6603666667,False
0,19127,464,15.6067335597,15.6603666667,False
0,19128,464,15.5929505509,15.6603666667,False
0,19129,464,15.5841139184,15.6603666667,False
0,19130,464,15.5717355758,15.6603666667,False
0,19131,464,15.5810893844,15.6603666667,False
0,19132,464,15.5391087302,15.6603666667,False
0,19133,464,15.5670295415,15.6603666667,False
0,19134,464,15.572915796,15.6603666667,False
0,19135,464,15.6098589457,15.6603666667,False
0,19136,464,15.5469040157,15.6603666667,False
0,19137,464,15.5968556422,15.6603666667,False
0,19138,464,15.5840953155,15.6603666667,False
0,19139,464,15.5571132668,15.6603666667,False
0,19140,464,15.5948756186,15.6603666667,False
0,19141,464,15.6090831955,15.6603666667,False
0,19142,464,15.5978492701,15.6603666667,False
0,19143,464,15.5929529051,15.6603666667,False
0,19144,464,15.588496256,15.6603666667,False
0,19145,464,15.6151626615,15.6603666667,False
0,19146,464,15.5734647885,15.6603666667,False
0,19147,464,15.5520950389,15.6603666667,False
0,19148,464,15.5864452454,15.6603666667,False
0,19149,464,15.5660381914,15.6603666667,False
0,19150,464,15.6177857774,15.6603666667,False
0,19151,464,15.58800402,15.6603666667,False
0,19152,464,15.5923420056,15.6603666667,False
0,19153,464,15.6151256598,15.6603666667,False
0,19154,464,15.5789075513,15.6603666667,False
0,19155,464,15.6106452398,15.6603666667,False
0,19156,464,15.5637294468,15.6603666667,False
0,19157,464,15.5743148611,15.6603666667,False
0,19158,464,15.570383649,15.6603666667,False
0,19159,464,15.6214769417,15.6603666667,False
0,19160,464,15.5578660585,15.6603666667,False
0,19161,464,15.5506208986,15.6603666667,False
0,19162,464,15.5951796142,15.6603666667,False
0,19163,464,15.6208266253,15.6603666667,False
0,19164,464,15.6081160549,15.6603666667,False
0,19165,464,15.5914530184,15.6603666667,False
0,19166,464,15.6363355291,15.6603666667,False
0,19167,464,15.6285572273,15.6603666667,False
0,19168,464,15.6060110819,15.6603666667,False
0,19169,464,15.5764199584,15.6603666667,False
0,19170,464,15.590542495,15.6603666667,False
0,19171,464,15.6232228316,15.6603666667,False
0,19172,464,15.5818872058,15.6603666667,False
0,19173,464,15.571838879,15.6603666667,False
0,19174,464,15.6225910509,15.6603666667,False
0,19175,464,15.5731604144,15.6603666667,False
0,19176,464,15.5563135184,15.6603666667,False
0,19177,464,15.5463402777,15.6603666667,False
0,19178,464,15.6060289141,15.6603666667,False
0,19179,464,15.5509688883,15.6603666667,False
0,19180,464,15.6135568487,15.6603666667,False
0,19181,464,15.6186062513,15.6603666667,False
0,19182,464,15.5862291842,15.6603666667,False
0,19183,464,15.6055745586,15.6603666667,False
0,19184,464,15.5866752827,15.6603666667,False
0,19185,464,15.5962979556,15.6603666667,False
0,19186,464,15.5797661892,15.6603666667,False
0,19187,464,15.5530576267,15.6603666667,False
0,19188,464,15.6106784941,15.6603666667,False
0,19189,464,15.5779401293,15.6603666667,False
0,19190,464,15.5465178657,15.6603666667,False
0,19191,464,15.5894694566,15.6603666667,False
0,19192,464,15.6180958315,15.6603666667,False
0,19193,464,15.5890463498,15.6603666667,False
0,19194,464,15.5881471642,15.6603666667,False
0,19195,464,15.6123469542,15.6603666667,False
0,19196,464,15.5631236326,15.6603666667,False
0,19197,464,15.5865398472,15.6603666667,False
0,19198,464,15.6174857795,15.6603666667,False
0,19199,464,15.5978672134,15.6603666667,False
0,19200,464,15.5872282545,15.6603666667,False
0,19201,464,15.5933286778,15.6603666667,False
0,19202,464,15.6101676322,15.6603666667,False
0,19203,464,15.6251453438,15.6603666667,False
0,19204,464,15.6062077813,15.6603666667,False
0,19205,464,15.6180296827,15.6603666667,False
0,19206,464,15.5908216127,15.6603666667,False
0,19207,464,15.5594339427,15.6603666667,False
0,19208,464,15.6047391234,15.6603666667,False
0,19209,464,15.5498074861,15.6603666667,False
0,19210,464,15.6036486213,15.6603666667,False
0,19211,464,15.5943582244,15.6603666667,False
0,19212,464,15.6047390407,15.6603666667,False
0,19213,464,15.6066922731,15.6603666667,False
0,19214,464,15.5976787163,15.6603666667,False
0,19215,464,15.5476961717,15.6603666667,False
0,19216,464,15.6047133909,15.6603666667,False
0,19217,464,15.5931214407,15.6603666667,False
0,19218,464,15.541992323,15.6603666667,False
0,19219,464,15.6004015441,15.6603666667,False
0,19220,464,15.641584927,15.6603666667,False
0,19221,464,15.6124856985,15.6603666667,False
0,19222,464,15.5961247506,15.6603666667,False
0,19223,464,15.6001576089,15.6603666667,False
0,19224,464,15.6068026722,15.6603666667,False
0,19225,464,15.5721373982,15.6603666667,False
0,19226,464,15.5796036832,15.6603666667,False
0,19227,464,15.5820314589,15.6603666667,False
0,19228,464,15.6157304737,15.6603666667,False
0,19229,464,15.6051438944,15.6603666667,False
0,19230,464,15.6362140209,15.6603666667,False
0,19231,464,15.5728347523,15.6603666667,False
0,19232,464,15.5622236398,15.6603666667,False
0,19233,464,15.5941905335,15.6603666667,False
0,19234,464,15.5672528613,15.6603666667,False
0,19235,464,15.5807330913,15.6603666667,False
0,19236,464,15.5898594444,15.6603666667,False
0,19237,464,15.6338796902,15.6603666667,False
0,19238,464,15.6141446813,15.6603666667,False
0,19239,464,15.6086744246,15.6603666667,False
0,19240,464,15.5822349298,15.6603666667,False
0,19241,464,15.6254237859,15.6603666667,False
0,19242,464,15.5664891988,15.6603666667,False
0,19243,464,15.6000085816,15.6603666667,False
0,19244,464,15.5793786729,15.6603666667,False
0,19245,464,15.576240939,15.6603666667,False
0,19246,464,15.6170040295,15.6603666667,False
0,19247,464,15.5768500282,15.6603666667,False
0,19248,464,15.5854701207,15.6603666667,False
0,19249,464,15.5898541201,15.6603666667,False
0,19250,464,15.5855067495,15.6603666667,False
0,19251,464,15.6188898878,15.6603666667,False
0,19252,464,15.6158865012,15.6603666667,False
0,19253,464,15.6009549996,15.6603666667,False
0,19254,464,15.5526191198,15.6603666667,False
0,19255,464,15.5955855327,15.6603666667,False
0,19256,464,15.6286835746,15.6603666667,False
0,19257,464,15.6520889522,15.6603666667,False
0,19258,464,15.5867409395,15.6603666667,False
0,19259,464,15.5951261643,15.6603666667,False
0,19260,464,15.5917678648,15.6603666667,False
0,19261,464,15.6234983994,15.6603666667,False
0,19262,464,15.6363174712,15.6603666667,False
0,19263,464,15.6004604338,15.6603666667,False
0,19264,464,15.5785110531,15.6603666667,False
0,19265,464,15.5897566242,15.6603666667,False
0,19266,464,15.624417976,15.6603666667,False
0,19267,464,15.5456397645,15.6603666667,False
0,19268,464,15.5977624078,15.6603666667,False
0,19269,464,15.5836086717,15.6603666667,False
0,19270,464,15.6054982442,15.6603666667,False
0,19271,464,15.578339514,15.6603666667,False
0,19272,464,15.6245892167,15.6603666667,False
0,19273,464,15.5883284566,15.6603666667,False
0,19274,464,15.6313993144,15.6603666667,False
0,19275,464,15.5597451697,15.6603666667,False
0,19276,464,15.5701398255,15.6603666667,False
0,19277,464,15.5814427986,15.6603666667,False
0,19278,464,15.5621421164,15.6603666667,False
0,19279,465,15.578308981,15.6937,False
0,19280,465,15.592418282,15.6937,False
0,19281,465,15.5949452392,15.6937,False
0,19282,465,15.6369382961,15.6937,False
0,19283,465,15.6131189678,15.6937,False
0,19284,465,15.6121758841,15.6937,False
0,19285,465,15.644294187,15.6937,False
0,19286,465,15.651446029,15.6937,False
0,19287,465,15.6143700775,15.6937,False
0,19288,465,15.6554731032,15.6937,False
0,19289,465,15.6142383064,15.6937,False
0,19290,466,15.6505503034,15.7270333333,False
0,19291,466,15.6355256095,15.7270333333,False
0,19292,466,15.657499729,15.7270333333,False
0,19293,466,15.6697343235,15.7270333333,False
0,19294,466,15.6696388771,15.7270333333,False
0,19295,466,15.6932017536,15.7270333333,False
0,19296,466,15.6330786104,15.7270333333,False
0,19297,466,15.6824913091,15.7270333333,False
0,19298,467,15.7201831131,15.7603666667,False
0,19299,467,15.6995549058,15.7603666667,False
0,19300,467,15.6970114019,15.7603666667,False
0,19301,467,15.7374946937,15.7603666667,False
0,19302,467,15.6975395323,15.7603666667,False
0,19303,467,15.6763572829,15.7603666667,False
0,19304,467,15.6551683292,15.7603666667,False
0,19305,468,15.7289722778,15.7937,False
0,19306,468,15.7302414243,15.7937,False
0,19307,468,15.6858060858,15.7937,False
0,19308,468,15.7242978941,15.7937,False
0,19309,468,15.7292737377,15.7937,False
0,19310,468,15.710827073,15.7937,False
0,19311,468,15.739170019,15.7937,False
0,19312,469,15.7774621873,15.8270333333,False
0,19313,469,15.7233722676,15.8270333333,False
0,19314,469,15.7573936125,15.8270333333,False
0,19315,469,15.76709118,15.8270333333,False
0,19316,469,15.7941864039,15.8270333333,False
0,19317,469,15.7745105218,15.8270333333,False
0,19318,469,15.7725809665,15.8270333333,False
0,19319,469,15.7232311187,15.8270333333,False
0,19320,469,15.7288558821,15.8270333333,False
0,19321,469,15.7579358856,15.8270333333,False
0,19322,469,15.756335882,15.8270333333,False
0,19323,469,15.7637968373,15.8270333333,False
0,19324,469,15.7786390305,15.8270333333,False
0,19325,469,15.8019908561,15.8270333333,False
0,19326,469,15.7382543272,15.8270333333,False
0,19327,469,15.7494784491,15.8270333333,False
0,19328,469,15.7088890842,15.8270333333,False
0,19329,469,15.7340137482,15.8270333333,False
0,19330,469,15.7955524713,15.8270333333,False
0,19331,469,15.7372447478,15.8270333333,False
0,19332,469,15.7555326746,15.8270333333,False
0,19333,469,15.7805545073,15.8270333333,False
0,19334,469,15.6992236645,15.8270333333,False
0,19335,469,15.701161731,15.8270333333,False
0,19336,469,15.752039322,15.8270333333,False
0,19337,469,15.7592878283,15.8270333333,False
0,19338,469,15.7135319488,15.8270333333,False
0,19339,469,15.7720160266,15.8270333333,False
0,19340,469,15.7530252513,15.8270333333,False
0,19341,469,15.7678174127,15.8270333333,False
0,19342,469,15.7396233625,15.8270333333,False
0,19343,469,15.7383686341,15.8270333333,False
0,19344,469,15.7808193704,15.8270333333,False
0,19345,469,15.762352231,15.8270333333,False
0,19346,469,15.7562858944,15.8270333333,False
0,19347,469,15.701674337,15.8270333333,False
0,19348,469,15.7680051449,15.8270333333,False
0,19349,469,15.703026473,15.8270333333,False
0,19350,469,15.7782475911,15.8270333333,False
0,19351,469,15.7803699306,15.8270333333,False
0,19352,469,15.7115555147,15.8270333333,False
0,19353,469,15.7914662893,15.8270333333,False
0,19354,469,15.7386926144,15.8270333333,False
0,19355,469,15.7338511574,15.8270333333,False
0,19356,469,15.7904185758,15.8270333333,False
0,19357,469,15.7413619486,15.8270333333,False
0,19358,469,15.7227419176,15.8270333333,False
0,19359,469,15.7527646263,15.8270333333,False
0,19360,469,15.7761492366,15.8270333333,False
0,19361,469,15.7494900743,15.8270333333,False
0,19362,469,15.7308747551,15.8270333333,False
0,19363,469,15.7691022916,15.8270333333,False
0,19364,469,15.7889020404,15.8270333333,False
0,19365,469,15.7437717484,15.8270333333,False
0,19366,469,15.7191996273,15.8270333333,False
0,19367,469,15.750503044,15.8270333333,False
0,19368,469,15.7363247774,15.8270333333,False
0,19369,469,15.7944496289,15.8270333333,False
0,19370,469,15.7532701061,15.8270333333,False
0,19371,469,15.7539834436,15.8270333333,False
0,19372,469,15.755642276,15.8270333333,False
0,19373,469,15.7985983887,15.8270333333,False
0,19374,469,15.7632216143,15.8270333333,False
0,19375,469,15.7288388052,15.8270333333,False
0,19376,469,15.7525058373,15.8270333333,False
0,19377,469,15.8061713163,15.8270333333,False
0,19378,469,15.8235926565,15.8270333333,False
0,19379,469,15.7465460616,15.8270333333,False
0,19380,469,15.7547670069,15.8270333333,False
0,19381,469,15.7502328749,15.8270333333,False
0,19382,469,15.7779480409,15.8270333333,False
0,19383,469,15.780979797,15.8270333333,False
0,19384,469,15.7837964631,15.8270333333,False
0,19385,469,15.7486763881,15.8270333333,False
0,19386,469,15.7367687606,15.8270333333,False
0,19387,469,15.7600567456,15.8270333333,False
0,19388,469,15.7334914481,15.8270333333,False
0,19389,469,15.7531320296,15.8270333333,False
0,19390,469,15.766933439,15.8270333333,False
0,19391,469,15.751812807,15.8270333333,False
0,19392,469,15.7926219299,15.8270333333,False
0,19393,469,15.7334801945,15.8270333333,False
0,19394,469,15.7586884734,15.8270333333,False
0,19395,469,15.7591368311,15.8270333333,False
0,19396,469,15.7734615971,15.8270333333,False
0,19397,469,15.7875782971,15.8270333333,False
0,19398,469,15.776474994,15.8270333333,False
0,19399,469,15.7491117247,15.8270333333,False
0,19400,469,15.7546969384,15.8270333333,False
0,19401,469,15.7465075934,15.8270333333,False
0,19402,469,15.7699217626,15.8270333333,False
0,19403,469,15.7468859475,15.8270333333,False
0,19404,469,15.7820323434,15.8270333333,False
0,19405,469,15.7805938998,15.8270333333,False
0,19406,469,15.7643072553,15.8270333333,False
0,19407,469,15.743273605,15.8270333333,False
0,19408,469,15.7583822919,15.8270333333,False
0,19409,469,15.7695658092,15.8270333333,False
0,19410,469,15.7344049791,15.8270333333,False
0,19411,469,15.7431555819,15.8270333333,False
0,19412,469,15.733844701,15.8270333333,False
0,19413,469,15.7753218728,15.8270333333,False
0,19414,469,15.7652796664,15.8270333333,False
0,19415,469,15.7417597325,15.8270333333,False
0,19416,469,15.7779883691,15.8270333333,False
0,19417,469,15.7539385298,15.8270333333,False
0,19418,469,15.7816520676,15.8270333333,False
0,19419,469,15.7589779709,15.8270333333,False
0,19420,469,15.7890378367,15.8270333333,False
0,19421,469,15.7657464944,15.8270333333,False
0,19422,469,15.8029678417,15.8270333333,False
0,19423,469,15.7480269028,15.8270333333,False
0,19424,469,15.7289576916,15.8270333333,False
0,19425,469,15.7581555074,15.8270333333,False
0,19426,469,15.7832993786,15.8270333333,False
0,19427,469,15.7122019966,15.8270333333,False
0,19428,469,15.7668818597,15.8270333333,False
0,19429,469,15.7776626919,15.8270333333,False
0,19430,469,15.7759801676,15.8270333333,False
0,19431,469,15.7435937607,15.8270333333,False
0,19432,469,15.7673021024,15.8270333333,False
0,19433,469,15.7385931855,15.8270333333,False
0,19434,469,15.7818436341,15.8270333333,False
0,19435,469,15.7949155818,15.8270333333,False
0,19436,469,15.7669201246,15.8270333333,False
0,19437,469,15.8059139183,15.8270333333,False
0,19438,469,15.7478117356,15.8270333333,False
0,19439,469,15.7234620357,15.8270333333,False
0,19440,469,15.7159859116,15.8270333333,False
0,19441,469,15.7537600295,15.8270333333,False
0,19442,469,15.7268690946,15.8270333333,False
0,19443,469,15.738337332,15.8270333333,False
0,19444,469,15.7338936188,15.8270333333,False
0,19445,469,15.7451404329,15.8270333333,False
0,19446,469,15.7259569415,15.8270333333,False
0,19447,469,15.7662099277,15.8270333333,False
0,19448,469,15.7873124941,15.8270333333,False
0,19449,469,15.7084610406,15.8270333333,False
0,19450,469,15.745908991,15.8270333333,False
0,19451,469,15.7473383299,15.8270333333,False
0,19452,469,15.7600204369,15.8270333333,False
0,19453,469,15.752133835,15.8270333333,False
0,19454,469,15.7874894234,15.8270333333,False
0,19455,469,15.7302151138,15.8270333333,False
0,19456,469,15.7163129013,15.8270333333,False
0,19457,469,15.7338482086,15.8270333333,False
0,19458,469,15.7571907418,15.8270333333,False
0,19459,469,15.7859260922,15.8270333333,False
0,19460,469,15.7453775496,15.8270333333,False
0,19461,469,15.7309432285,15.8270333333,False
0,19462,469,15.7599071482,15.8270333333,False
0,19463,469,15.782523857,15.8270333333,False
0,19464,469,15.7936572078,15.8270333333,False
0,19465,469,15.7573602051,15.8270333333,False
0,19466,469,15.7384496969,15.8270333333,False
0,19467,469,15.7550767535,15.8270333333,False
0,19468,469,15.7607099605,15.8270333333,False
0,19469,469,15.8081299006,15.8270333333,False
0,19470,469,15.7785251724,15.8270333333,False
0,19471,469,15.7639533505,15.8270333333,False
0,19472,469,15.7346790117,15.8270333333,False
0,19473,469,15.7913822327,15.8270333333,False
0,19474,469,15.7731786023,15.8270333333,False
0,19475,469,15.7416417498,15.8270333333,False
0,19476,469,15.7407854747,15.8270333333,False
0,19477,469,15.7895713437,15.8270333333,False
0,19478,469,15.7221609536,15.8270333333,False
0,19479,469,15.8054198281,15.8270333333,False
0,19480,469,15.7621359512,15.8270333333,False
0,19481,469,15.7592755999,15.8270333333,False
0,19482,469,15.7923414548,15.8270333333,False
0,19483,469,15.7565436228,15.8270333333,False
0,19484,469,15.7810431602,15.8270333333,False
0,19485,469,15.786346225,15.8270333333,False
0,19486,469,15.7719600676,15.8270333333,False
0,19487,469,15.7214713106,15.8270333333,False
0,19488,469,15.7270855223,15.8270333333,False
0,19489,469,15.7523629751,15.8270333333,False
0,19490,469,15.701770644,15.8270333333,False
0,19491,469,15.7780940381,15.8270333333,False
0,19492,469,15.7859742029,15.8270333333,False
0,19493,469,15.756224087,15.8270333333,False
0,19494,469,15.7306927503,15.8270333333,False
0,19495,469,15.7286239503,15.8270333333,False
0,19496,469,15.731170251,15.8270333333,False
0,19497,469,15.7942419395,15.8270333333,False
0,19498,469,15.7577840147,15.8270333333,False
0,19499,469,15.7611841393,15.8270333333,False
0,19500,469,15.7853353521,15.8270333333,False
0,19501,469,15.760179993,15.8270333333,False
0,19502,469,15.7532930743,15.8270333333,False
0,19503,469,15.7784218375,15.8270333333,False
0,19504,469,15.76708284,15.8270333333,False
0,19505,469,15.7103813802,15.8270333333,False
0,19506,469,15.7511544937,15.8270333333,False
0,19507,469,15.787852792,15.8270333333,False
0,19508,469,15.7843876208,15.8270333333,False
0,19509,469,15.7350952599,15.8270333333,False
0,19510,469,15.7430844593,15.8270333333,False
0,19511,469,15.7030662103,15.8270333333,False
0,19512,469,15.7455521779,15.8270333333,False
0,19513,469,15.7634800865,15.8270333333,False
0,19514,469,15.7528834255,15.8270333333,False
0,19515,469,15.7607969288,15.8270333333,False
0,19516,469,15.7527175252,15.8270333333,False
0,19517,469,15.7643001517,15.8270333333,False
0,19518,469,15.7341804943,15.8270333333,False
0,19519,469,15.749559224,15.8270333333,False
0,19520,469,15.7852048684,15.8270333333,False
0,19521,469,15.7552142758,15.8270333333,False
0,19522,469,15.7613735824,15.8270333333,False
0,19523,469,15.7548902974,15.8270333333,False
0,19524,469,15.7549539327,15.8270333333,False
0,19525,469,15.7906340045,15.8270333333,False
0,19526,469,15.7595661157,15.8270333333,False
0,19527,469,15.7294802004,15.8270333333,False
0,19528,469,15.7423318803,15.8270333333,False
0,19529,469,15.7597632014,15.8270333333,False
0,19530,469,15.7466897584,15.8270333333,False
0,19531,469,15.7314377103,15.8270333333,False
0,19532,469,15.808809387,15.8270333333,False
0,19533,469,15.7713872675,15.8270333333,False
0,19534,469,15.763664203,15.8270333333,False
0,19535,469,15.7896717519,15.8270333333,False
0,19536,469,15.7665378798,15.8270333333,False
0,19537,469,15.7523376703,15.8270333333,False
0,19538,469,15.8093326722,15.8270333333,False
0,19539,469,15.7953578189,15.8270333333,False
0,19540,469,15.7397727344,15.8270333333,False
0,19541,469,15.767694585,15.8270333333,False
0,19542,469,15.7440780077,15.8270333333,False
0,19543,469,15.7791730959,15.8270333333,False
0,19544,469,15.7225913582,15.8270333333,False
0,19545,469,15.7524260207,15.8270333333,False
0,19546,469,15.7621213611,15.8270333333,False
0,19547,469,15.7773412475,15.8270333333,False
0,19548,469,15.7652442708,15.8270333333,False
0,19549,469,15.7742708161,15.8270333333,False
0,19550,469,15.7571632771,15.8270333333,False
0,19551,469,15.7500757388,15.8270333333,False
0,19552,469,15.7694508357,15.8270333333,False
0,19553,469,15.7805348515,15.8270333333,False
0,19554,469,15.7384907993,15.8270333333,False
0,19555,469,15.7835555446,15.8270333333,False
0,19556,469,15.7607476842,15.8270333333,False
0,19557,469,15.7500508055,15.8270333333,False
0,19558,469,15.7133978441,15.8270333333,False
0,19559,469,15.7712664765,15.8270333333,False
0,19560,469,15.7639639569,15.8270333333,False
0,19561,469,15.7741706946,15.8270333333,False
0,19562,469,15.7514005659,15.8270333333,False
0,19563,469,15.71142519,15.8270333333,False
0,19564,469,15.7034608292,15.8270333333,False
0,19565,469,15.7607940497,15.8270333333,False
0,19566,469,15.7832321137,15.8270333333,False
0,19567,469,15.8028393199,15.8270333333,False
0,19568,469,15.7308795572,15.8270333333,False
0,19569,469,15.7507667972,15.8270333333,False
0,19570,469,15.7335723614,15.8270333333,False
0,19571,469,15.7636254427,15.8270333333,False
0,19572,469,15.7579660563,15.8270333333,False
0,19573,469,15.7587576176,15.8270333333,False
0,19574,469,15.730029284,15.8270333333,False
0,19575,469,15.7472756802,15.8270333333,False
0,19576,469,15.7798711756,15.8270333333,False
0,19577,469,15.7658431878,15.8270333333,False
0,19578,469,15.7372120872,15.8270333333,False
0,19579,469,15.744648988,15.8270333333,False
0,19580,469,15.7235324057,15.8270333333,False
0,19581,469,15.746541353,15.8270333333,False
0,19582,469,15.7712541096,15.8270333333,False
0,19583,469,15.7446167827,15.8270333333,False
0,19584,469,15.755020057,15.8270333333,False
0,19585,469,15.7490421612,15.8270333333,False
0,19586,469,15.7163853578,15.8270333333,False
0,19587,469,15.7454830601,15.8270333333,False
0,19588,469,15.7712434854,15.8270333333,False
0,19589,469,15.7612803264,15.8270333333,False
0,19590,469,15.7666250206,15.8270333333,False
0,19591,469,15.7694370005,15.8270333333,False
0,19592,469,15.767683228,15.8270333333,False
0,19593,469,15.7705952681,15.8270333333,False
0,19594,469,15.6868856656,15.8270333333,False
0,19595,469,15.7170552143,15.8270333333,False
0,19596,469,15.785062016,15.8270333333,False
0,19597,469,15.7483637448,15.8270333333,False
0,19598,469,15.7546283822,15.8270333333,False
0,19599,469,15.7533556428,15.8270333333,False
0,19600,469,15.7517231552,15.8270333333,False
0,19601,469,15.6916900499,15.8270333333,False
0,19602,469,15.7490168431,15.8270333333,False
0,19603,469,15.7798143331,15.8270333333,False
0,19604,469,15.7555938516,15.8270333333,False
0,19605,469,15.7356950477,15.8270333333,False
0,19606,469,15.7655213287,15.8270333333,False
0,19607,469,15.6970401347,15.8270333333,False
0,19608,469,15.7471138573,15.8270333333,False
0,19609,469,15.7662497101,15.8270333333,False
0,19610,469,15.7638332128,15.8270333333,False
0,19611,469,15.7460129247,15.8270333333,False
0,19612,469,15.752506223,15.8270333333,False
0,19613,469,15.7748232714,15.8270333333,False
0,19614,469,15.7561266959,15.8270333333,False
0,19615,469,15.7726881083,15.8270333333,False
0,19616,470,15.8121190325,15.8603666667,False
0,19617,470,15.7742041147,15.8603666667,False
0,19618,470,15.7773574716,15.8603666667,False
0,19619,470,15.7916675267,15.8603666667,False
0,19620,470,15.7858818076,15.8603666667,False
0,19621,470,15.7957069922,15.8603666667,False
0,19622,470,15.8151538582,15.8603666667,False
0,19623,470,15.807412899,15.8603666667,False
0,19624,470,15.7847972166,15.8603666667,False
0,19625,470,15.7887511168,15.8603666667,False
0,19626,470,15.7608064847,15.8603666667,False
0,19627,470,15.7454802132,15.8603666667,False
0,19628,471,15.8394228417,15.8937,False
0,19629,471,15.8274619059,15.8937,False
0,19630,471,15.8222546894,15.8937,False
0,19631,471,15.8293645474,15.8937,False
0,19632,471,15.8299621001,15.8937,False
0,19633,471,15.8215483984,15.8937,False
0,19634,471,15.8215599549,15.8937,False
0,19635,471,15.8493142821,15.8937,False
0,19636,472,15.8502736182,15.9270333333,False
0,19637,472,15.8313462093,15.9270333333,False
0,19638,472,15.8711346883,15.9270333333,False
0,19639,472,15.8413377832,15.9270333333,False
0,19640,472,15.8719424984,15.9270333333,False
0,19641,472,15.8325762192,15.9270333333,False
0,19642,473,15.899324573,15.9603666667,False
0,19643,473,15.8721683995,15.9603666667,False
0,19644,473,15.8418943727,15.9603666667,False
0,19645,473,15.8441282411,15.9603666667,False
0,19646,473,15.8978194704,15.9603666667,False
0,19647,473,15.8782839848,15.9603666667,False
0,19648,474,15.9526109821,15.9937,False
0,19649,474,15.9496781048,15.9937,False
0,19650,474,15.9292950415,15.9937,False
0,19651,474,15.9183818444,15.9937,False
0,19652,474,15.9221725774,15.9937,False
0,19653,474,15.9228840255,15.9937,False
0,19654,474,15.9293111902,15.9937,False
0,19655,474,15.9281938672,15.9937,False
0,19656,474,15.9370573776,15.9937,False
0,19657,474,15.925623847,15.9937,False
0,19658,474,15.9225299784,15.9937,False
0,19659,474,15.9318091168,15.9937,False
0,19660,474,15.9031795895,15.9937,False
0,19661,474,15.9678102038,15.9937,False
0,19662,474,15.8473712532,15.9937,False
0,19663,474,15.9408112258,15.9937,False
0,19664,474,15.9421424449,15.9937,False
0,19665,474,15.952862746,15.9937,False
0,19666,474,15.9572295232,15.9937,False
0,19667,474,15.9529613566,15.9937,False
0,19668,474,15.9678979284,15.9937,False
0,19669,474,15.8887966977,15.9937,False
0,19670,474,15.9494031127,15.9937,False
0,19671,474,15.9036124985,15.9937,False
0,19672,474,15.9627612592,15.9937,False
0,19673,474,15.9233189803,15.9937,False
0,19674,474,15.8998976627,15.9937,False
0,19675,474,15.9160407744,15.9937,False
0,19676,474,15.9197178513,15.9937,False
0,19677,474,15.9263010086,15.9937,False
0,19678,474,15.9196139985,15.9937,False
0,19679,474,15.9071539921,15.9937,False
0,19680,474,15.9319119017,15.9937,False
0,19681,474,15.9524235034,15.9937,False
0,19682,474,15.9179539246,15.9937,False
0,19683,474,15.9465497447,15.9937,False
0,19684,474,15.9222384307,15.9937,False
0,19685,474,15.9070274019,15.9937,False
0,19686,474,15.9401720821,15.9937,False
0,19687,474,15.9047569517,15.9937,False
0,19688,474,15.9318976873,15.9937,False
0,19689,474,15.8990557193,15.9937,False
0,19690,474,15.912875846,15.9937,False
0,19691,474,15.9198739048,15.9937,False
0,19692,474,15.8836263009,15.9937,False
0,19693,474,15.9333050179,15.9937,False
0,19694,474,15.8896406048,15.9937,False
0,19695,474,15.9206393762,15.9937,False
0,19696,474,15.9556209148,15.9937,False
0,19697,474,15.9137877815,15.9937,False
0,19698,474,15.8941553355,15.9937,False
0,19699,474,15.8888495,15.9937,False
0,19700,474,15.9446020722,15.9937,False
0,19701,474,15.951562711,15.9937,False
0,19702,474,15.9382388855,15.9937,False
0,19703,474,15.9450693901,15.9937,False
0,19704,474,15.9065593399,15.9937,False
0,19705,474,15.9044309461,15.9937,False
0,19706,474,15.8711510504,15.9937,False
0,19707,474,15.9165620098,15.9937,False
0,19708,474,15.9224261357,15.9937,False
0,19709,474,15.9176284924,15.9937,False
0,19710,474,15.9193113703,15.9937,False
0,19711,474,15.897551446,15.9937,False
0,19712,474,15.894116866,15.9937,False
0,19713,474,15.9154315595,15.9937,False
0,19714,474,15.9507373205,15.9937,False
0,19715,474,15.9595073305,15.9937,False
0,19716,474,15.9466905775,15.9937,False
0,19717,474,15.9236824542,15.9937,False
0,19718,474,15.9475691577,15.9937,False
0,19719,474,15.9202314534,15.9937,False
0,19720,474,15.9400889795,15.9937,False
0,19721,474,15.9318867713,15.9937,False
0,19722,474,15.9183489824,15.9937,False
0,19723,474,15.8969879213,15.9937,False
0,19724,474,15.8976677722,15.9937,False
0,19725,474,15.924090559,15.9937,False
0,19726,474,15.9378652368,15.9937,False
0,19727,474,15.9448429761,15.9937,False
0,19728,474,15.9387903923,15.9937,False
0,19729,474,15.9023206176,15.9937,False
0,19730,474,15.8973488345,15.9937,False
0,19731,474,15.9069648875,15.9937,False
0,19732,474,15.8926254975,15.9937,False
0,19733,474,15.9335967446,15.9937,False
0,19734,474,15.9354387218,15.9937,False
0,19735,474,15.9597650119,15.9937,False
0,19736,474,15.947151078,15.9937,False
0,19737,474,15.941854245,15.9937,False
0,19738,474,15.9234797733,15.9937,False
0,19739,474,15.9399400841,15.9937,False
0,19740,474,15.9444221019,15.9937,False
0,19741,474,15.9296337883,15.9937,False
0,19742,474,15.8989786636,15.9937,False
0,19743,474,15.9133874362,15.9937,False
0,19744,474,15.9040794251,15.9937,False
0,19745,474,15.9302916386,15.9937,False
0,19746,474,15.9117104442,15.9937,False
0,19747,474,15.9432279764,15.9937,False
0,19748,474,15.8868715126,15.9937,False
0,19749,474,15.8878237298,15.9937,False
0,19750,474,15.9780965174,15.9937,False
0,19751,474,15.9487925317,15.9937,False
0,19752,474,15.927132515,15.9937,False
0,19753,474,15.9095230325,15.9937,False
0,19754,474,15.9094519406,15.9937,False
0,19755,474,15.9650145757,15.9937,False
0,19756,474,15.951266459,15.9937,False
0,19757,474,15.8749771442,15.9937,False
0,19758,474,15.9002208162,15.9937,False
0,19759,474,15.9567353292,15.9937,False
0,19760,474,15.9441247053,15.9937,False
0,19761,474,15.9483428048,15.9937,False
0,19762,474,15.9537181297,15.9937,False
0,19763,474,15.9212949092,15.9937,False
0,19764,474,15.9088936206,15.9937,False
0,19765,474,15.9042373272,15.9937,False
0,19766,474,15.8859657223,15.9937,False
0,19767,474,15.9515633707,15.9937,False
0,19768,474,15.8961984322,15.9937,False
0,19769,474,15.9580138698,15.9937,False
0,19770,474,15.9025828775,15.9937,False
0,19771,474,15.9390013332,15.9937,False
0,19772,474,15.9389283194,15.9937,False
0,19773,474,15.9745597483,15.9937,False
0,19774,474,15.9064082147,15.9937,False
0,19775,474,15.9170098979,15.9937,False
0,19776,474,15.9090534687,15.9937,False
0,19777,474,15.970777791,15.9937,False
0,19778,474,15.9424188506,15.9937,False
0,19779,474,15.9467304233,15.9937,False
0,19780,474,15.9207514308,15.9937,False
0,19781,474,15.9265072387,15.9937,False
0,19782,474,15.8907387543,15.9937,False
0,19783,474,15.9250970673,15.9937,False
0,19784,474,15.9381900896,15.9937,False
0,19785,474,15.9648829933,15.9937,False
0,19786,474,15.893700122,15.9937,False
0,19787,474,15.9397043089,15.9937,False
0,19788,474,15.9263948387,15.9937,False
0,19789,474,15.8987970719,15.9937,False
0,19790,474,15.9329370968,15.9937,False
0,19791,474,15.9258598015,15.9937,False
0,19792,474,15.9375960092,15.9937,False
0,19793,474,15.8911924414,15.9937,False
0,19794,474,15.9207998006,15.9937,False
0,19795,474,15.9219523134,15.9937,False
0,19796,474,15.9159761422,15.9937,False
0,19797,474,15.9107478923,15.9937,False
0,19798,474,15.9236749148,15.9937,False
0,19799,474,15.9312975781,15.9937,False
0,19800,474,15.9331760787,15.9937,False
0,19801,474,15.9216942575,15.9937,False
0,19802,474,15.9114040375,15.9937,False
0,19803,474,15.9572602221,15.9937,False
0,19804,474,15.9176116996,15.9937,False
0,19805,474,15.9186330502,15.9937,False
0,19806,474,15.9379179156,15.9937,False
0,19807,474,15.8961639189,15.9937,False
0,19808,474,15.9879736251,15.9937,False
0,19809,474,15.904466,15.9937,False
0,19810,474,15.8965344784,15.9937,False
0,19811,474,15.9242021197,15.9937,False
0,19812,474,15.9220780491,15.9937,False
0,19813,474,15.9645339796,15.9937,False
0,19814,474,15.8805634834,15.9937,False
0,19815,474,15.8945304016,15.9937,False
0,19816,474,15.931204738,15.9937,False
0,19817,474,15.9112087686,15.9937,False
0,19818,474,15.9747728864,15.9937,False
0,19819,474,15.9210736584,15.9937,False
0,19820,474,15.9465164694,15.9937,False
0,19821,474,15.9310743498,15.9937,False
0,19822,474,15.9344239696,15.9937,False
0,19823,474,15.9200377356,15.9937,False
0,19824,474,15.9509647077,15.9937,False
0,19825,474,15.9384785804,15.9937,False
0,19826,474,15.9685305007,15.9937,False
0,19827,474,15.9074096909,15.9937,False
0,19828,474,15.9336430688,15.9937,False
0,19829,474,15.8929610064,15.9937,False
0,19830,474,15.9497418731,15.9937,False
0,19831,474,15.9659397155,15.9937,False
0,19832,474,15.9027171528,15.9937,False
0,19833,474,15.9249099109,15.9937,False
0,19834,474,15.933443276,15.9937,False
0,19835,474,15.905603043,15.9937,False
0,19836,474,15.9483994156,15.9937,False
0,19837,474,15.9045411594,15.9937,False
0,19838,474,15.9289609451,15.9937,False
0,19839,474,15.9247100217,15.9937,False
0,19840,474,15.9082347095,15.9937,False
0,19841,474,15.9300208749,15.9937,False
0,19842,474,15.8989296931,15.9937,False
0,19843,474,15.9465204319,15.9937,False
0,19844,474,15.927551651,15.9937,False
0,19845,474,15.9387402381,15.9937,False
0,19846,474,15.8845294724,15.9937,False
0,19847,474,15.9146003336,15.9937,False
0,19848,474,15.900467516,15.9937,False
0,19849,474,15.9239530237,15.9937,False
0,19850,474,15.9299305828,15.9937,False
0,19851,474,15.9031493724,15.9937,False
0,19852,474,15.9166672073,15.9937,False
0,19853,474,15.9742018514,15.9937,False
0,19854,474,15.9177729172,15.9937,False
0,19855,474,15.8915395421,15.9937,False
0,19856,474,15.9518900274,15.9937,False
0,19857,474,15.8778476593,15.9937,False
0,19858,474,15.8965878648,15.9937,False
0,19859,474,15.9324960875,15.9937,False
0,19860,474,15.9487740208,15.9937,False
0,19861,474,15.8864535561,15.9937,False
0,19862,474,15.9735613096,15.9937,False
0,19863,474,15.9259377558,15.9937,False
0,19864,474,15.8958316978,15.9937,False
0,19865,474,15.8980703431,15.9937,False
0,19866,474,15.9148096697,15.9937,False
0,19867,474,15.9138220102,15.9937,False
0,19868,474,15.9108775319,15.9937,False
0,19869,474,15.9182998366,15.9937,False
0,19870,474,15.964911939,15.9937,False
0,19871,474,15.9434417168,15.9937,False
0,19872,474,15.9235462632,15.9937,False
0,19873,474,15.9229623589,15.9937,False
0,19874,474,15.9089494928,15.9937,False
0,19875,474,15.9287211741,15.9937,False
0,19876,474,15.8949534991,15.9937,False
0,19877,474,15.905570098,15.9937,False
0,19878,474,15.9480242662,15.9937,False
0,19879,474,15.9366348673,15.9937,False
0,19880,474,15.9498463473,15.9937,False
0,19881,474,15.9151512422,15.9937,False
0,19882,474,15.926620748,15.9937,False
0,19883,474,15.9247343729,15.9937,False
0,19884,474,15.946000948,15.9937,False
0,19885,474,15.9339999011,15.9937,False
0,19886,474,15.9157699378,15.9937,False
0,19887,474,15.9059241416,15.9937,False
0,19888,474,15.9830968655,15.9937,False
0,19889,474,15.9228918225,15.9937,False
0,19890,474,15.9118451872,15.9937,False
0,19891,474,15.9461864069,15.9937,False
0,19892,474,15.9301512825,15.9937,False
0,19893,474,15.9617057525,15.9937,False
0,19894,474,15.9363103914,15.9937,False
0,19895,474,15.9377197205,15.9937,False
0,19896,474,15.8915097999,15.9937,False
0,19897,474,15.932399321,15.9937,False
0,19898,474,15.9383659747,15.9937,False
0,19899,474,15.889207593,15.9937,False
0,19900,474,15.9344547205,15.9937,False
0,19901,474,15.9485341691,15.9937,False
0,19902,474,15.9121013991,15.9937,False
0,19903,474,15.9265383315,15.9937,False
0,19904,474,15.9436415436,15.9937,False
0,19905,474,15.8950586306,15.9937,False
0,19906,474,15.9180733474,15.9937,False
0,19907,474,15.9201469334,15.9937,False
0,19908,474,15.9301580929,15.9937,False
0,19909,474,15.9268967668,15.9937,False
0,19910,474,15.9056226141,15.9937,False
0,19911,474,15.9211008232,15.9937,False
0,19912,474,15.9562911175,15.9937,False
0,19913,474,15.9444925177,15.9937,False
0,19914,474,15.9589301922,15.9937,False
0,19915,474,15.9175390526,15.9937,False
0,19916,474,15.9529966732,15.9937,False
0,19917,474,15.9992579215,15.9937,True
0,19918,474,15.9119889319,15.9937,False
0,19919,474,15.8976985489,15.9937,False
0,19920,474,15.9191691955,15.9937,False
0,19921,474,15.9429272051,15.9937,False
0,19922,474,15.9190761793,15.9937,False
0,19923,474,15.9302734983,15.9937,False
0,19924,474,15.928017201,15.9937,False
0,19925,474,15.9293274995,15.9937,False
0,19926,474,15.9415662023,15.9937,False
0,19927,474,15.9442099396,15.9937,False
0,19928,474,15.9268537026,15.9937,False
0,19929,474,15.9001356404,15.9937,False
0,19930,474,15.9187302768,15.9937,False
0,19931,474,15.9538061548,15.9937,False
0,19932,474,15.9022237754,15.9937,False
0,19933,474,15.922871739,15.9937,False
0,19934,474,15.909094558,15.9937,False
0,19935,474,15.9608387207,15.9937,False
0,19936,474,15.9377963183,15.9937,False
0,19937,474,15.9609022436,15.9937,False
0,19938,474,15.9146204615,15.9937,False
0,19939,474,15.920457804,15.9937,False
0,19940,474,15.9380516765,15.9937,False
0,19941,474,15.9495513678,15.9937,False
0,19942,474,15.9113939644,15.9937,False
0,19943,474,15.9511042105,15.9937,False
0,19944,474,15.926303265,15.9937,False
0,19945,474,15.915095615,15.9937,False
0,19946,475,15.9035090928,16.0270333333,False
0,19947,475,16.0205540971,16.0270333333,False
0,19948,475,15.9291859608,16.0270333333,False
0,19949,475,15.9550111676,16.0270333333,False
0,19950,475,15.9146467826,16.0270333333,False
0,19951,475,15.9491725212,16.0270333333,False
0,19952,475,15.9293666945,16.0270333333,False
0,19953,475,15.9403666077,16.0270333333,False
0,19954,475,15.943399179,16.0270333333,False
0,19955,475,15.9111418169,16.0270333333,False
0,19956,475,15.9449792729,16.0270333333,False
0,19957,475,15.9643856579,16.0270333333,False
0,19958,476,16.0187547063,16.0603666667,False
0,19959,476,15.9927474704,16.0603666667,False
0,19960,476,15.9641143437,16.0603666667,False
0,19961,476,15.986897815,16.0603666667,False
0,19962,476,15.9724220631,16.0603666667,False
0,19963,476,15.9766162572,16.0603666667,False
0,19964,476,15.9812408374,16.0603666667,False
0,19965,476,16.0077970109,16.0603666667,False
0,19966,476,15.9919368897,16.0603666667,False
0,19967,477,16.0079589667,16.0937,False
0,19968,477,16.0179174659,16.0937,False
0,19969,477,16.0026060962,16.0937,False
0,19970,477,16.0091544092,16.0937,False
0,19971,477,15.9840777457,16.0937,False
0,19972,477,16.024364882,16.0937,False
0,19973,477,16.0142616654,16.0937,False
0,19974,478,15.9977682746,16.1270333333,False
0,19975,478,16.0326950103,16.1270333333,False
0,19976,478,16.0399820019,16.1270333333,False
0,19977,478,16.053728918,16.1270333333,False
0,19978,478,16.0324718654,16.1270333333,False
0,19979,478,16.0631927006,16.1270333333,False
0,19980,478,16.0398834714,16.1270333333,False
0,19981,478,16.03395386,16.1270333333,False
0,19982,479,16.0709615965,16.1603666667,False
0,19983,479,16.084729784,16.1603666667,False
0,19984,479,16.1227606906,16.1603666667,False
0,19985,479,16.0632867013,16.1603666667,False
0,19986,479,16.0773889349,16.1603666667,False
0,19987,479,16.0984006582,16.1603666667,False
0,19988,479,16.0984815891,16.1603666667,False
0,19989,479,16.0661385993,16.1603666667,False
0,19990,479,16.0855988434,16.1603666667,False
0,19991,479,16.0674017656,16.1603666667,False
0,19992,479,16.0920214262,16.1603666667,False
0,19993,479,16.0849941887,16.1603666667,False
0,19994,479,16.0651291538,16.1603666667,False
0,19995,479,16.1004242509,16.1603666667,False
0,19996,479,16.1162576395,16.1603666667,False
0,19997,479,16.0684675912,16.1603666667,False
0,19998,479,16.122786428,16.1603666667,False
0,19999,479,16.0782237608,16.1603666667,False
0,20000,479,16.0566707416,16.1603666667,False
0,20001,479,16.1020776323,16.1603666667,False
0,20002,479,16.1211291032,16.1603666667,False
0,20003,479,16.0464810875,16.1603666667,False
0,20004,479,16.104451193,16.1603666667,False
0,20005,479,16.1070483803,16.1603666667,False
0,20006,479,16.1097356507,16.1603666667,False
0,20007,479,16.0787067928,16.1603666667,False
0,20008,479,16.0838652455,16.1603666667,False
0,20009,479,16.0944751167,16.1603666667,False
0,20010,479,16.1111848564,16.1603666667,False
0,20011,479,16.0732309411,16.1603666667,False
0,20012,479,16.08517171,16.1603666667,False
0,20013,479,16.1077735687,16.1603666667,False
0,20014,479,16.0878381219,16.1603666667,False
0,20015,479,16.1277773311,16.1603666667,False
0,20016,479,16.1434743202,16.1603666667,False
0,20017,479,16.1063693097,16.1603666667,False
0,20018,479,16.0850481077,16.1603666667,False
0,20019,479,16.0405928537,16.1603666667,False
0,20020,479,16.0712202184,16.1603666667,False
0,20021,479,16.101247563,16.1603666667,False
0,20022,479,16.0349899715,16.1603666667,False
0,20023,479,16.135620253,16.1603666667,False
0,20024,479,16.1328169001,16.1603666667,False
0,20025,479,16.0873439915,16.1603666667,False
0,20026,479,16.099232436,16.1603666667,False
0,20027,479,16.1035830283,16.1603666667,False
0,20028,479,16.125196677,16.1603666667,False
0,20029,479,16.0966012098,16.1603666667,False
0,20030,479,16.0733425009,16.1603666667,False
0,20031,479,16.1347525272,16.1603666667,False
0,20032,479,16.1020939836,16.1603666667,False
0,20033,479,16.0786583008,16.1603666667,False
0,20034,479,16.1310537148,16.1603666667,False
0,20035,479,16.0801210734,16.1603666667,False
0,20036,479,16.127524412,16.1603666667,False
0,20037,479,16.1188951161,16.1603666667,False
0,20038,479,16.0950992509,16.1603666667,False
0,20039,479,16.0783463024,16.1603666667,False
0,20040,479,16.0791035558,16.1603666667,False
0,20041,479,16.0705120848,16.1603666667,False
0,20042,479,16.1167405223,16.1603666667,False
0,20043,479,16.1053387323,16.1603666667,False
0,20044,479,16.0938528655,16.1603666667,False
0,20045,479,16.0992096519,16.1603666667,False
0,20046,479,16.1460825965,16.1603666667,False
0,20047,479,16.1476831566,16.1603666667,False
0,20048,479,16.124082688,16.1603666667,False
0,20049,479,16.1040824827,16.1603666667,False
0,20050,479,16.1182527179,16.1603666667,False
0,20051,479,16.1473566437,16.1603666667,False
0,20052,479,16.0525609921,16.1603666667,False
0,20053,479,16.0963192717,16.1603666667,False
0,20054,479,16.0884014113,16.1603666667,False
0,20055,479,16.067790711,16.1603666667,False
0,20056,479,16.0657219918,16.1603666667,False
0,20057,479,16.076601614,16.1603666667,False
0,20058,479,16.0618265801,16.1603666667,False
0,20059,479,16.1043562945,16.1603666667,False
0,20060,479,16.1431669203,16.1603666667,False
0,20061,479,16.0457859271,16.1603666667,False
0,20062,479,16.1278358106,16.1603666667,False
0,20063,479,16.0808235018,16.1603666667,False
0,20064,479,16.0814762439,16.1603666667,False
0,20065,479,16.1037828808,16.1603666667,False
0,20066,479,16.1175951183,16.1603666667,False
0,20067,479,16.0800047308,16.1603666667,False
0,20068,479,16.0747395433,16.1603666667,False
0,20069,479,16.099491909,16.1603666667,False
0,20070,479,16.0931902986,16.1603666667,False
0,20071,479,16.119321673,16.1603666667,False
0,20072,479,16.0346388351,16.1603666667,False
0,20073,479,16.0767517553,16.1603666667,False
0,20074,479,16.0731607505,16.1603666667,False
0,20075,479,16.1054169073,16.1603666667,False
0,20076,479,16.0825342302,16.1603666667,False
0,20077,479,16.0816454099,16.1603666667,False
0,20078,479,16.0893305504,16.1603666667,False
0,20079,479,16.0709653719,16.1603666667,False
0,20080,479,16.1075463889,16.1603666667,False
0,20081,479,16.0772381329,16.1603666667,False
0,20082,479,16.1038507347,16.1603666667,False
0,20083,479,16.0617651712,16.1603666667,False
0,20084,479,16.0806816097,16.1603666667,False
0,20085,479,16.0921228768,16.1603666667,False
0,20086,479,16.0911794716,16.1603666667,False
0,20087,479,16.0630657561,16.1603666667,False
0,20088,479,16.1162674776,16.1603666667,False
0,20089,479,16.1023949658,16.1603666667,False
0,20090,479,16.0755072082,16.1603666667,False
0,20091,479,16.1165536702,16.1603666667,False
0,20092,479,16.1217423525,16.1603666667,False
0,20093,479,16.1228075313,16.1603666667,False
0,20094,479,16.1097239433,16.1603666667,False
0,20095,479,16.1126493762,16.1603666667,False
0,20096,479,16.0576090337,16.1603666667,False
0,20097,479,16.1238527109,16.1603666667,False
0,20098,479,16.108576192,16.1603666667,False
0,20099,479,16.0863469076,16.1603666667,False
0,20100,479,16.1109421054,16.1603666667,False
0,20101,479,16.0737373477,16.1603666667,False
0,20102,479,16.1203379904,16.1603666667,False
0,20103,479,16.0843249467,16.1603666667,False
0,20104,479,16.1284185356,16.1603666667,False
0,20105,479,16.0829359114,16.1603666667,False
0,20106,479,16.0746227207,16.1603666667,False
0,20107,479,16.1078655842,16.1603666667,False
0,20108,479,16.0916927182,16.1603666667,False
0,20109,479,16.071383435,16.1603666667,False
0,20110,479,16.0719961987,16.1603666667,False
0,20111,479,16.1382939464,16.1603666667,False
0,20112,479,16.0119546618,16.1603666667,False
0,20113,479,16.1226625827,16.1603666667,False
0,20114,479,16.0714911998,16.1603666667,False
0,20115,479,16.0565976513,16.1603666667,False
0,20116,479,16.1086393208,16.1603666667,False
0,20117,479,16.1201248846,16.1603666667,False
0,20118,479,16.0587691171,16.1603666667,False
0,20119,479,16.1216771876,16.1603666667,False
0,20120,479,16.1356380602,16.1603666667,False
0,20121,479,16.0907738819,16.1603666667,False
0,20122,479,16.0942952468,16.1603666667,False
0,20123,479,16.1123907957,16.1603666667,False
0,20124,479,16.097787916,16.1603666667,False
0,20125,479,16.1208715684,16.1603666667,False
0,20126,479,16.0877907078,16.1603666667,False
0,20127,479,16.0835354067,16.1603666667,False
0,20128,479,16.1146818306,16.1603666667,False
0,20129,479,16.1039289635,16.1603666667,False
0,20130,479,16.0648807304,16.1603666667,False
0,20131,479,16.0720922193,16.1603666667,False
0,20132,479,16.0725999704,16.1603666667,False
0,20133,479,16.0780123885,16.1603666667,False
0,20134,479,16.1133512867,16.1603666667,False
0,20135,479,16.0753162257,16.1603666667,False
0,20136,479,16.0823415136,16.1603666667,False
0,20137,479,16.0987397924,16.1603666667,False
0,20138,479,16.0866106418,16.1603666667,False
0,20139,479,16.0927252342,16.1603666667,False
0,20140,479,16.1291461792,16.1603666667,False
0,20141,479,16.0831682571,16.1603666667,False
0,20142,479,16.0655836073,16.1603666667,False
0,20143,479,16.1172669474,16.1603666667,False
0,20144,479,16.1102990318,16.1603666667,False
0,20145,479,16.1118395887,16.1603666667,False
0,20146,479,16.0710208332,16.1603666667,False
0,20147,479,16.1187970418,16.1603666667,False
0,20148,479,16.1005369199,16.1603666667,False
0,20149,479,16.0739593875,16.1603666667,False
0,20150,479,16.0978381796,16.1603666667,False
0,20151,479,16.0907203795,16.1603666667,False
0,20152,479,16.0834437085,16.1603666667,False
0,20153,479,16.1055184574,16.1603666667,False
0,20154,479,16.1336860297,16.1603666667,False
0,20155,479,16.0862029576,16.1603666667,False
0,20156,479,16.0427410614,16.1603666667,False
0,20157,479,16.0984359696,16.1603666667,False
0,20158,479,16.1025510657,16.1603666667,False
0,20159,479,16.1093266208,16.1603666667,False
0,20160,479,16.0841856076,16.1603666667,False
0,20161,479,16.0860588275,16.1603666667,False
0,20162,479,16.1064775679,16.1603666667,False
0,20163,479,16.0782839864,16.1603666667,False
0,20164,479,16.0609625568,16.1603666667,False
0,20165,479,16.1531908663,16.1603666667,False
0,20166,479,16.0924202945,16.1603666667,False
0,20167,479,16.06872781,16.1603666667,False
0,20168,479,16.0915175586,16.1603666667,False
0,20169,479,16.0810088317,16.1603666667,False
0,20170,479,16.1330330736,16.1603666667,False
0,20171,479,16.1055255787,16.1603666667,False
0,20172,479,16.1051402246,16.1603666667,False
0,20173,479,16.073308172,16.1603666667,False
0,20174,479,16.0875724976,16.1603666667,False
0,20175,479,16.1003759145,16.1603666667,False
0,20176,479,16.0758253652,16.1603666667,False
0,20177,479,16.0942624166,16.1603666667,False
0,20178,479,16.1251647168,16.1603666667,False
0,20179,479,16.0612843014,16.1603666667,False
0,20180,479,16.0781488731,16.1603666667,False
0,20181,479,16.0541041439,16.1603666667,False
0,20182,479,16.1014197739,16.1603666667,False
0,20183,479,16.1285034996,16.1603666667,False
0,20184,479,16.1249424365,16.1603666667,False
0,20185,479,16.066743694,16.1603666667,False
0,20186,479,16.0613072321,16.1603666667,False
0,20187,479,16.1268634938,16.1603666667,False
0,20188,479,16.0816187652,16.1603666667,False
0,20189,479,16.1262221369,16.1603666667,False
0,20190,479,16.0972757129,16.1603666667,False
0,20191,479,16.1494126557,16.1603666667,False
0,20192,479,16.0769527902,16.1603666667,False
0,20193,479,16.081258804,16.1603666667,False
0,20194,479,16.0885629009,16.1603666667,False
0,20195,479,16.0656960081,16.1603666667,False
0,20196,479,16.1155126412,16.1603666667,False
0,20197,479,16.0973580307,16.1603666667,False
0,20198,479,16.1081545639,16.1603666667,False
0,20199,479,16.0998467755,16.1603666667,False
0,20200,479,16.0711111242,16.1603666667,False
0,20201,479,16.1157432891,16.1603666667,False
0,20202,479,16.0722327474,16.1603666667,False
0,20203,479,16.053117319,16.1603666667,False
0,20204,479,16.0745527936,16.1603666667,False
0,20205,479,16.1003710247,16.1603666667,False
0,20206,479,16.0982706017,16.1603666667,False
0,20207,479,16.1225421036,16.1603666667,False
0,20208,479,16.0820488498,16.1603666667,False
0,20209,479,16.0920483422,16.1603666667,False
0,20210,479,16.1230185346,16.1603666667,False
0,20211,479,16.0905649781,16.1603666667,False
0,20212,479,16.1072342292,16.1603666667,False
0,20213,479,16.0622739132,16.1603666667,False
0,20214,479,16.105300176,16.1603666667,False
0,20215,479,16.0823400576,16.1603666667,False
0,20216,479,16.0912556779,16.1603666667,False
0,20217,479,16.1096021734,16.1603666667,False
0,20218,479,16.0568919752,16.1603666667,False
0,20219,479,16.0697578497,16.1603666667,False
0,20220,479,16.0823986039,16.1603666667,False
0,20221,479,16.0756666499,16.1603666667,False
0,20222,479,16.0619058609,16.1603666667,False
0,20223,479,16.1043158508,16.1603666667,False
0,20224,479,16.0892566155,16.1603666667,False
0,20225,479,16.1195030457,16.1603666667,False
0,20226,479,16.13449744,16.1603666667,False
0,20227,479,16.1074065169,16.1603666667,False
0,20228,479,16.0825399915,16.1603666667,False
0,20229,479,16.1606077404,16.1603666667,True
0,20230,479,16.0761549867,16.1603666667,False
0,20231,479,16.111518751,16.1603666667,False
0,20232,479,16.1165831115,16.1603666667,False
0,20233,479,16.077347136,16.1603666667,False
0,20234,479,16.1013087429,16.1603666667,False
0,20235,479,16.1224480714,16.1603666667,False
0,20236,479,16.0544283413,16.1603666667,False
0,20237,479,16.0859999399,16.1603666667,False
0,20238,479,16.1179063781,16.1603666667,False
0,20239,479,16.0408559647,16.1603666667,False
0,20240,479,16.0915002043,16.1603666667,False
0,20241,479,16.0764596245,16.1603666667,False
0,20242,479,16.0404105534,16.1603666667,False
0,20243,479,16.0524235126,16.1603666667,False
0,20244,479,16.0794230189,16.1603666667,False
0,20245,479,16.0845694805,16.1603666667,False
0,20246,479,16.0773380267,16.1603666667,False
0,20247,479,16.0756699146,16.1603666667,False
0,20248,479,16.1011710846,16.1603666667,False
0,20249,479,16.1066977281,16.1603666667,False
0,20250,479,16.1165198284,16.1603666667,False
0,20251,479,16.1309818752,16.1603666667,False
0,20252,479,16.0985214198,16.1603666667,False
0,20253,479,16.0988425918,16.1603666667,False
0,20254,479,16.0377593389,16.1603666667,False
0,20255,479,16.0748603369,16.1603666667,False
0,20256,479,16.0987059884,16.1603666667,False
0,20257,479,16.1109936777,16.1603666667,False
0,20258,479,16.1352965014,16.1603666667,False
0,20259,479,16.0776664243,16.1603666667,False
0,20260,479,16.1080582649,16.1603666667,False
0,20261,479,16.1093803379,16.1603666667,False
0,20262,479,16.0420593966,16.1603666667,False
0,20263,479,16.0788636039,16.1603666667,False
0,20264,479,16.0646807164,16.1603666667,False
0,20265,479,16.0535309039,16.1603666667,False
0,20266,479,16.0719687842,16.1603666667,False
0,20267,479,16.0792889237,16.1603666667,False
0,20268,479,16.0590281262,16.1603666667,False
0,20269,479,16.086649965,16.1603666667,False
0,20270,479,16.072835742,16.1603666667,False
0,20271,479,16.091644293,16.1603666667,False
0,20272,479,16.1176766162,16.1603666667,False
0,20273,479,16.0966020741,16.1603666667,False
0,20274,479,16.0750142198,16.1603666667,False
0,20275,479,16.1056220817,16.1603666667,False
0,20276,479,16.0877316871,16.1603666667,False
0,20277,479,16.0598151741,16.1603666667,False
0,20278,479,16.104467584,16.1603666667,False
0,20279,479,16.1363808408,16.1603666667,False
0,20280,479,16.0520415733,16.1603666667,False
0,20281,479,16.0601049721,16.1603666667,False
0,20282,480,16.1149223412,16.1937,False
0,20283,480,16.0824085765,16.1937,False
0,20284,480,16.1197492935,16.1937,False
0,20285,480,16.1204803013,16.1937,False
0,20286,480,16.1548191192,16.1937,False
0,20287,480,16.1647423921,16.1937,False
0,20288,480,16.0918227157,16.1937,False
0,20289,480,16.1193133417,16.1937,False
0,20290,480,16.1311172288,16.1937,False
0,20291,480,16.1121169868,16.1937,False
0,20292,480,16.1328487096,16.1937,False
0,20293,481,16.158909526,16.2270333333,False
0,20294,481,16.1799890136,16.2270333333,False
0,20295,481,16.09467068,16.2270333333,False
0,20296,481,16.1766693712,16.2270333333,False
0,20297,481,16.1633932787,16.2270333333,False
0,20298,481,16.1413033916,16.2270333333,False
0,20299,481,16.1527187934,16.2270333333,False
0,20300,481,16.1778446401,16.2270333333,False
0,20301,481,16.1681689741,16.2270333333,False
0,20302,482,16.2553308202,16.2603666667,False
0,20303,482,16.2116258473,16.2603666667,False
0,20304,482,16.190996132,16.2603666667,False
0,20305,482,16.2193729258,16.2603666667,False
0,20306,482,16.2123832411,16.2603666667,False
0,20307,482,16.2065290894,16.2603666667,False
0,20308,483,16.2407908244,16.2937,False
0,20309,483,16.209330024,16.2937,False
0,20310,483,16.19683259,16.2937,False
0,20311,483,16.2274775366,16.2937,False
0,20312,483,16.1687705409,16.2937,False
0,20313,483,16.210606815,16.2937,False
0,20314,484,16.3015748749,16.3270333333,False
0,20315,484,16.2627115628,16.3270333333,False
0,20316,484,16.2513953402,16.3270333333,False
0,20317,484,16.328114433,16.3270333333,True
0,20318,484,16.2392472805,16.3270333333,False
0,20319,484,16.2617585963,16.3270333333,False
0,20320,484,16.2345680857,16.3270333333,False
0,20321,484,16.2684587039,16.3270333333,False
0,20322,484,16.2713857025,16.3270333333,False
0,20323,484,16.2383086078,16.3270333333,False
0,20324,484,16.2678083549,16.3270333333,False
0,20325,484,16.2870473981,16.3270333333,False
0,20326,484,16.2482870004,16.3270333333,False
0,20327,484,16.2213181734,16.3270333333,False
0,20328,484,16.2104795181,16.3270333333,False
0,20329,484,16.2682258385,16.3270333333,False
0,20330,484,16.2721746813,16.3270333333,False
0,20331,484,16.2530200488,16.3270333333,False
0,20332,484,16.242059315,16.3270333333,False
0,20333,484,16.2971358063,16.3270333333,False
0,20334,484,16.2433808792,16.3270333333,False
0,20335,484,16.2670986568,16.3270333333,False
0,20336,484,16.236345844,16.3270333333,False
0,20337,484,16.2531950439,16.3270333333,False
0,20338,484,16.2583952601,16.3270333333,False
0,20339,484,16.2727902008,16.3270333333,False
0,20340,484,16.2386001844,16.3270333333,False
0,20341,484,16.2861664173,16.3270333333,False
0,20342,484,16.2704765915,16.3270333333,False
0,20343,484,16.2859277916,16.3270333333,False
0,20344,484,16.2542764476,16.3270333333,False
0,20345,484,16.3005751128,16.3270333333,False
0,20346,484,16.2448177512,16.3270333333,False
0,20347,484,16.2404063661,16.3270333333,False
0,20348,484,16.2222827177,16.3270333333,False
0,20349,484,16.2226343087,16.3270333333,False
0,20350,484,16.2176348451,16.3270333333,False
0,20351,484,16.258266873,16.3270333333,False
0,20352,484,16.2351409348,16.3270333333,False
0,20353,484,16.2640844487,16.3270333333,False
0,20354,484,16.2559412852,16.3270333333,False
0,20355,484,16.2786201205,16.3270333333,False
0,20356,484,16.2407851271,16.3270333333,False
0,20357,484,16.2788305818,16.3270333333,False
0,20358,484,16.2980047574,16.3270333333,False
0,20359,484,16.2259694254,16.3270333333,False
0,20360,484,16.2694327374,16.3270333333,False
0,20361,484,16.2489371109,16.3270333333,False
0,20362,484,16.2192940804,16.3270333333,False
0,20363,484,16.2675923759,16.3270333333,False
0,20364,484,16.2731134983,16.3270333333,False
0,20365,484,16.2224635404,16.3270333333,False
0,20366,484,16.2942193249,16.3270333333,False
0,20367,484,16.2289931323,16.3270333333,False
0,20368,484,16.264473924,16.3270333333,False
0,20369,484,16.2833234577,16.3270333333,False
0,20370,484,16.2924526795,16.3270333333,False
0,20371,484,16.2421069844,16.3270333333,False
0,20372,484,16.2769162737,16.3270333333,False
0,20373,484,16.239398034,16.3270333333,False
0,20374,484,16.281393586,16.3270333333,False
0,20375,484,16.268186755,16.3270333333,False
0,20376,484,16.291883423,16.3270333333,False
0,20377,484,16.2492205692,16.3270333333,False
0,20378,484,16.2391558412,16.3270333333,False
0,20379,484,16.2498593538,16.3270333333,False
0,20380,484,16.2457377412,16.3270333333,False
0,20381,484,16.2696299089,16.3270333333,False
0,20382,484,16.2429337468,16.3270333333,False
0,20383,484,16.2674851954,16.3270333333,False
0,20384,484,16.2570736734,16.3270333333,False
0,20385,484,16.2706606403,16.3270333333,False
0,20386,484,16.2237878871,16.3270333333,False
0,20387,484,16.3141410521,16.3270333333,False
0,20388,484,16.2592629182,16.3270333333,False
0,20389,484,16.2723367964,16.3270333333,False
0,20390,484,16.2416778193,16.3270333333,False
0,20391,484,16.2532396808,16.3270333333,False
0,20392,484,16.2644886155,16.3270333333,False
0,20393,484,16.2487911969,16.3270333333,False
0,20394,484,16.2905755711,16.3270333333,False
0,20395,484,16.256802462,16.3270333333,False
0,20396,484,16.2914974003,16.3270333333,False
0,20397,484,16.2655290859,16.3270333333,False
0,20398,484,16.2476682416,16.3270333333,False
0,20399,484,16.2345210508,16.3270333333,False
0,20400,484,16.2711947439,16.3270333333,False
0,20401,484,16.2743825936,16.3270333333,False
0,20402,484,16.2395120491,16.3270333333,False
0,20403,484,16.2974385129,16.3270333333,False
0,20404,484,16.2368472362,16.3270333333,False
0,20405,484,16.2400360986,16.3270333333,False
0,20406,484,16.2444231717,16.3270333333,False
0,20407,484,16.2438919224,16.3270333333,False
0,20408,484,16.2269379521,16.3270333333,False
0,20409,484,16.2200419399,16.3270333333,False
0,20410,484,16.2418709654,16.3270333333,False
0,20411,484,16.2500238603,16.3270333333,False
0,20412,484,16.2406137702,16.3270333333,False
0,20413,484,16.2657803014,16.3270333333,False
0,20414,484,16.2549776239,16.3270333333,False
0,20415,484,16.2259567782,16.3270333333,False
0,20416,484,16.2484917353,16.3270333333,False
0,20417,484,16.2745776029,16.3270333333,False
0,20418,484,16.2475956376,16.3270333333,False
0,20419,484,16.214863621,16.3270333333,False
0,20420,484,16.2404885452,16.3270333333,False
0,20421,484,16.2402429234,16.3270333333,False
0,20422,484,16.2636389137,16.3270333333,False
0,20423,484,16.2238042152,16.3270333333,False
0,20424,484,16.2665210973,16.3270333333,False
0,20425,484,16.2160829342,16.3270333333,False
0,20426,484,16.3065100133,16.3270333333,False
0,20427,484,16.2472848705,16.3270333333,False
0,20428,484,16.2371597903,16.3270333333,False
0,20429,484,16.2495977796,16.3270333333,False
0,20430,484,16.2526010962,16.3270333333,False
0,20431,484,16.2783134461,16.3270333333,False
0,20432,484,16.3268355029,16.3270333333,False
0,20433,484,16.2575250892,16.3270333333,False
0,20434,484,16.2734174433,16.3270333333,False
0,20435,484,16.2356343724,16.3270333333,False
0,20436,484,16.2532522537,16.3270333333,False
0,20437,484,16.288217641,16.3270333333,False
0,20438,484,16.3038987806,16.3270333333,False
0,20439,484,16.261365475,16.3270333333,False
0,20440,484,16.1790247948,16.3270333333,False
0,20441,484,16.3005537678,16.3270333333,False
0,20442,484,16.2792987293,16.3270333333,False
0,20443,484,16.2565805592,16.3270333333,False
0,20444,484,16.2689597178,16.3270333333,False
0,20445,484,16.277740411,16.3270333333,False
0,20446,484,16.2744620831,16.3270333333,False
0,20447,484,16.2216284403,16.3270333333,False
0,20448,484,16.2258104494,16.3270333333,False
0,20449,484,16.2712902172,16.3270333333,False
0,20450,484,16.2321260103,16.3270333333,False
0,20451,484,16.2286906932,16.3270333333,False
0,20452,484,16.2289261567,16.3270333333,False
0,20453,484,16.2392448578,16.3270333333,False
0,20454,484,16.215247762,16.3270333333,False
0,20455,484,16.2195416778,16.3270333333,False
0,20456,484,16.2656740642,16.3270333333,False
0,20457,484,16.2600296316,16.3270333333,False
0,20458,484,16.325375416,16.3270333333,False
0,20459,484,16.2777841635,16.3270333333,False
0,20460,484,16.2237853745,16.3270333333,False
0,20461,484,16.1862295905,16.3270333333,False
0,20462,484,16.2411542774,16.3270333333,False
0,20463,484,16.2693969852,16.3270333333,False
0,20464,484,16.2449015209,16.3270333333,False
0,20465,484,16.2972045429,16.3270333333,False
0,20466,484,16.2583473947,16.3270333333,False
0,20467,484,16.2709073034,16.3270333333,False
0,20468,484,16.2563631483,16.3270333333,False
0,20469,484,16.269817008,16.3270333333,False
0,20470,484,16.2577590374,16.3270333333,False
0,20471,484,16.2347374514,16.3270333333,False
0,20472,484,16.2686299133,16.3270333333,False
0,20473,484,16.2628115945,16.3270333333,False
0,20474,484,16.2736513272,16.3270333333,False
0,20475,484,16.2617636481,16.3270333333,False
0,20476,484,16.2404556144,16.3270333333,False
0,20477,484,16.2307662441,16.3270333333,False
0,20478,484,16.2099546462,16.3270333333,False
0,20479,484,16.2423751334,16.3270333333,False
0,20480,484,16.2769127143,16.3270333333,False
0,20481,484,16.2646011128,16.3270333333,False
0,20482,484,16.2461649693,16.3270333333,False
0,20483,484,16.2635345849,16.3270333333,False
0,20484,484,16.2725205944,16.3270333333,False
0,20485,484,16.2612187763,16.3270333333,False
0,20486,484,16.2500150798,16.3270333333,False
0,20487,484,16.3055954274,16.3270333333,False
0,20488,484,16.2275105291,16.3270333333,False
0,20489,484,16.2461027176,16.3270333333,False
0,20490,484,16.2904202786,16.3270333333,False
0,20491,484,16.2377952804,16.3270333333,False
0,20492,484,16.2817498609,16.3270333333,False
0,20493,484,16.2386156956,16.3270333333,False
0,20494,484,16.2652881634,16.3270333333,False
0,20495,484,16.2513069006,16.3270333333,False
0,20496,484,16.2322263986,16.3270333333,False
0,20497,484,16.271620087,16.3270333333,False
0,20498,484,16.2555085403,16.3270333333,False
0,20499,484,16.2597424634,16.3270333333,False
0,20500,484,16.2233456756,16.3270333333,False
0,20501,484,16.2615241798,16.3270333333,False
0,20502,484,16.269231349,16.3270333333,False
0,20503,484,16.2562919869,16.3270333333,False
0,20504,484,16.2553014047,16.3270333333,False
0,20505,484,16.2709589067,16.3270333333,False
0,20506,484,16.2625517901,16.3270333333,False
0,20507,484,16.2131707277,16.3270333333,False
0,20508,484,16.2672621569,16.3270333333,False
0,20509,484,16.2733440634,16.3270333333,False
0,20510,484,16.2658006757,16.3270333333,False
0,20511,484,16.2399467184,16.3270333333,False
0,20512,484,16.2496409533,16.3270333333,False
0,20513,484,16.2610849973,16.3270333333,False
0,20514,484,16.2564283826,16.3270333333,False
0,20515,484,16.2542148036,16.3270333333,False
0,20516,484,16.2575095954,16.3270333333,False
0,20517,484,16.270313169,16.3270333333,False
0,20518,484,16.2300156336,16.3270333333,False
0,20519,484,16.2552318404,16.3270333333,False
0,20520,484,16.1976246742,16.3270333333,False
0,20521,484,16.2918463153,16.3270333333,False
0,20522,484,16.2870201676,16.3270333333,False
0,20523,484,16.2554024411,16.3270333333,False
0,20524,484,16.243309838,16.3270333333,False
0,20525,484,16.2489330012,16.3270333333,False
0,20526,484,16.243112648,16.3270333333,False
0,20527,484,16.3179266189,16.3270333333,False
0,20528,484,16.2416288036,16.3270333333,False
0,20529,484,16.2511669893,16.3270333333,False
0,20530,484,16.284927801,16.3270333333,False
0,20531,484,16.2476074184,16.3270333333,False
0,20532,484,16.2421290327,16.3270333333,False
0,20533,484,16.2734052679,16.3270333333,False
0,20534,484,16.2494311706,16.3270333333,False
0,20535,484,16.2190840967,16.3270333333,False
0,20536,484,16.2445741733,16.3270333333,False
0,20537,484,16.2488854717,16.3270333333,False
0,20538,484,16.233394694,16.3270333333,False
0,20539,484,16.2489219783,16.3270333333,False
0,20540,484,16.2468071876,16.3270333333,False
0,20541,484,16.211852696,16.3270333333,False
0,20542,484,16.2632491337,16.3270333333,False
0,20543,484,16.2605098817,16.3270333333,False
0,20544,484,16.2536528888,16.3270333333,False
0,20545,484,16.2452537521,16.3270333333,False
0,20546,484,16.2639912747,16.3270333333,False
0,20547,484,16.2968577798,16.3270333333,False
0,20548,484,16.2921950384,16.3270333333,False
0,20549,484,16.2640151684,16.3270333333,False
0,20550,484,16.2289018675,16.3270333333,False
0,20551,484,16.2705044598,16.3270333333,False
0,20552,484,16.2439491483,16.3270333333,False
0,20553,484,16.2218674183,16.3270333333,False
0,20554,484,16.2193814257,16.3270333333,False
0,20555,484,16.2517466932,16.3270333333,False
0,20556,484,16.2953826797,16.3270333333,False
0,20557,484,16.2167867911,16.3270333333,False
0,20558,484,16.289795851,16.3270333333,False
0,20559,484,16.2814341697,16.3270333333,False
0,20560,484,16.2869213627,16.3270333333,False
0,20561,484,16.2608799728,16.3270333333,False
0,20562,484,16.2950693953,16.3270333333,False
0,20563,484,16.2438116622,16.3270333333,False
0,20564,484,16.2176753889,16.3270333333,False
0,20565,484,16.2817704782,16.3270333333,False
0,20566,484,16.2839735864,16.3270333333,False
0,20567,484,16.2112497647,16.3270333333,False
0,20568,484,16.2660165947,16.3270333333,False
0,20569,484,16.2809446405,16.3270333333,False
0,20570,484,16.2961141905,16.3270333333,False
0,20571,484,16.3031336303,16.3270333333,False
0,20572,484,16.2532453502,16.3270333333,False
0,20573,484,16.226207299,16.3270333333,False
0,20574,484,16.2781932212,16.3270333333,False
0,20575,484,16.2497272047,16.3270333333,False
0,20576,484,16.2603717473,16.3270333333,False
0,20577,484,16.2417652235,16.3270333333,False
0,20578,484,16.2920790687,16.3270333333,False
0,20579,484,16.2520426553,16.3270333333,False
0,20580,484,16.2384754583,16.3270333333,False
0,20581,484,16.2634971916,16.3270333333,False
0,20582,484,16.239407621,16.3270333333,False
0,20583,484,16.2134988096,16.3270333333,False
0,20584,484,16.2299597222,16.3270333333,False
0,20585,484,16.3112228357,16.3270333333,False
0,20586,484,16.2626050689,16.3270333333,False
0,20587,484,16.2208413239,16.3270333333,False
0,20588,484,16.2346819979,16.3270333333,False
0,20589,484,16.240860022,16.3270333333,False
0,20590,484,16.218070755,16.3270333333,False
0,20591,484,16.2859887413,16.3270333333,False
0,20592,484,16.239888695,16.3270333333,False
0,20593,484,16.2276184601,16.3270333333,False
0,20594,484,16.2512212717,16.3270333333,False
0,20595,484,16.2368225963,16.3270333333,False
0,20596,484,16.25103414,16.3270333333,False
0,20597,484,16.2271696276,16.3270333333,False
0,20598,484,16.2244882012,16.3270333333,False
0,20599,484,16.2575882303,16.3270333333,False
0,20600,484,16.2768361065,16.3270333333,False
0,20601,484,16.263346393,16.3270333333,False
0,20602,484,16.2534087192,16.3270333333,False
0,20603,484,16.2829417249,16.3270333333,False
0,20604,484,16.2694648168,16.3270333333,False
0,20605,484,16.2761644145,16.3270333333,False
0,20606,484,16.2489676575,16.3270333333,False
0,20607,484,16.2654826393,16.3270333333,False
0,20608,484,16.308712604,16.3270333333,False
0,20609,484,16.234864598,16.3270333333,False
0,20610,484,16.261930216,16.3270333333,False
0,20611,484,16.2435097547,16.3270333333,False
0,20612,485,16.263292095,16.3603666667,False
0,20613,485,16.2929815151,16.3603666667,False
0,20614,485,16.3452107324,16.3603666667,False
0,20615,485,16.2710455734,16.3603666667,False
0,20616,485,16.2788790377,16.3603666667,False
0,20617,485,16.304820972,16.3603666667,False
0,20618,485,16.2792116598,16.3603666667,False
0,20619,485,16.3413954337,16.3603666667,False
0,20620,485,16.3114240198,16.3603666667,False
0,20621,485,16.2416868125,16.3603666667,False
0,20622,485,16.2838659055,16.3603666667,False
0,20623,485,16.3198960705,16.3603666667,False
0,20624,486,16.3099296178,16.3937,False
0,20625,486,16.3569023821,16.3937,False
0,20626,486,16.3194529004,16.3937,False
0,20627,486,16.348532084,16.3937,False
0,20628,486,16.3345211745,16.3937,False
0,20629,486,16.3045290326,16.3937,False
0,20630,486,16.3532179206,16.3937,False
0,20631,486,16.3286659585,16.3937,False
0,20632,486,16.306285758,16.3937,False
0,20633,487,16.3429847008,16.4270333333,False
0,20634,487,16.3261568268,16.4270333333,False
0,20635,487,16.3674783342,16.4270333333,False
0,20636,487,16.3391516601,16.4270333333,False
0,20637,487,16.3847560558,16.4270333333,False
0,20638,487,16.3590388333,16.4270333333,False
0,20639,487,16.3952702427,16.4270333333,False
0,20640,488,16.3813701422,16.4603666667,False
0,20641,488,16.3938699084,16.4603666667,False
0,20642,488,16.4095847827,16.4603666667,False
0,20643,488,16.4246876425,16.4603666667,False
0,20644,488,16.4040212451,16.4603666667,False
0,20645,488,16.4210253423,16.4603666667,False
0,20646,488,16.3870041599,16.4603666667,False
0,20647,488,16.3726737952,16.4603666667,False
0,20648,489,16.3786081391,16.4937,False
0,20649,489,16.4923523032,16.4937,False
0,20650,489,16.3805687222,16.4937,False
0,20651,489,16.3829707636,16.4937,False
0,20652,489,16.3876742177,16.4937,False
0,20653,489,16.4460695174,16.4937,False
0,20654,489,16.4026898684,16.4937,False
0,20655,489,16.3829605538,16.4937,False
0,20656,489,16.429425636,16.4937,False
0,20657,489,16.4180353301,16.4937,False
0,20658,489,16.4585841062,16.4937,False
0,20659,489,16.4122670635,16.4937,False
0,20660,489,16.4276643148,16.4937,False
0,20661,489,16.3844854398,16.4937,False
0,20662,489,16.435508044,16.4937,False
0,20663,489,16.4424245925,16.4937,False
0,20664,489,16.4158376378,16.4937,False
0,20665,489,16.4574439831,16.4937,False
0,20666,489,16.4144414566,16.4937,False
0,20667,489,16.4761557489,16.4937,False
0,20668,489,16.4295806208,16.4937,False
0,20669,489,16.4347819323,16.4937,False
0,20670,489,16.3979840609,16.4937,False
0,20671,489,16.3907820006,16.4937,False
0,20672,489,16.4246481156,16.4937,False
0,20673,489,16.3647187508,16.4937,False
0,20674,489,16.459084984,16.4937,False
0,20675,489,16.4445244527,16.4937,False
0,20676,489,16.4298430133,16.4937,False
0,20677,489,16.4369288663,16.4937,False
0,20678,489,16.3928991764,16.4937,False
0,20679,489,16.4076160418,16.4937,False
0,20680,489,16.4204418054,16.4937,False
0,20681,489,16.4485770494,16.4937,False
0,20682,489,16.3745998278,16.4937,False
0,20683,489,16.4401464732,16.4937,False
0,20684,489,16.4490144451,16.4937,False
0,20685,489,16.4430793272,16.4937,False
0,20686,489,16.4168349995,16.4937,False
0,20687,489,16.4271994553,16.4937,False
0,20688,489,16.4088198415,16.4937,False
0,20689,489,16.4100603958,16.4937,False
0,20690,489,16.4634510709,16.4937,False
0,20691,489,16.4556240763,16.4937,False
0,20692,489,16.4316860292,16.4937,False
0,20693,489,16.4227149695,16.4937,False
0,20694,489,16.438266588,16.4937,False
0,20695,489,16.4397706569,16.4937,False
0,20696,489,16.409316209,16.4937,False
0,20697,489,16.4504960873,16.4937,False
0,20698,489,16.4329099787,16.4937,False
0,20699,489,16.4067744521,16.4937,False
0,20700,489,16.3863715516,16.4937,False
0,20701,489,16.4212094508,16.4937,False
0,20702,489,16.4068208492,16.4937,False
0,20703,489,16.4327518025,16.4937,False
0,20704,489,16.3976560756,16.4937,False
0,20705,489,16.4267347507,16.4937,False
0,20706,489,16.4258189522,16.4937,False
0,20707,489,16.4156446281,16.4937,False
0,20708,489,16.4078532662,16.4937,False
0,20709,489,16.435200234,16.4937,False
0,20710,489,16.4493239526,16.4937,False
0,20711,489,16.3801376672,16.4937,False
0,20712,489,16.4112680688,16.4937,False
0,20713,489,16.4429832253,16.4937,False
0,20714,489,16.4167664587,16.4937,False
0,20715,489,16.4075262678,16.4937,False
0,20716,489,16.4483326891,16.4937,False
0,20717,489,16.4397697043,16.4937,False
0,20718,489,16.4327900212,16.4937,False
0,20719,489,16.4320505527,16.4937,False
0,20720,489,16.4397284121,16.4937,False
0,20721,489,16.4394816331,16.4937,False
0,20722,489,16.4276790813,16.4937,False
0,20723,489,16.4391624314,16.4937,False
0,20724,489,16.4099777555,16.4937,False
0,20725,489,16.4145406358,16.4937,False
0,20726,489,16.4747310538,16.4937,False
0,20727,489,16.4336191908,16.4937,False
0,20728,489,16.4240198258,16.4937,False
0,20729,489,16.3934384801,16.4937,False
0,20730,489,16.3981536937,16.4937,False
0,20731,489,16.3863188101,16.4937,False
0,20732,489,16.411414819,16.4937,False
0,20733,489,16.4428344827,16.4937,False
0,20734,489,16.4514556083,16.4937,False
0,20735,489,16.4558663965,16.4937,False
0,20736,489,16.4206658187,16.4937,False
0,20737,489,16.4355745132,16.4937,False
0,20738,489,16.4235057348,16.4937,False
0,20739,489,16.4846525793,16.4937,False
0,20740,489,16.4203802082,16.4937,False
0,20741,489,16.4423818911,16.4937,False
0,20742,489,16.4266066525,16.4937,False
0,20743,489,16.4129622831,16.4937,False
0,20744,489,16.4703080059,16.4937,False
0,20745,489,16.445643375,16.4937,False
0,20746,489,16.4386017429,16.4937,False
0,20747,489,16.4668922072,16.4937,False
0,20748,489,16.4616855536,16.4937,False
0,20749,489,16.3837185481,16.4937,False
0,20750,489,16.4141438049,16.4937,False
0,20751,489,16.4358119618,16.4937,False
0,20752,489,16.466235252,16.4937,False
0,20753,489,16.439457245,16.4937,False
0,20754,489,16.3953285134,16.4937,False
0,20755,489,16.4296939961,16.4937,False
0,20756,489,16.452947477,16.4937,False
0,20757,489,16.4473222134,16.4937,False
0,20758,489,16.4189745622,16.4937,False
0,20759,489,16.4053095723,16.4937,False
0,20760,489,16.4654414565,16.4937,False
0,20761,489,16.410551337,16.4937,False
0,20762,489,16.4054148316,16.4937,False
0,20763,489,16.4294734394,16.4937,False
0,20764,489,16.4290744367,16.4937,False
0,20765,489,16.4592010713,16.4937,False
0,20766,489,16.4419929609,16.4937,False
0,20767,489,16.4043380928,16.4937,False
0,20768,489,16.4382812559,16.4937,False
0,20769,489,16.4506028319,16.4937,False
0,20770,489,16.4081029175,16.4937,False
0,20771,489,16.4000713698,16.4937,False
0,20772,489,16.4269115569,16.4937,False
0,20773,489,16.4429571799,16.4937,False
0,20774,489,16.3951853467,16.4937,False
0,20775,489,16.4048592824,16.4937,False
0,20776,489,16.4097829264,16.4937,False
0,20777,489,16.4612215591,16.4937,False
0,20778,489,16.3839536338,16.4937,False
0,20779,489,16.441163331,16.4937,False
0,20780,489,16.372615894,16.4937,False
0,20781,489,16.4113303418,16.4937,False
0,20782,489,16.4588380284,16.4937,False
0,20783,489,16.4042831173,16.4937,False
0,20784,489,16.4145064881,16.4937,False
0,20785,489,16.3955733205,16.4937,False
0,20786,489,16.4552023946,16.4937,False
0,20787,489,16.4281910946,16.4937,False
0,20788,489,16.3810415057,16.4937,False
0,20789,489,16.3868488858,16.4937,False
0,20790,489,16.4418174203,16.4937,False
0,20791,489,16.4245658631,16.4937,False
0,20792,489,16.3969475006,16.4937,False
0,20793,489,16.4394756491,16.4937,False
0,20794,489,16.4650140787,16.4937,False
0,20795,489,16.4104153799,16.4937,False
0,20796,489,16.4178563411,16.4937,False
0,20797,489,16.4353741445,16.4937,False
0,20798,489,16.491782689,16.4937,False
0,20799,489,16.4226542409,16.4937,False
0,20800,489,16.4482007957,16.4937,False
0,20801,489,16.4375275088,16.4937,False
0,20802,489,16.4197303616,16.4937,False
0,20803,489,16.4315458905,16.4937,False
0,20804,489,16.3959088984,16.4937,False
0,20805,489,16.4510494752,16.4937,False
0,20806,489,16.4695076652,16.4937,False
0,20807,489,16.4222275167,16.4937,False
0,20808,489,16.3438804054,16.4937,False
0,20809,489,16.411368524,16.4937,False
0,20810,489,16.4373187149,16.4937,False
0,20811,489,16.4166513032,16.4937,False
0,20812,489,16.4182071267,16.4937,False
0,20813,489,16.447105974,16.4937,False
0,20814,489,16.377549329,16.4937,False
0,20815,489,16.3863832627,16.4937,False
0,20816,489,16.392985731,16.4937,False
0,20817,489,16.4180433586,16.4937,False
0,20818,489,16.443151764,16.4937,False
0,20819,489,16.4422897657,16.4937,False
0,20820,489,16.4512101971,16.4937,False
0,20821,489,16.3969558226,16.4937,False
0,20822,489,16.4703180122,16.4937,False
0,20823,489,16.4238976437,16.4937,False
0,20824,489,16.4193765304,16.4937,False
0,20825,489,16.429084456,16.4937,False
0,20826,489,16.4145814235,16.4937,False
0,20827,489,16.3952576245,16.4937,False
0,20828,489,16.4215363581,16.4937,False
0,20829,489,16.3993692787,16.4937,False
0,20830,489,16.43327422,16.4937,False
0,20831,489,16.4355268126,16.4937,False
0,20832,489,16.4681896455,16.4937,False
0,20833,489,16.4026394206,16.4937,False
0,20834,489,16.4051160477,16.4937,False
0,20835,489,16.4160471489,16.4937,False
0,20836,489,16.4060901437,16.4937,False
0,20837,489,16.4235488389,16.4937,False
0,20838,489,16.4251369913,16.4937,False
0,20839,489,16.413509687,16.4937,False
0,20840,489,16.4087762641,16.4937,False
0,20841,489,16.4274301766,16.4937,False
0,20842,489,16.401532427,16.4937,False
0,20843,489,16.4187923934,16.4937,False
0,20844,489,16.4158992614,16.4937,False
0,20845,489,16.4044946207,16.4937,False
0,20846,489,16.407434822,16.4937,False
0,20847,489,16.4098807049,16.4937,False
0,20848,489,16.4279774806,16.4937,False
0,20849,489,16.3833977354,16.4937,False
0,20850,489,16.4537057129,16.4937,False
0,20851,489,16.4149505336,16.4937,False
0,20852,489,16.4648655392,16.4937,False
0,20853,489,16.4394949691,16.4937,False
0,20854,489,16.4519155626,16.4937,False
0,20855,489,16.3925030721,16.4937,False
0,20856,489,16.4108476503,16.4937,False
0,20857,489,16.4513661278,16.4937,False
0,20858,489,16.408409418,16.4937,False
0,20859,489,16.4150445725,16.4937,False
0,20860,489,16.4208853606,16.4937,False
0,20861,489,16.4305256584,16.4937,False
0,20862,489,16.4297102463,16.4937,False
0,20863,489,16.4507199161,16.4937,False
0,20864,489,16.3896225634,16.4937,False
0,20865,489,16.4387381011,16.4937,False
0,20866,489,16.4022259924,16.4937,False
0,20867,489,16.4320481747,16.4937,False
0,20868,489,16.4338301779,16.4937,False
0,20869,489,16.3999819248,16.4937,False
0,20870,489,16.3880769605,16.4937,False
0,20871,489,16.4557023224,16.4937,False
0,20872,489,16.3677198925,16.4937,False
0,20873,489,16.4305283516,16.4937,False
0,20874,489,16.4117679627,16.4937,False
0,20875,489,16.438250967,16.4937,False
0,20876,489,16.4220883788,16.4937,False
0,20877,489,16.4678734333,16.4937,False
0,20878,489,16.4902856763,16.4937,False
0,20879,489,16.4044519039,16.4937,False
0,20880,489,16.4555463193,16.4937,False
0,20881,489,16.4046385114,16.4937,False
0,20882,489,16.493402501,16.4937,False
0,20883,489,16.4434362069,16.4937,False
0,20884,489,16.441325167,16.4937,False
0,20885,489,16.4594453658,16.4937,False
0,20886,489,16.3875998686,16.4937,False
0,20887,489,16.4130798621,16.4937,False
0,20888,489,16.3766330365,16.4937,False
0,20889,489,16.436681313,16.4937,False
0,20890,489,16.434978509,16.4937,False
0,20891,489,16.4372762508,16.4937,False
0,20892,489,16.4262579756,16.4937,False
0,20893,489,16.4065221351,16.4937,False
0,20894,489,16.4134360495,16.4937,False
0,20895,489,16.4428654254,16.4937,False
0,20896,489,16.4304522706,16.4937,False
0,20897,489,16.4294521905,16.4937,False
0,20898,489,16.3892814776,16.4937,False
0,20899,489,16.3882499725,16.4937,False
0,20900,489,16.4433603458,16.4937,False
0,20901,489,16.4620014641,16.4937,False
0,20902,489,16.3926507315,16.4937,False
0,20903,489,16.4781773377,16.4937,False
0,20904,489,16.4561645396,16.4937,False
0,20905,489,16.4199979752,16.4937,False
0,20906,489,16.4026364788,16.4937,False
0,20907,489,16.4605565459,16.4937,False
0,20908,489,16.411713252,16.4937,False
0,20909,489,16.4242006543,16.4937,False
0,20910,489,16.4451113897,16.4937,False
0,20911,489,16.4062761513,16.4937,False
0,20912,489,16.4315752761,16.4937,False
0,20913,489,16.4127751702,16.4937,False
0,20914,489,16.4365951426,16.4937,False
0,20915,489,16.4560500311,16.4937,False
0,20916,489,16.3888768043,16.4937,False
0,20917,489,16.4056415412,16.4937,False
0,20918,489,16.4276962292,16.4937,False
0,20919,489,16.3727364659,16.4937,False
0,20920,489,16.4301185236,16.4937,False
0,20921,489,16.3884953392,16.4937,False
0,20922,489,16.4051456895,16.4937,False
0,20923,489,16.4282444107,16.4937,False
0,20924,489,16.4202612701,16.4937,False
0,20925,489,16.4301486826,16.4937,False
0,20926,489,16.4041023873,16.4937,False
0,20927,489,16.4540014566,16.4937,False
0,20928,489,16.4404416922,16.4937,False
0,20929,489,16.4450423565,16.4937,False
0,20930,489,16.3998776331,16.4937,False
0,20931,489,16.438801389,16.4937,False
0,20932,489,16.4361623653,16.4937,False
0,20933,489,16.4490117084,16.4937,False
0,20934,489,16.4889482331,16.4937,False
0,20935,489,16.4079364773,16.4937,False
0,20936,489,16.3860565793,16.4937,False
0,20937,489,16.4389218573,16.4937,False
0,20938,489,16.4588612584,16.4937,False
0,20939,489,16.4105086867,16.4937,False
0,20940,489,16.4298783897,16.4937,False
0,20941,489,16.4338064271,16.4937,False
0,20942,489,16.4400613706,16.4937,False
0,20943,489,16.3939212487,16.4937,False
0,20944,489,16.4117997234,16.4937,False
0,20945,489,16.4516835379,16.4937,False
0,20946,489,16.4441725558,16.4937,False
0,20947,489,16.425580421,16.4937,False
0,20948,489,16.4564751254,16.4937,False
0,20949,490,16.4443600956,16.5270333333,False
0,20950,490,16.4603494698,16.5270333333,False
0,20951,490,16.4759458029,16.5270333333,False
0,20952,490,16.4540241128,16.5270333333,False
0,20953,490,16.4779008569,16.5270333333,False
0,20954,490,16.4695012867,16.5270333333,False
0,20955,490,16.4523499361,16.5270333333,False
0,20956,490,16.430777485,16.5270333333,False
0,20957,490,16.4765062214,16.5270333333,False
0,20958,490,16.420164412,16.5270333333,False
0,20959,490,16.4416190928,16.5270333333,False
0,20960,490,16.4402437052,16.5270333333,False
0,20961,491,16.4810731023,16.5603666667,False
0,20962,491,16.5149600044,16.5603666667,False
0,20963,491,16.4731533649,16.5603666667,False
0,20964,491,16.5049343238,16.5603666667,False
0,20965,491,16.5136882314,16.5603666667,False
0,20966,491,16.5132031704,16.5603666667,False
0,20967,491,16.4995137039,16.5603666667,False
0,20968,491,16.4738382723,16.5603666667,False
0,20969,491,16.4855476268,16.5603666667,False
0,20970,492,16.5166294237,16.5937,False
0,20971,492,16.5057938946,16.5937,False
0,20972,492,16.5542164885,16.5937,False
0,20973,492,16.5705464437,16.5937,False
0,20974,492,16.5396215791,16.5937,False
0,20975,492,16.5427179971,16.5937,False
0,20976,493,16.5626283268,16.6270333333,False
0,20977,493,16.5508462562,16.6270333333,False
0,20978,493,16.5300018281,16.6270333333,False
0,20979,493,16.5665303518,16.6270333333,False
0,20980,493,16.5400609553,16.6270333333,False
0,20981,493,16.5322422615,16.6270333333,False
0,20982,494,16.5819549283,16.6603666667,False
0,20983,494,16.5878013043,16.6603666667,False
0,20984,494,16.5775804283,16.6603666667,False
0,20985,494,16.5714906145,16.6603666667,False
0,20986,494,16.6044337466,16.6603666667,False
0,20987,494,16.6321956305,16.6603666667,False
0,20988,494,16.5784565763,16.6603666667,False
0,20989,494,16.5897911591,16.6603666667,False
0,20990,494,16.5909803708,16.6603666667,False
0,20991,494,16.5801316696,16.6603666667,False
0,20992,494,16.603423938,16.6603666667,False
0,20993,494,16.5907213352,16.6603666667,False
0,20994,494,16.5952459495,16.6603666667,False
0,20995,494,16.623717232,16.6603666667,False
0,20996,494,16.5937617557,16.6603666667,False
0,20997,494,16.5855093498,16.6603666667,False
0,20998,494,16.5708721541,16.6603666667,False
0,20999,494,16.6137260207,16.6603666667,False
0,21000,494,16.6133923364,16.6603666667,False
0,21001,494,16.6134889417,16.6603666667,False
0,21002,494,16.5885922857,16.6603666667,False
0,21003,494,16.6097251725,16.6603666667,False
0,21004,494,16.5482610031,16.6603666667,False
0,21005,494,16.5720282285,16.6603666667,False
0,21006,494,16.553662014,16.6603666667,False
0,21007,494,16.5734768505,16.6603666667,False
0,21008,494,16.5802680189,16.6603666667,False
0,21009,494,16.5931716383,16.6603666667,False
0,21010,494,16.5907942451,16.6603666667,False
0,21011,494,16.5785077909,16.6603666667,False
0,21012,494,16.5499238856,16.6603666667,False
0,21013,494,16.6462251853,16.6603666667,False
0,21014,494,16.6255600728,16.6603666667,False
0,21015,494,16.5921884825,16.6603666667,False
0,21016,494,16.5932104262,16.6603666667,False
0,21017,494,16.6148119684,16.6603666667,False
0,21018,494,16.5927972265,16.6603666667,False
0,21019,494,16.6105393235,16.6603666667,False
0,21020,494,16.564215638,16.6603666667,False
0,21021,494,16.6013516898,16.6603666667,False
0,21022,494,16.5863091482,16.6603666667,False
0,21023,494,16.5811813868,16.6603666667,False
0,21024,494,16.5888990006,16.6603666667,False
0,21025,494,16.5954377288,16.6603666667,False
0,21026,494,16.6109941387,16.6603666667,False
0,21027,494,16.5485205268,16.6603666667,False
0,21028,494,16.5893416533,16.6603666667,False
0,21029,494,16.5774888838,16.6603666667,False
0,21030,494,16.5366034669,16.6603666667,False
0,21031,494,16.5781663059,16.6603666667,False
0,21032,494,16.5855395934,16.6603666667,False
0,21033,494,16.5633438257,16.6603666667,False
0,21034,494,16.5717827206,16.6603666667,False
0,21035,494,16.6246416409,16.6603666667,False
0,21036,494,16.5754941272,16.6603666667,False
0,21037,494,16.5953153248,16.6603666667,False
0,21038,494,16.5937242533,16.6603666667,False
0,21039,494,16.5706383365,16.6603666667,False
0,21040,494,16.6149599378,16.6603666667,False
0,21041,494,16.5926243997,16.6603666667,False
0,21042,494,16.6206949153,16.6603666667,False
0,21043,494,16.6221192138,16.6603666667,False
0,21044,494,16.5718071099,16.6603666667,False
0,21045,494,16.6038608658,16.6603666667,False
0,21046,494,16.5503313575,16.6603666667,False
0,21047,494,16.6070792336,16.6603666667,False
0,21048,494,16.5885738938,16.6603666667,False
0,21049,494,16.6135377485,16.6603666667,False
0,21050,494,16.5837125079,16.6603666667,False
0,21051,494,16.6117199147,16.6603666667,False
0,21052,494,16.6202123816,16.6603666667,False
0,21053,494,16.6270402358,16.6603666667,False
0,21054,494,16.5960783368,16.6603666667,False
0,21055,494,16.6044678103,16.6603666667,False
0,21056,494,16.5773181256,16.6603666667,False
0,21057,494,16.6191918893,16.6603666667,False
0,21058,494,16.6022114426,16.6603666667,False
0,21059,494,16.5737514729,16.6603666667,False
0,21060,494,16.585296692,16.6603666667,False
0,21061,494,16.5739369028,16.6603666667,False
0,21062,494,16.5379091074,16.6603666667,False
0,21063,494,16.5782782177,16.6603666667,False
0,21064,494,16.6047177581,16.6603666667,False
0,21065,494,16.5769721937,16.6603666667,False
0,21066,494,16.5614647088,16.6603666667,False
0,21067,494,16.5890990617,16.6603666667,False
0,21068,494,16.6198474622,16.6603666667,False
0,21069,494,16.5762880931,16.6603666667,False
0,21070,494,16.5930179559,16.6603666667,False
0,21071,494,16.643374831,16.6603666667,False
0,21072,494,16.6030232417,16.6603666667,False
0,21073,494,16.5564677534,16.6603666667,False
0,21074,494,16.5679916408,16.6603666667,False
0,21075,494,16.5870276965,16.6603666667,False
0,21076,494,16.5628374623,16.6603666667,False
0,21077,494,16.5924873095,16.6603666667,False
0,21078,494,16.5808063273,16.6603666667,False
0,21079,494,16.5725044121,16.6603666667,False
0,21080,494,16.5705951104,16.6603666667,False
0,21081,494,16.5843287394,16.6603666667,False
0,21082,494,16.5821791626,16.6603666667,False
0,21083,494,16.626631952,16.6603666667,False
0,21084,494,16.6620691691,16.6603666667,True
0,21085,494,16.6131874547,16.6603666667,False
0,21086,494,16.6087605254,16.6603666667,False
0,21087,494,16.6089102825,16.6603666667,False
0,21088,494,16.5906075913,16.6603666667,False
0,21089,494,16.5738148389,16.6603666667,False
0,21090,494,16.6096644968,16.6603666667,False
0,21091,494,16.5932038481,16.6603666667,False
0,21092,494,16.5564385004,16.6603666667,False
0,21093,494,16.607124695,16.6603666667,False
0,21094,494,16.5945383362,16.6603666667,False
0,21095,494,16.5780090781,16.6603666667,False
0,21096,494,16.5642412507,16.6603666667,False
0,21097,494,16.6190055249,16.6603666667,False
0,21098,494,16.6079937941,16.6603666667,False
0,21099,494,16.5976341675,16.6603666667,False
0,21100,494,16.6384447408,16.6603666667,False
0,21101,494,16.572361332,16.6603666667,False
0,21102,494,16.5848463328,16.6603666667,False
0,21103,494,16.5491997074,16.6603666667,False
0,21104,494,16.600921027,16.6603666667,False
0,21105,494,16.6041335124,16.6603666667,False
0,21106,494,16.5848150859,16.6603666667,False
0,21107,494,16.5931112478,16.6603666667,False
0,21108,494,16.5741315021,16.6603666667,False
0,21109,494,16.633225949,16.6603666667,False
0,21110,494,16.6056381451,16.6603666667,False
0,21111,494,16.5930569746,16.6603666667,False
0,21112,494,16.5817985046,16.6603666667,False
0,21113,494,16.5343023781,16.6603666667,False
0,21114,494,16.6032962071,16.6603666667,False
0,21115,494,16.5860797366,16.6603666667,False
0,21116,494,16.601210177,16.6603666667,False
0,21117,494,16.6469803472,16.6603666667,False
0,21118,494,16.5615427502,16.6603666667,False
0,21119,494,16.6035837609,16.6603666667,False
0,21120,494,16.5689414331,16.6603666667,False
0,21121,494,16.6264862424,16.6603666667,False
0,21122,494,16.6581894507,16.6603666667,False
0,21123,494,16.5790705494,16.6603666667,False
0,21124,494,16.5764875151,16.6603666667,False
0,21125,494,16.5812207449,16.6603666667,False
0,21126,494,16.5827272391,16.6603666667,False
0,21127,494,16.5722008882,16.6603666667,False
0,21128,494,16.6016746244,16.6603666667,False
0,21129,494,16.596589716,16.6603666667,False
0,21130,494,16.5791928783,16.6603666667,False
0,21131,494,16.6380448744,16.6603666667,False
0,21132,494,16.5890903537,16.6603666667,False
0,21133,494,16.5528842699,16.6603666667,False
0,21134,494,16.5754251088,16.6603666667,False
0,21135,494,16.5593703227,16.6603666667,False
0,21136,494,16.5765710811,16.6603666667,False
0,21137,494,16.5820202066,16.6603666667,False
0,21138,494,16.5322703636,16.6603666667,False
0,21139,494,16.5783630983,16.6603666667,False
0,21140,494,16.6047808881,16.6603666667,False
0,21141,494,16.6232506874,16.6603666667,False
0,21142,494,16.5300520443,16.6603666667,False
0,21143,494,16.6162377532,16.6603666667,False
0,21144,494,16.5252430606,16.6603666667,False
0,21145,494,16.5763848809,16.6603666667,False
0,21146,494,16.584682062,16.6603666667,False
0,21147,494,16.5806073528,16.6603666667,False
0,21148,494,16.6007313899,16.6603666667,False
0,21149,494,16.6151622755,16.6603666667,False
0,21150,494,16.5797534114,16.6603666667,False
0,21151,494,16.6057022182,16.6603666667,False
0,21152,494,16.5944368216,16.6603666667,False
0,21153,494,16.5752986639,16.6603666667,False
0,21154,494,16.6122820602,16.6603666667,False
0,21155,494,16.5828387078,16.6603666667,False
0,21156,494,16.5743340047,16.6603666667,False
0,21157,494,16.5871061479,16.6603666667,False
0,21158,494,16.6072361779,16.6603666667,False
0,21159,494,16.5300173682,16.6603666667,False
0,21160,494,16.6011643984,16.6603666667,False
0,21161,494,16.5850178127,16.6603666667,False
0,21162,494,16.5629718209,16.6603666667,False
0,21163,494,16.5809738798,16.6603666667,False
0,21164,494,16.5899057484,16.6603666667,False
0,21165,494,16.6191284565,16.6603666667,False
0,21166,494,16.5591037769,16.6603666667,False
0,21167,494,16.6127419013,16.6603666667,False
0,21168,494,16.6128422527,16.6603666667,False
0,21169,494,16.5813098414,16.6603666667,False
0,21170,494,16.6050958894,16.6603666667,False
0,21171,494,16.5892137264,16.6603666667,False
0,21172,494,16.6214483916,16.6603666667,False
0,21173,494,16.5867279617,16.6603666667,False
0,21174,494,16.5687423527,16.6603666667,False
0,21175,494,16.5682503055,16.6603666667,False
0,21176,494,16.5828653587,16.6603666667,False
0,21177,494,16.5940525763,16.6603666667,False
0,21178,494,16.6182365686,16.6603666667,False
0,21179,494,16.5827752358,16.6603666667,False
0,21180,494,16.6323013306,16.6603666667,False
0,21181,494,16.606826907,16.6603666667,False
0,21182,494,16.5844139651,16.6603666667,False
0,21183,494,16.6029745826,16.6603666667,False
0,21184,494,16.6077334537,16.6603666667,False
0,21185,494,16.62250767,16.6603666667,False
0,21186,494,16.6230553985,16.6603666667,False
0,21187,494,16.5640135441,16.6603666667,False
0,21188,494,16.5826329362,16.6603666667,False
0,21189,494,16.5517096111,16.6603666667,False
0,21190,494,16.5524525469,16.6603666667,False
0,21191,494,16.6159882535,16.6603666667,False
0,21192,494,16.5978723458,16.6603666667,False
0,21193,494,16.6338023901,16.6603666667,False
0,21194,494,16.5725000416,16.6603666667,False
0,21195,494,16.5887616266,16.6603666667,False
0,21196,494,16.6114750279,16.6603666667,False
0,21197,494,16.6046023375,16.6603666667,False
0,21198,494,16.6010014004,16.6603666667,False
0,21199,494,16.6469837723,16.6603666667,False
0,21200,494,16.5719531398,16.6603666667,False
0,21201,494,16.6123513647,16.6603666667,False
0,21202,494,16.6083933965,16.6603666667,False
0,21203,494,16.5746014494,16.6603666667,False
0,21204,494,16.6082616152,16.6603666667,False
0,21205,494,16.5565386629,16.6603666667,False
0,21206,494,16.5863837866,16.6603666667,False
0,21207,494,16.6061330508,16.6603666667,False
0,21208,494,16.5678793493,16.6603666667,False
0,21209,494,16.5897785954,16.6603666667,False
0,21210,494,16.6048296244,16.6603666667,False
0,21211,494,16.6094832822,16.6603666667,False
0,21212,494,16.6212227001,16.6603666667,False
0,21213,494,16.6128366981,16.6603666667,False
0,21214,494,16.5575414606,16.6603666667,False
0,21215,494,16.6173280437,16.6603666667,False
0,21216,494,16.6494459069,16.6603666667,False
0,21217,494,16.6065482328,16.6603666667,False
0,21218,494,16.5677047396,16.6603666667,False
0,21219,494,16.586428467,16.6603666667,False
0,21220,494,16.6081564913,16.6603666667,False
0,21221,494,16.5718538583,16.6603666667,False
0,21222,494,16.6083548847,16.6603666667,False
0,21223,494,16.6001753603,16.6603666667,False
0,21224,494,16.5507603927,16.6603666667,False
0,21225,494,16.5634199102,16.6603666667,False
0,21226,494,16.5317074761,16.6603666667,False
0,21227,494,16.5687736724,16.6603666667,False
0,21228,494,16.5772012354,16.6603666667,False
0,21229,494,16.5674297223,16.6603666667,False
0,21230,494,16.5979851418,16.6603666667,False
0,21231,494,16.5699695434,16.6603666667,False
0,21232,494,16.5554797205,16.6603666667,False
0,21233,494,16.5963381412,16.6603666667,False
0,21234,494,16.6510858195,16.6603666667,False
0,21235,494,16.5985694549,16.6603666667,False
0,21236,494,16.6109710714,16.6603666667,False
0,21237,494,16.5771250634,16.6603666667,False
0,21238,494,16.5900644238,16.6603666667,False
0,21239,494,16.5936420202,16.6603666667,False
0,21240,494,16.591916576,16.6603666667,False
0,21241,494,16.608325085,16.6603666667,False
0,21242,494,16.5765530778,16.6603666667,False
0,21243,494,16.5901661525,16.6603666667,False
0,21244,494,16.6023924239,16.6603666667,False
0,21245,494,16.5678911505,16.6603666667,False
0,21246,494,16.5820530847,16.6603666667,False
0,21247,494,16.5531599061,16.6603666667,False
0,21248,494,16.6171568387,16.6603666667,False
0,21249,494,16.577539356,16.6603666667,False
0,21250,494,16.5892776815,16.6603666667,False
0,21251,494,16.5680260084,16.6603666667,False
0,21252,494,16.5678287131,16.6603666667,False
0,21253,494,16.5676197063,16.6603666667,False
0,21254,494,16.5403019014,16.6603666667,False
0,21255,494,16.5727575939,16.6603666667,False
0,21256,494,16.580935611,16.6603666667,False
0,21257,494,16.5430606781,16.6603666667,False
0,21258,494,16.6024753227,16.6603666667,False
0,21259,494,16.5673018321,16.6603666667,False
0,21260,494,16.5544921223,16.6603666667,False
0,21261,494,16.6067064103,16.6603666667,False
0,21262,494,16.5878016377,16.6603666667,False
0,21263,494,16.6073501056,16.6603666667,False
0,21264,494,16.5587606734,16.6603666667,False
0,21265,494,16.5714005299,16.6603666667,False
0,21266,494,16.5744856589,16.6603666667,False
0,21267,494,16.5821415876,16.6603666667,False
0,21268,494,16.6079308157,16.6603666667,False
0,21269,494,16.6001958928,16.6603666667,False
0,21270,494,16.6065222333,16.6603666667,False
0,21271,494,16.5736949375,16.6603666667,False
0,21272,494,16.5975409118,16.6603666667,False
0,21273,494,16.6083341297,16.6603666667,False
0,21274,494,16.5864148099,16.6603666667,False
0,21275,494,16.6250243794,16.6603666667,False
0,21276,494,16.5391750185,16.6603666667,False
0,21277,494,16.5696507387,16.6603666667,False
0,21278,494,16.6130115465,16.6603666667,False
0,21279,494,16.6146508534,16.6603666667,False
0,21280,495,16.588540761,16.6937,False
0,21281,495,16.6705261939,16.6937,False
0,21282,495,16.57010625,16.6937,False
0,21283,495,16.6583075874,16.6937,False
0,21284,495,16.6354149243,16.6937,False
0,21285,495,16.5883034295,16.6937,False
0,21286,495,16.673622117,16.6937,False
0,21287,495,16.6430890035,16.6937,False
0,21288,495,16.6400751088,16.6937,False
0,21289,495,16.6272012673,16.6937,False
0,21290,495,16.6771128876,16.6937,False
0,21291,495,16.679835009,16.6937,False
0,21292,496,16.6945544197,16.7270333333,False
0,21293,496,16.6299337309,16.7270333333,False
0,21294,496,16.6658068985,16.7270333333,False
0,21295,496,16.6345454186,16.7270333333,False
0,21296,496,16.6365319766,16.7270333333,False
0,21297,496,16.6632573511,16.7270333333,False
0,21298,496,16.6433694724,16.7270333333,False
0,21299,496,16.6803207087,16.7270333333,False
0,21300,497,16.6942033464,16.7603666667,False
0,21301,497,16.729889634,16.7603666667,False
0,21302,497,16.6741771867,16.7603666667,False
0,21303,497,16.7063631534,16.7603666667,False
0,21304,497,16.7056620753,16.7603666667,False
0,21305,497,16.6858694068,16.7603666667,False
0,21306,498,16.713467897,16.7937,False
0,21307,498,16.7088150031,16.7937,False
0,21308,498,16.7071348107,16.7937,False
0,21309,498,16.7411873094,16.7937,False
0,21310,498,16.7278358486,16.7937,False
0,21311,498,16.7322423909,16.7937,False
0,21312,498,16.7499946157,16.7937,False
0,21313,498,16.7200160127,16.7937,False
0,21314,499,16.7315170451,16.8270333333,False
0,21315,499,16.7676210486,16.8270333333,False
0,21316,499,16.7617846771,16.8270333333,False
0,21317,499,16.7918890697,16.8270333333,False
0,21318,499,16.7399171103,16.8270333333,False
0,21319,499,16.7674938971,16.8270333333,False
0,21320,499,16.7677005544,16.8270333333,False
0,21321,499,16.7840741477,16.8270333333,False
0,21322,499,16.7455004039,16.8270333333,False
0,21323,499,16.7590187141,16.8270333333,False
0,21324,499,16.7781112337,16.8270333333,False
0,21325,499,16.7394237286,16.8270333333,False
0,21326,499,16.7506425344,16.8270333333,False
0,21327,499,16.7923074044,16.8270333333,False
0,21328,499,16.6930711481,16.8270333333,False
0,21329,499,16.7558503801,16.8270333333,False
0,21330,499,16.7188453284,16.8270333333,False
0,21331,499,16.798369867,16.8270333333,False
0,21332,499,16.7835742613,16.8270333333,False
0,21333,499,16.7507732401,16.8270333333,False
0,21334,499,16.770330055,16.8270333333,False
0,21335,499,16.7536483215,16.8270333333,False
0,21336,499,16.7689222936,16.8270333333,False
0,21337,499,16.7412012844,16.8270333333,False
0,21338,499,16.7352082325,16.8270333333,False
0,21339,499,16.7553936991,16.8270333333,False
0,21340,499,16.7757729913,16.8270333333,False
0,21341,499,16.7817274996,16.8270333333,False
0,21342,499,16.7689118927,16.8270333333,False
0,21343,499,16.7680250536,16.8270333333,False
0,21344,499,16.774020049,16.8270333333,False
0,21345,499,16.737618952,16.8270333333,False
0,21346,499,16.7643757043,16.8270333333,False
0,21347,499,16.7812766386,16.8270333333,False
0,21348,499,16.7729277734,16.8270333333,False
0,21349,499,16.7579006126,16.8270333333,False
0,21350,499,16.75716136,16.8270333333,False
0,21351,499,16.7867879107,16.8270333333,False
0,21352,499,16.7631122601,16.8270333333,False
0,21353,499,16.7334534037,16.8270333333,False
0,21354,499,16.8122376066,16.8270333333,False
0,21355,499,16.8132718294,16.8270333333,False
0,21356,499,16.7802186856,16.8270333333,False
0,21357,499,16.7572283296,16.8270333333,False
0,21358,499,16.7648811763,16.8270333333,False
0,21359,499,16.7634500018,16.8270333333,False
0,21360,499,16.7388680311,16.8270333333,False
0,21361,499,16.7877304354,16.8270333333,False
0,21362,499,16.7652410734,16.8270333333,False
0,21363,499,16.7517566949,16.8270333333,False
0,21364,499,16.7340342635,16.8270333333,False
0,21365,499,16.7438724378,16.8270333333,False
0,21366,499,16.7497419525,16.8270333333,False
0,21367,499,16.7538593994,16.8270333333,False
0,21368,499,16.7592734787,16.8270333333,False
0,21369,499,16.7551990604,16.8270333333,False
0,21370,499,16.7718426761,16.8270333333,False
0,21371,499,16.7379852997,16.8270333333,False
0,21372,499,16.767839266,16.8270333333,False
0,21373,499,16.7784223202,16.8270333333,False
0,21374,499,16.7790225188,16.8270333333,False
0,21375,499,16.7818294911,16.8270333333,False
0,21376,499,16.7523339358,16.8270333333,False
0,21377,499,16.760367957,16.8270333333,False
0,21378,499,16.7651211157,16.8270333333,False
0,21379,499,16.7376361939,16.8270333333,False
0,21380,499,16.7263906848,16.8270333333,False
0,21381,499,16.7409773987,16.8270333333,False
0,21382,499,16.7577089406,16.8270333333,False
0,21383,499,16.7859068465,16.8270333333,False
0,21384,499,16.7471395983,16.8270333333,False
0,21385,499,16.7454243791,16.8270333333,False
0,21386,499,16.7691247346,16.8270333333,False
0,21387,499,16.7406471708,16.8270333333,False
0,21388,499,16.7580102069,16.8270333333,False
0,21389,499,16.8007574082,16.8270333333,False
0,21390,499,16.7294530389,16.8270333333,False
0,21391,499,16.769390222,16.8270333333,False
0,21392,499,16.745491178,16.8270333333,False
0,21393,499,16.7392495654,16.8270333333,False
0,21394,499,16.7872384528,16.8270333333,False
0,21395,499,16.7469971421,16.8270333333,False
0,21396,499,16.7369042016,16.8270333333,False
0,21397,499,16.7802988392,16.8270333333,False
0,21398,499,16.7718245927,16.8270333333,False
0,21399,499,16.7815671859,16.8270333333,False
0,21400,499,16.743932532,16.8270333333,False
0,21401,499,16.7730201824,16.8270333333,False
0,21402,499,16.7946026907,16.8270333333,False
0,21403,499,16.725708317,16.8270333333,False
0,21404,499,16.7836602109,16.8270333333,False
0,21405,499,16.780648629,16.8270333333,False
0,21406,499,16.7712600054,16.8270333333,False
0,21407,499,16.7532982347,16.8270333333,False
0,21408,499,16.7712930373,16.8270333333,False
0,21409,499,16.7563679604,16.8270333333,False
0,21410,499,16.7555650258,16.8270333333,False
0,21411,499,16.7655708475,16.8270333333,False
0,21412,499,16.781973058,16.8270333333,False
0,21413,499,16.7657810716,16.8270333333,False
0,21414,499,16.7558771827,16.8270333333,False
0,21415,499,16.7344501144,16.8270333333,False
0,21416,499,16.7816468616,16.8270333333,False
0,21417,499,16.7272097768,16.8270333333,False
0,21418,499,16.748604679,16.8270333333,False
0,21419,499,16.8178550266,16.8270333333,False
0,21420,499,16.7378826802,16.8270333333,False
0,21421,499,16.7470613624,16.8270333333,False
0,21422,499,16.7076378785,16.8270333333,False
0,21423,499,16.747819092,16.8270333333,False
0,21424,499,16.7440198681,16.8270333333,False
0,21425,499,16.761871785,16.8270333333,False
0,21426,499,16.7392680938,16.8270333333,False
0,21427,499,16.7417709637,16.8270333333,False
0,21428,499,16.7574177565,16.8270333333,False
0,21429,499,16.7652698911,16.8270333333,False
0,21430,499,16.7625652391,16.8270333333,False
0,21431,499,16.735521843,16.8270333333,False
0,21432,499,16.7391455834,16.8270333333,False
0,21433,499,16.7659150669,16.8270333333,False
0,21434,499,16.779056945,16.8270333333,False
0,21435,499,16.7269379571,16.8270333333,False
0,21436,499,16.7492467878,16.8270333333,False
0,21437,499,16.7228193526,16.8270333333,False
0,21438,499,16.7985789417,16.8270333333,False
0,21439,499,16.7236432533,16.8270333333,False
0,21440,499,16.7673504367,16.8270333333,False
0,21441,499,16.7613564728,16.8270333333,False
0,21442,499,16.7316666547,16.8270333333,False
0,21443,499,16.7127362309,16.8270333333,False
0,21444,499,16.7551783284,16.8270333333,False
0,21445,499,16.7230364922,16.8270333333,False
0,21446,499,16.7574977069,16.8270333333,False
0,21447,499,16.7956181062,16.8270333333,False
0,21448,499,16.7547465728,16.8270333333,False
0,21449,499,16.7655651094,16.8270333333,False
0,21450,499,16.7909930572,16.8270333333,False
0,21451,499,16.7375808182,16.8270333333,False
0,21452,499,16.7324778043,16.8270333333,False
0,21453,499,16.7424979865,16.8270333333,False
0,21454,499,16.7480918528,16.8270333333,False
0,21455,499,16.7261378798,16.8270333333,False
0,21456,499,16.7401692755,16.8270333333,False
0,21457,499,16.7372817778,16.8270333333,False
0,21458,499,16.7669299902,16.8270333333,False
0,21459,499,16.7869826817,16.8270333333,False
0,21460,499,16.7360008594,16.8270333333,False
0,21461,499,16.7636354674,16.8270333333,False
0,21462,499,16.7514615806,16.8270333333,False
0,21463,499,16.7788249196,16.8270333333,False
0,21464,499,16.7630142804,16.8270333333,False
0,21465,499,16.8102506666,16.8270333333,False
0,21466,499,16.7772271003,16.8270333333,False
0,21467,499,16.7677990172,16.8270333333,False
0,21468,499,16.7672702498,16.8270333333,False
0,21469,499,16.7656762264,16.8270333333,False
0,21470,499,16.7160328576,16.8270333333,False
0,21471,499,16.8147251095,16.8270333333,False
0,21472,499,16.7721668919,16.8270333333,False
0,21473,499,16.7828264482,16.8270333333,False
0,21474,499,16.7694685825,16.8270333333,False
0,21475,499,16.7408556183,16.8270333333,False
0,21476,499,16.8331952719,16.8270333333,True
0,21477,499,16.782753659,16.8270333333,False
0,21478,499,16.801406679,16.8270333333,False
0,21479,499,16.7722933642,16.8270333333,False
0,21480,499,16.7372549172,16.8270333333,False
0,21481,499,16.7229388783,16.8270333333,False
0,21482,499,16.7487153398,16.8270333333,False
0,21483,499,16.7320645657,16.8270333333,False
0,21484,499,16.7856345576,16.8270333333,False
0,21485,499,16.7386426525,16.8270333333,False
0,21486,499,16.766595941,16.8270333333,False
0,21487,499,16.7809393986,16.8270333333,False
0,21488,499,16.7540823559,16.8270333333,False
0,21489,499,16.8119666786,16.8270333333,False
0,21490,499,16.7880908747,16.8270333333,False
0,21491,499,16.6972671347,16.8270333333,False
0,21492,499,16.7731953735,16.8270333333,False
0,21493,499,16.7605568754,16.8270333333,False
0,21494,499,16.7523840516,16.8270333333,False
0,21495,499,16.7578149575,16.8270333333,False
0,21496,499,16.7960980579,16.8270333333,False
0,21497,499,16.7038078744,16.8270333333,False
0,21498,499,16.7811885397,16.8270333333,False
0,21499,499,16.8013448565,16.8270333333,False
0,21500,499,16.7588691378,16.8270333333,False
0,21501,499,16.7503133619,16.8270333333,False
0,21502,499,16.8214086206,16.8270333333,False
0,21503,499,16.7654253886,16.8270333333,False
0,21504,499,16.7290863163,16.8270333333,False
0,21505,499,16.7992775057,16.8270333333,False
0,21506,499,16.7356064487,16.8270333333,False
0,21507,499,16.7472682131,16.8270333333,False
0,21508,499,16.7125526002,16.8270333333,False
0,21509,499,16.7247776278,16.8270333333,False
0,21510,499,16.7587710633,16.8270333333,False
0,21511,499,16.7829813978,16.8270333333,False
0,21512,499,16.772948755,16.8270333333,False
0,21513,499,16.755622834,16.8270333333,False
0,21514,499,16.7695965329,16.8270333333,False
0,21515,499,16.7778767489,16.8270333333,False
0,21516,499,16.7865858505,16.8270333333,False
0,21517,499,16.7529251796,16.8270333333,False
0,21518,499,16.7728887462,16.8270333333,False
0,21519,499,16.7764053345,16.8270333333,False
0,21520,499,16.7920260324,16.8270333333,False
0,21521,499,16.7997765989,16.8270333333,False
0,21522,499,16.7751815909,16.8270333333,False
0,21523,499,16.7746465623,16.8270333333,False
0,21524,499,16.7757143649,16.8270333333,False
0,21525,499,16.7573550603,16.8270333333,False
0,21526,499,16.6971903976,16.8270333333,False
0,21527,499,16.7712045674,16.8270333333,False
0,21528,499,16.7781754292,16.8270333333,False
0,21529,499,16.7423791553,16.8270333333,False
0,21530,499,16.7161436889,16.8270333333,False
0,21531,499,16.737904806,16.8270333333,False
0,21532,499,16.75238372,16.8270333333,False
0,21533,499,16.8025391755,16.8270333333,False
0,21534,499,16.7025603504,16.8270333333,False
0,21535,499,16.760106855,16.8270333333,False
0,21536,499,16.7528756985,16.8270333333,False
0,21537,499,16.763388035,16.8270333333,False
0,21538,499,16.7870302763,16.8270333333,False
0,21539,499,16.7440359803,16.8270333333,False
0,21540,499,16.7078182933,16.8270333333,False
0,21541,499,16.7905869751,16.8270333333,False
0,21542,499,16.7733612415,16.8270333333,False
0,21543,499,16.7458169405,16.8270333333,False
0,21544,499,16.7390557355,16.8270333333,False
0,21545,499,16.745961293,16.8270333333,False
0,21546,499,16.7646144962,16.8270333333,False
0,21547,499,16.7643727408,16.8270333333,False
0,21548,499,16.7513384756,16.8270333333,False
0,21549,499,16.7447463868,16.8270333333,False
0,21550,499,16.7585686928,16.8270333333,False
0,21551,499,16.7936520648,16.8270333333,False
0,21552,499,16.7744536421,16.8270333333,False
0,21553,499,16.8056079227,16.8270333333,False
0,21554,499,16.7640623126,16.8270333333,False
0,21555,499,16.7179068815,16.8270333333,False
0,21556,499,16.7627294508,16.8270333333,False
0,21557,499,16.7778714295,16.8270333333,False
0,21558,499,16.7625936429,16.8270333333,False
0,21559,499,16.8174303646,16.8270333333,False
0,21560,499,16.74476942,16.8270333333,False
0,21561,499,16.7629073773,16.8270333333,False
0,21562,499,16.7284585619,16.8270333333,False
0,21563,499,16.7923036925,16.8270333333,False
0,21564,499,16.785641659,16.8270333333,False
0,21565,499,16.7758989984,16.8270333333,False
0,21566,499,16.758176787,16.8270333333,False
0,21567,499,16.7746693827,16.8270333333,False
0,21568,499,16.770667711,16.8270333333,False
0,21569,499,16.7783511732,16.8270333333,False
0,21570,499,16.8090057415,16.8270333333,False
0,21571,499,16.7682766159,16.8270333333,False
0,21572,499,16.7997460697,16.8270333333,False
0,21573,499,16.7158665831,16.8270333333,False
0,21574,499,16.6982639901,16.8270333333,False
0,21575,499,16.7646098146,16.8270333333,False
0,21576,499,16.7431718398,16.8270333333,False
0,21577,499,16.7527919129,16.8270333333,False
0,21578,499,16.7887250005,16.8270333333,False
0,21579,499,16.6988395064,16.8270333333,False
0,21580,499,16.7597019342,16.8270333333,False
0,21581,499,16.7417339104,16.8270333333,False
0,21582,499,16.7366346893,16.8270333333,False
0,21583,499,16.7678350981,16.8270333333,False
0,21584,499,16.7573105951,16.8270333333,False
0,21585,499,16.7043179983,16.8270333333,False
0,21586,499,16.7448597848,16.8270333333,False
0,21587,499,16.7866711668,16.8270333333,False
0,21588,499,16.7669700383,16.8270333333,False
0,21589,499,16.7386083684,16.8270333333,False
0,21590,499,16.7451065855,16.8270333333,False
0,21591,499,16.799750423,16.8270333333,False
0,21592,499,16.7778618789,16.8270333333,False
0,21593,499,16.8022753957,16.8270333333,False
0,21594,499,16.738625176,16.8270333333,False
0,21595,499,16.7789990477,16.8270333333,False
0,21596,499,16.7654557768,16.8270333333,False
0,21597,499,16.7424704948,16.8270333333,False
0,21598,499,16.7905478213,16.8270333333,False
0,21599,499,16.751773025,16.8270333333,False
0,21600,499,16.7565539172,16.8270333333,False
0,21601,499,16.7844115376,16.8270333333,False
0,21602,499,16.7617234393,16.8270333333,False
0,21603,499,16.8130809588,16.8270333333,False
0,21604,499,16.7328904467,16.8270333333,False
0,21605,499,16.7155836004,16.8270333333,False
0,21606,499,16.7514925043,16.8270333333,False
0,21607,499,16.765766257,16.8270333333,False
0,21608,499,16.7849846129,16.8270333333,False
0,21609,499,16.7320229941,16.8270333333,False
0,21610,499,16.7858093482,16.8270333333,False
0,21611,500,16.8076455701,16.8603666667,False
0,21612,500,16.7864739387,16.8603666667,False
0,21613,500,16.8201181433,16.8603666667,False
0,21614,500,16.8009320711,16.8603666667,False
0,21615,500,16.7511587734,16.8603666667,False
0,21616,500,16.7864058483,16.8603666667,False
0,21617,500,16.7569593837,16.8603666667,False
0,21618,500,16.8060626204,16.8603666667,False
0,21619,500,16.7774845138,16.8603666667,False
0,21620,500,16.7779474385,16.8603666667,False
0,21621,500,16.8384185281,16.8603666667,False
0,21622,501,16.8372423481,16.8937,False
0,21623,501,16.8066931783,16.8937,False
0,21624,501,16.8475265012,16.8937,False
0,21625,501,16.8228137567,16.8937,False
0,21626,501,16.8907986382,16.8937,False
0,21627,501,16.8175352082,16.8937,False
0,21628,501,16.7904345277,16.8937,False
0,21629,501,16.801688025,16.8937,False
0,21630,501,16.8034508992,16.8937,False
0,21631,502,16.8544013813,16.9270333333,False
0,21632,502,16.8581176925,16.9270333333,False
0,21633,502,16.8718684853,16.9270333333,False
0,21634,502,16.8871116048,16.9270333333,False
0,21635,502,16.8677363759,16.9270333333,False
0,21636,502,16.8420202188,16.9270333333,False
0,21637,503,16.9074258081,16.9603666667,False
0,21638,503,16.8685769626,16.9603666667,False
0,21639,503,16.9272644497,16.9603666667,False
0,21640,503,16.8616599222,16.9603666667,False
0,21641,503,16.8723939654,16.9603666667,False
0,21642,503,16.8606480468,16.9603666667,False
0,21643,503,16.9208624536,16.9603666667,False
0,21644,504,16.9144925307,16.9937,False
0,21645,504,16.9208315244,16.9937,False
0,21646,504,16.919679594,16.9937,False
0,21647,504,16.9546376894,16.9937,False
0,21648,504,16.912023194,16.9937,False
0,21649,504,16.8993830512,16.9937,False
0,21650,504,16.919349251,16.9937,False
0,21651,504,16.902133943,16.9937,False
0,21652,504,16.9466515486,16.9937,False
0,21653,504,16.8745257759,16.9937,False
0,21654,504,16.9611524966,16.9937,False
0,21655,504,16.9775795273,16.9937,False
0,21656,504,16.9444059068,16.9937,False
0,21657,504,16.9277447164,16.9937,False
0,21658,504,16.9416148022,16.9937,False
0,21659,504,16.9256344885,16.9937,False
0,21660,504,16.8984253599,16.9937,False
0,21661,504,16.9214044004,16.9937,False
0,21662,504,16.9056671242,16.9937,False
0,21663,504,16.9475322841,16.9937,False
0,21664,504,16.9384825264,16.9937,False
0,21665,504,16.9189817495,16.9937,False
0,21666,504,16.9085429238,16.9937,False
0,21667,504,16.9137370145,16.9937,False
0,21668,504,16.9321759448,16.9937,False
0,21669,504,16.9379100108,16.9937,False
0,21670,504,16.9571555735,16.9937,False
0,21671,504,16.9230522255,16.9937,False
0,21672,504,16.9664765859,16.9937,False
0,21673,504,16.9222972278,16.9937,False
0,21674,504,16.987921221,16.9937,False
0,21675,504,16.9539424971,16.9937,False
0,21676,504,16.9619088578,16.9937,False
0,21677,504,16.9715433638,16.9937,False
0,21678,504,16.9508759503,16.9937,False
0,21679,504,16.9014563481,16.9937,False
0,21680,504,16.9217577658,16.9937,False
0,21681,504,16.8736061054,16.9937,False
0,21682,504,16.9443956233,16.9937,False
0,21683,504,16.9060908786,16.9937,False
0,21684,504,16.8998079239,16.9937,False
0,21685,504,16.9408923229,16.9937,False
0,21686,504,16.9642413446,16.9937,False
0,21687,504,16.899278414,16.9937,False
0,21688,504,16.8778462631,16.9937,False
0,21689,504,16.941691438,16.9937,False
0,21690,504,16.9446788849,16.9937,False
0,21691,504,16.8884546045,16.9937,False
0,21692,504,16.9362677134,16.9937,False
0,21693,504,16.8927568187,16.9937,False
0,21694,504,16.9363128591,16.9937,False
0,21695,504,16.9330400417,16.9937,False
0,21696,504,16.9112302299,16.9937,False
0,21697,504,16.8933333678,16.9937,False
0,21698,504,16.8941599325,16.9937,False
0,21699,504,16.921289951,16.9937,False
0,21700,504,16.9432939345,16.9937,False
0,21701,504,16.9590146969,16.9937,False
0,21702,504,16.9372200809,16.9937,False
0,21703,504,16.9459206596,16.9937,False
0,21704,504,16.9376642903,16.9937,False
0,21705,504,16.9215752267,16.9937,False
0,21706,504,16.9090115812,16.9937,False
0,21707,504,16.9331337991,16.9937,False
0,21708,504,16.8824756266,16.9937,False
0,21709,504,16.9317316712,16.9937,False
0,21710,504,16.943519113,16.9937,False
0,21711,504,16.9407731882,16.9937,False
0,21712,504,16.8958373819,16.9937,False
0,21713,504,16.9147126134,16.9937,False
0,21714,504,16.9566380702,16.9937,False
0,21715,504,16.9765207,16.9937,False
0,21716,504,16.90390012,16.9937,False
0,21717,504,16.9369972203,16.9937,False
0,21718,504,16.8610919161,16.9937,False
0,21719,504,16.9231025754,16.9937,False
0,21720,504,16.9442185094,16.9937,False
0,21721,504,16.956735603,16.9937,False
0,21722,504,16.8955946921,16.9937,False
0,21723,504,16.9149487013,16.9937,False
0,21724,504,16.9124647997,16.9937,False
0,21725,504,16.9302547311,16.9937,False
0,21726,504,16.9259467947,16.9937,False
0,21727,504,16.9144603084,16.9937,False
0,21728,504,16.9479779899,16.9937,False
0,21729,504,16.9787690252,16.9937,False
0,21730,504,16.9266604541,16.9937,False
0,21731,504,16.9362449431,16.9937,False
0,21732,504,16.87550462,16.9937,False
0,21733,504,16.9294361161,16.9937,False
0,21734,504,16.9534934364,16.9937,False
0,21735,504,16.8983931877,16.9937,False
0,21736,504,16.9683084601,16.9937,False
0,21737,504,16.9326857931,16.9937,False
0,21738,504,16.9311955049,16.9937,False
0,21739,504,16.8796562323,16.9937,False
0,21740,504,16.9063595473,16.9937,False
0,21741,504,16.9092593952,16.9937,False
0,21742,504,16.9537587177,16.9937,False
0,21743,504,16.9406829143,16.9937,False
0,21744,504,16.9035361433,16.9937,False
0,21745,504,16.8869490362,16.9937,False
0,21746,504,16.920260807,16.9937,False
0,21747,504,16.9076228455,16.9937,False
0,21748,504,16.9836853745,16.9937,False
0,21749,504,16.8842856693,16.9937,False
0,21750,504,16.9195835785,16.9937,False
0,21751,504,16.9419641354,16.9937,False
0,21752,504,16.9076035647,16.9937,False
0,21753,504,16.9336322839,16.9937,False
0,21754,504,16.9238058299,16.9937,False
0,21755,504,16.9511629189,16.9937,False
0,21756,504,16.9303557072,16.9937,False
0,21757,504,16.9461391196,16.9937,False
0,21758,504,16.8957181083,16.9937,False
0,21759,504,16.9429255741,16.9937,False
0,21760,504,16.9505902087,16.9937,False
0,21761,504,16.960076348,16.9937,False
0,21762,504,16.8937529273,16.9937,False
0,21763,504,16.9298792909,16.9937,False
0,21764,504,16.9465086219,16.9937,False
0,21765,504,16.8888255414,16.9937,False
0,21766,504,16.9251511735,16.9937,False
0,21767,504,16.8856964163,16.9937,False
0,21768,504,16.9276635201,16.9937,False
0,21769,504,16.9023061695,16.9937,False
0,21770,504,16.978946215,16.9937,False
0,21771,504,16.8830913076,16.9937,False
0,21772,504,16.9049402048,16.9937,False
0,21773,504,16.9429390405,16.9937,False
0,21774,504,16.9457187803,16.9937,False
0,21775,504,16.9401309295,16.9937,False
0,21776,504,16.9555143551,16.9937,False
0,21777,504,16.9125834856,16.9937,False
0,21778,504,16.8903349191,16.9937,False
0,21779,504,16.9412106422,16.9937,False
0,21780,504,16.962986052,16.9937,False
0,21781,504,16.9207530488,16.9937,False
0,21782,504,16.9310355649,16.9937,False
0,21783,504,16.9370707095,16.9937,False
0,21784,504,16.8862019684,16.9937,False
0,21785,504,16.9561534524,16.9937,False
0,21786,504,16.9083667628,16.9937,False
0,21787,504,16.9102180135,16.9937,False
0,21788,504,16.8843305254,16.9937,False
0,21789,504,16.972651754,16.9937,False
0,21790,504,16.9480561075,16.9937,False
0,21791,504,16.9028834418,16.9937,False
0,21792,504,16.8964392042,16.9937,False
0,21793,504,16.9427402287,16.9937,False
0,21794,504,16.9111878128,16.9937,False
0,21795,504,16.9372491107,16.9937,False
0,21796,504,16.9205715133,16.9937,False
0,21797,504,16.8844758315,16.9937,False
0,21798,504,16.9744543075,16.9937,False
0,21799,504,16.9356869301,16.9937,False
0,21800,504,16.9120140396,16.9937,False
0,21801,504,16.9408874639,16.9937,False
0,21802,504,16.8969006011,16.9937,False
0,21803,504,16.9398477373,16.9937,False
0,21804,504,16.9385999373,16.9937,False
0,21805,504,16.9254320522,16.9937,False
0,21806,504,16.9167056958,16.9937,False
0,21807,504,16.9202135805,16.9937,False
0,21808,504,16.9297765099,16.9937,False
0,21809,504,16.9170453978,16.9937,False
0,21810,504,16.9236312606,16.9937,False
0,21811,504,16.8718829751,16.9937,False
0,21812,504,16.929125629,16.9937,False
0,21813,504,16.9433013436,16.9937,False
0,21814,504,16.9306596797,16.9937,False
0,21815,504,16.9611700792,16.9937,False
0,21816,504,16.9252950578,16.9937,False
0,21817,504,16.9303124071,16.9937,False
0,21818,504,16.9299867431,16.9937,False
0,21819,504,16.9260741184,16.9937,False
0,21820,504,16.9278311448,16.9937,False
0,21821,504,16.8860049778,16.9937,False
0,21822,504,16.9456815803,16.9937,False
0,21823,504,16.9427486422,16.9937,False
0,21824,504,16.918103316,16.9937,False
0,21825,504,16.9824627187,16.9937,False
0,21826,504,16.8940141158,16.9937,False
0,21827,504,16.9372008112,16.9937,False
0,21828,504,16.9529408746,16.9937,False
0,21829,504,16.9195886027,16.9937,False
0,21830,504,16.900904431,16.9937,False
0,21831,504,16.9454799945,16.9937,False
0,21832,504,16.9724071139,16.9937,False
0,21833,504,16.906653953,16.9937,False
0,21834,504,16.9270346221,16.9937,False
0,21835,504,16.89876049,16.9937,False
0,21836,504,16.897539574,16.9937,False
0,21837,504,16.938528849,16.9937,False
0,21838,504,16.903050049,16.9937,False
0,21839,504,16.8944703988,16.9937,False
0,21840,504,16.9167124642,16.9937,False
0,21841,504,16.9592431246,16.9937,False
0,21842,504,16.8677875139,16.9937,False
0,21843,504,16.9020369701,16.9937,False
0,21844,504,16.896642835,16.9937,False
0,21845,504,16.8985001674,16.9937,False
0,21846,504,16.9327002182,16.9937,False
0,21847,504,16.9281720009,16.9937,False
0,21848,504,16.8671664273,16.9937,False
0,21849,504,16.9117042432,16.9937,False
0,21850,504,16.9303431341,16.9937,False
0,21851,504,16.9107543831,16.9937,False
0,21852,504,16.9528805266,16.9937,False
0,21853,504,16.9682701803,16.9937,False
0,21854,504,16.9235464434,16.9937,False
0,21855,504,16.9164215869,16.9937,False
0,21856,504,16.9367247835,16.9937,False
0,21857,504,16.959182336,16.9937,False
0,21858,504,16.9258711926,16.9937,False
0,21859,504,16.8937216083,16.9937,False
0,21860,504,16.9607891378,16.9937,False
0,21861,504,16.9139937276,16.9937,False
0,21862,504,16.9245940649,16.9937,False
0,21863,504,16.9179091254,16.9937,False
0,21864,504,16.9278253036,16.9937,False
0,21865,504,16.9387574023,16.9937,False
0,21866,504,16.9179556099,16.9937,False
0,21867,504,16.9888798364,16.9937,False
0,21868,504,16.9160220947,16.9937,False
0,21869,504,16.9140553135,16.9937,False
0,21870,504,16.9145936212,16.9937,False
0,21871,504,16.8904035524,16.9937,False
0,21872,504,16.9482193659,16.9937,False
0,21873,504,16.9686806816,16.9937,False
0,21874,504,16.937174269,16.9937,False
0,21875,504,16.9577374703,16.9937,False
0,21876,504,16.9740056939,16.9937,False
0,21877,504,16.9251601411,16.9937,False
0,21878,504,16.9538938249,16.9937,False
0,21879,504,16.8870287982,16.9937,False
0,21880,504,16.9559276302,16.9937,False
0,21881,504,16.9080813846,16.9937,False
0,21882,504,16.9373573528,16.9937,False
0,21883,504,16.9013509668,16.9937,False
0,21884,504,16.9269471063,16.9937,False
0,21885,504,16.9211182509,16.9937,False
0,21886,504,16.9356064305,16.9937,False
0,21887,504,16.9123794249,16.9937,False
0,21888,504,16.9267565771,16.9937,False
0,21889,504,16.935962116,16.9937,False
0,21890,504,16.9378291133,16.9937,False
0,21891,504,16.8946002432,16.9937,False
0,21892,504,16.9555379699,16.9937,False
0,21893,504,16.9150266751,16.9937,False
0,21894,504,16.8906943507,16.9937,False
0,21895,504,16.9263339089,16.9937,False
0,21896,504,16.9609357406,16.9937,False
0,21897,504,16.961451948,16.9937,False
0,21898,504,16.9305306174,16.9937,False
0,21899,504,16.9674865879,16.9937,False
0,21900,504,16.8899119038,16.9937,False
0,21901,504,16.9349241126,16.9937,False
0,21902,504,16.957897119,16.9937,False
0,21903,504,16.9183865212,16.9937,False
0,21904,504,16.9731456169,16.9937,False
0,21905,504,16.9157096151,16.9937,False
0,21906,504,16.8931246804,16.9937,False
0,21907,504,16.9017302402,16.9937,False
0,21908,504,16.9272696707,16.9937,False
0,21909,504,16.9389548174,16.9937,False
0,21910,504,16.9175352214,16.9937,False
0,21911,504,16.8800338098,16.9937,False
0,21912,504,16.9480037062,16.9937,False
0,21913,504,16.8930346005,16.9937,False
0,21914,504,16.8967307484,16.9937,False
0,21915,504,16.8960480964,16.9937,False
0,21916,504,16.8979821515,16.9937,False
0,21917,504,16.924394072,16.9937,False
0,21918,504,16.9402552161,16.9937,False
0,21919,504,16.8950048158,16.9937,False
0,21920,504,16.9269818604,16.9937,False
0,21921,504,16.8964633718,16.9937,False
0,21922,504,16.9017853811,16.9937,False
0,21923,504,16.9210698681,16.9937,False
0,21924,504,16.9025905741,16.9937,False
0,21925,504,16.9216853057,16.9937,False
0,21926,504,16.9398860294,16.9937,False
0,21927,504,16.928546933,16.9937,False
0,21928,504,16.9199361504,16.9937,False
0,21929,504,16.8985088954,16.9937,False
0,21930,504,16.9255582202,16.9937,False
0,21931,504,16.9096990792,16.9937,False
0,21932,504,16.9236919616,16.9937,False
0,21933,504,16.9101608435,16.9937,False
0,21934,504,16.8956985355,16.9937,False
0,21935,504,16.889091625,16.9937,False
0,21936,504,16.9302154611,16.9937,False
0,21937,504,16.9021514789,16.9937,False
0,21938,504,16.9555151871,16.9937,False
0,21939,504,16.9278028035,16.9937,False
0,21940,505,16.9512831187,17.0270333333,False
0,21941,505,16.9568030252,17.0270333333,False
0,21942,505,16.954260557,17.0270333333,False
0,21943,505,16.9571737889,17.0270333333,False
0,21944,505,16.9841938521,17.0270333333,False
0,21945,505,16.9715625396,17.0270333333,False
0,21946,505,16.9801999262,17.0270333333,False
0,21947,505,16.9397324219,17.0270333333,False
0,21948,505,16.9414750609,17.0270333333,False
0,21949,505,16.9598975869,17.0270333333,False
0,21950,505,16.9414234406,17.0270333333,False
0,21951,506,16.9839991683,17.0603666667,False
0,21952,506,16.9950505777,17.0603666667,False
0,21953,506,16.9523354688,17.0603666667,False
0,21954,506,16.982799262,17.0603666667,False
0,21955,506,16.9762436837,17.0603666667,False
0,21956,506,16.9978645513,17.0603666667,False
0,21957,506,17.0147929746,17.0603666667,False
0,21958,506,16.9743991566,17.0603666667,False
0,21959,506,16.973733591,17.0603666667,False
0,21960,507,17.0495252022,17.0937,False
0,21961,507,17.0219771218,17.0937,False
0,21962,507,17.0316383611,17.0937,False
0,21963,507,17.021403004,17.0937,False
0,21964,507,17.0344168942,17.0937,False
0,21965,507,17.0073934955,17.0937,False
0,21966,507,17.0181912879,17.0937,False
0,21967,508,17.0472606678,17.1270333333,False
0,21968,508,17.0368728302,17.1270333333,False
0,21969,508,17.0755989902,17.1270333333,False
0,21970,508,17.0597534711,17.1270333333,False
0,21971,508,17.0141238764,17.1270333333,False
0,21972,508,17.0424394785,17.1270333333,False
0,21973,508,17.0911724888,17.1270333333,False
0,21974,509,17.0661796025,17.1603666667,False
0,21975,509,17.1050112485,17.1603666667,False
0,21976,509,17.0500207721,17.1603666667,False
0,21977,509,17.0982585429,17.1603666667,False
0,21978,509,17.0568239001,17.1603666667,False
0,21979,509,17.0860197798,17.1603666667,False
0,21980,509,17.0784337729,17.1603666667,False
0,21981,509,17.0518557418,17.1603666667,False
0,21982,509,17.088298448,17.1603666667,False
0,21983,509,17.0692420316,17.1603666667,False
0,21984,509,17.113763715,17.1603666667,False
0,21985,509,17.1282755046,17.1603666667,False
0,21986,509,17.0752192547,17.1603666667,False
0,21987,509,17.1180150082,17.1603666667,False
0,21988,509,17.1219703172,17.1603666667,False
0,21989,509,17.1158000908,17.1603666667,False
0,21990,509,17.0817515945,17.1603666667,False
0,21991,509,17.0594536136,17.1603666667,False
0,21992,509,17.0993125493,17.1603666667,False
0,21993,509,17.0945673256,17.1603666667,False
0,21994,509,17.1458833971,17.1603666667,False
0,21995,509,17.1487613524,17.1603666667,False
0,21996,509,17.104309927,17.1603666667,False
0,21997,509,17.1492174941,17.1603666667,False
0,21998,509,17.1023189389,17.1603666667,False
0,21999,509,17.1065986762,17.1603666667,False
0,22000,509,17.0951972142,17.1603666667,False
0,22001,509,17.0822613936,17.1603666667,False
0,22002,509,17.0577865356,17.1603666667,False
0,22003,509,17.1128437904,17.1603666667,False
0,22004,509,17.1190218878,17.1603666667,False
0,22005,509,17.0323222652,17.1603666667,False
0,22006,509,17.0678372029,17.1603666667,False
0,22007,509,17.1464935511,17.1603666667,False
0,22008,509,17.0992097359,17.1603666667,False
0,22009,509,17.0766543864,17.1603666667,False
0,22010,509,17.0742777472,17.1603666667,False
0,22011,509,17.0888313593,17.1603666667,False
0,22012,509,17.0402093006,17.1603666667,False
0,22013,509,17.1087137258,17.1603666667,False
0,22014,509,17.0990742724,17.1603666667,False
0,22015,509,17.060987762,17.1603666667,False
0,22016,509,17.1053784789,17.1603666667,False
0,22017,509,17.1157496487,17.1603666667,False
0,22018,509,17.0711729422,17.1603666667,False
0,22019,509,17.1297636348,17.1603666667,False
0,22020,509,17.0785201905,17.1603666667,False
0,22021,509,17.1052686227,17.1603666667,False
0,22022,509,17.109575191,17.1603666667,False
0,22023,509,17.0763315932,17.1603666667,False
0,22024,509,17.1301158257,17.1603666667,False
0,22025,509,17.1126112714,17.1603666667,False
0,22026,509,17.1053269774,17.1603666667,False
0,22027,509,17.0728199905,17.1603666667,False
0,22028,509,17.0669764255,17.1603666667,False
0,22029,509,17.0285395386,17.1603666667,False
0,22030,509,17.0745726743,17.1603666667,False
0,22031,509,17.085438084,17.1603666667,False
0,22032,509,17.0956170719,17.1603666667,False
0,22033,509,17.078240636,17.1603666667,False
0,22034,509,17.0986635925,17.1603666667,False
0,22035,509,17.0997684514,17.1603666667,False
0,22036,509,17.0656536549,17.1603666667,False
0,22037,509,17.0899998548,17.1603666667,False
0,22038,509,17.0992599894,17.1603666667,False
0,22039,509,17.0418030393,17.1603666667,False
0,22040,509,17.0577372701,17.1603666667,False
0,22041,509,17.0580015433,17.1603666667,False
0,22042,509,17.0814212128,17.1603666667,False
0,22043,509,17.1010352493,17.1603666667,False
0,22044,509,17.0758020364,17.1603666667,False
0,22045,509,17.0709753326,17.1603666667,False
0,22046,509,17.0676853758,17.1603666667,False
0,22047,509,17.0472028039,17.1603666667,False
0,22048,509,17.1027913749,17.1603666667,False
0,22049,509,17.1129809,17.1603666667,False
0,22050,509,17.1174400001,17.1603666667,False
0,22051,509,17.1227818183,17.1603666667,False
0,22052,509,17.1009664294,17.1603666667,False
0,22053,509,17.0532502787,17.1603666667,False
0,22054,509,17.1078325251,17.1603666667,False
0,22055,509,17.0712286,17.1603666667,False
0,22056,509,17.1113103688,17.1603666667,False
0,22057,509,17.0908169574,17.1603666667,False
0,22058,509,17.1405763234,17.1603666667,False
0,22059,509,17.1102774707,17.1603666667,False
0,22060,509,17.1068022493,17.1603666667,False
0,22061,509,17.1228862377,17.1603666667,False
0,22062,509,17.0920907689,17.1603666667,False
0,22063,509,17.0818640647,17.1603666667,False
0,22064,509,17.1113136105,17.1603666667,False
0,22065,509,17.1187952008,17.1603666667,False
0,22066,509,17.0704062769,17.1603666667,False
0,22067,509,17.0945379706,17.1603666667,False
0,22068,509,17.1157095907,17.1603666667,False
0,22069,509,17.0580534255,17.1603666667,False
0,22070,509,17.135407809,17.1603666667,False
0,22071,509,17.1002545373,17.1603666667,False
0,22072,509,17.0919215286,17.1603666667,False
0,22073,509,17.061882816,17.1603666667,False
0,22074,509,17.0934208893,17.1603666667,False
0,22075,509,17.0746977321,17.1603666667,False
0,22076,509,17.0746219244,17.1603666667,False
0,22077,509,17.1049341674,17.1603666667,False
0,22078,509,17.0878161328,17.1603666667,False
0,22079,509,17.0595818172,17.1603666667,False
0,22080,509,17.1158740353,17.1603666667,False
0,22081,509,17.0892650655,17.1603666667,False
0,22082,509,17.0984272187,17.1603666667,False
0,22083,509,17.0808412078,17.1603666667,False
0,22084,509,17.046769978,17.1603666667,False
0,22085,509,17.0855724026,17.1603666667,False
0,22086,509,17.0828149005,17.1603666667,False
0,22087,509,17.0297326134,17.1603666667,False
0,22088,509,17.0918882409,17.1603666667,False
0,22089,509,17.1355825979,17.1603666667,False
0,22090,509,17.143593432,17.1603666667,False
0,22091,509,17.1103882256,17.1603666667,False
0,22092,509,17.1206033684,17.1603666667,False
0,22093,509,17.0885276404,17.1603666667,False
0,22094,509,17.0982593887,17.1603666667,False
0,22095,509,17.0994105095,17.1603666667,False
0,22096,509,17.1208011672,17.1603666667,False
0,22097,509,17.0805352787,17.1603666667,False
0,22098,509,17.1059154075,17.1603666667,False
0,22099,509,17.0676558256,17.1603666667,False
0,22100,509,17.0984120552,17.1603666667,False
0,22101,509,17.1421464491,17.1603666667,False
0,22102,509,17.0563521486,17.1603666667,False
0,22103,509,17.0998137268,17.1603666667,False
0,22104,509,17.0920037109,17.1603666667,False
0,22105,509,17.1101868915,17.1603666667,False
0,22106,509,17.0836851481,17.1603666667,False
0,22107,509,17.106917383,17.1603666667,False
0,22108,509,17.0835159789,17.1603666667,False
0,22109,509,17.0793033836,17.1603666667,False
0,22110,509,17.1241032946,17.1603666667,False
0,22111,509,17.0911767363,17.1603666667,False
0,22112,509,17.0802107489,17.1603666667,False
0,22113,509,17.0698926948,17.1603666667,False
0,22114,509,17.0964863655,17.1603666667,False
0,22115,509,17.1178590126,17.1603666667,False
0,22116,509,17.1751901174,17.1603666667,True
0,22117,509,17.0698668836,17.1603666667,False
0,22118,509,17.08121444,17.1603666667,False
0,22119,509,17.1269980889,17.1603666667,False
0,22120,509,17.1170591851,17.1603666667,False
0,22121,509,17.0768648332,17.1603666667,False
0,22122,509,17.1434664055,17.1603666667,False
0,22123,509,17.1032557971,17.1603666667,False
0,22124,509,17.0782132425,17.1603666667,False
0,22125,509,17.0759249416,17.1603666667,False
0,22126,509,17.1126111404,17.1603666667,False
0,22127,509,17.0938345192,17.1603666667,False
0,22128,509,17.1211329967,17.1603666667,False
0,22129,509,17.0957508994,17.1603666667,False
0,22130,509,17.1102603216,17.1603666667,False
0,22131,509,17.0979283094,17.1603666667,False
0,22132,509,17.0845276994,17.1603666667,False
0,22133,509,17.1199703276,17.1603666667,False
0,22134,509,17.1030791108,17.1603666667,False
0,22135,509,17.1065794227,17.1603666667,False
0,22136,509,17.0693214561,17.1603666667,False
0,22137,509,17.114918366,17.1603666667,False
0,22138,509,17.1350501135,17.1603666667,False
0,22139,509,17.080354063,17.1603666667,False
0,22140,509,17.0849413685,17.1603666667,False
0,22141,509,17.1081894774,17.1603666667,False
0,22142,509,17.0990468205,17.1603666667,False
0,22143,509,17.1272794793,17.1603666667,False
0,22144,509,17.085888565,17.1603666667,False
0,22145,509,17.1117698177,17.1603666667,False
0,22146,509,17.0894786407,17.1603666667,False
0,22147,509,17.0723214446,17.1603666667,False
0,22148,509,17.0870789914,17.1603666667,False
0,22149,509,17.0572962951,17.1603666667,False
0,22150,509,17.1095278287,17.1603666667,False
0,22151,509,17.0908307125,17.1603666667,False
0,22152,509,17.1266380522,17.1603666667,False
0,22153,509,17.1148573331,17.1603666667,False
0,22154,509,17.0950821784,17.1603666667,False
0,22155,509,17.1017955912,17.1603666667,False
0,22156,509,17.0588179688,17.1603666667,False
0,22157,509,17.0428654977,17.1603666667,False
0,22158,509,17.0803181974,17.1603666667,False
0,22159,509,17.1228820353,17.1603666667,False
0,22160,509,17.0511405374,17.1603666667,False
0,22161,509,17.0958315888,17.1603666667,False
0,22162,509,17.10324063,17.1603666667,False
0,22163,509,17.0927125193,17.1603666667,False
0,22164,509,17.1256647778,17.1603666667,False
0,22165,509,17.0932875616,17.1603666667,False
0,22166,509,17.1058563137,17.1603666667,False
0,22167,509,17.1024223878,17.1603666667,False
0,22168,509,17.0904799685,17.1603666667,False
0,22169,509,17.0869710233,17.1603666667,False
0,22170,509,17.0525217938,17.1603666667,False
0,22171,509,17.0877889838,17.1603666667,False
0,22172,509,17.1214471233,17.1603666667,False
0,22173,509,17.0874870071,17.1603666667,False
0,22174,509,17.0557963513,17.1603666667,False
0,22175,509,17.1078459341,17.1603666667,False
0,22176,509,17.0792808897,17.1603666667,False
0,22177,509,17.067590394,17.1603666667,False
0,22178,509,17.1138429351,17.1603666667,False
0,22179,509,17.0221438274,17.1603666667,False
0,22180,509,17.0848675683,17.1603666667,False
0,22181,509,17.0947099366,17.1603666667,False
0,22182,509,17.0481054804,17.1603666667,False
0,22183,509,17.1171217887,17.1603666667,False
0,22184,509,17.0882254648,17.1603666667,False
0,22185,509,17.0583816442,17.1603666667,False
0,22186,509,17.0812316913,17.1603666667,False
0,22187,509,17.1325982363,17.1603666667,False
0,22188,509,17.0417664593,17.1603666667,False
0,22189,509,17.0811872951,17.1603666667,False
0,22190,509,17.0885513023,17.1603666667,False
0,22191,509,17.0579052659,17.1603666667,False
0,22192,509,17.1306461964,17.1603666667,False
0,22193,509,17.0637663024,17.1603666667,False
0,22194,509,17.1023508541,17.1603666667,False
0,22195,509,17.0763783451,17.1603666667,False
0,22196,509,17.0723667888,17.1603666667,False
0,22197,509,17.135059499,17.1603666667,False
0,22198,509,17.0679468573,17.1603666667,False
0,22199,509,17.1259140422,17.1603666667,False
0,22200,509,17.0726288701,17.1603666667,False
0,22201,509,17.0844613824,17.1603666667,False
0,22202,509,17.0862352312,17.1603666667,False
0,22203,509,17.0914334359,17.1603666667,False
0,22204,509,17.0672044118,17.1603666667,False
0,22205,509,17.0862089947,17.1603666667,False
0,22206,509,17.0747121158,17.1603666667,False
0,22207,509,17.0368182262,17.1603666667,False
0,22208,509,17.0605110964,17.1603666667,False
0,22209,509,17.0938018702,17.1603666667,False
0,22210,509,17.0956417587,17.1603666667,False
0,22211,509,17.1177294649,17.1603666667,False
0,22212,509,17.0868616356,17.1603666667,False
0,22213,509,17.0965226679,17.1603666667,False
0,22214,509,17.108248295,17.1603666667,False
0,22215,509,17.0812509198,17.1603666667,False
0,22216,509,17.1096741385,17.1603666667,False
0,22217,509,17.0521697572,17.1603666667,False
0,22218,509,17.108630201,17.1603666667,False
0,22219,509,17.0822400728,17.1603666667,False
0,22220,509,17.1687106095,17.1603666667,True
0,22221,509,17.0725267042,17.1603666667,False
0,22222,509,17.1034262197,17.1603666667,False
0,22223,509,17.1130043289,17.1603666667,False
0,22224,509,17.0729217304,17.1603666667,False
0,22225,509,17.0877998141,17.1603666667,False
0,22226,509,17.1091274509,17.1603666667,False
0,22227,509,17.0856573382,17.1603666667,False
0,22228,509,17.0952546997,17.1603666667,False
0,22229,509,17.092079551,17.1603666667,False
0,22230,509,17.0568856048,17.1603666667,False
0,22231,509,17.0497581974,17.1603666667,False
0,22232,509,17.1001376402,17.1603666667,False
0,22233,509,17.0699863013,17.1603666667,False
0,22234,509,17.0379449148,17.1603666667,False
0,22235,509,17.1069568689,17.1603666667,False
0,22236,509,17.1299169918,17.1603666667,False
0,22237,509,17.1006115719,17.1603666667,False
0,22238,509,17.0207556058,17.1603666667,False
0,22239,509,17.1400662395,17.1603666667,False
0,22240,509,17.0705347127,17.1603666667,False
0,22241,509,17.1134147297,17.1603666667,False
0,22242,509,17.1065899867,17.1603666667,False
0,22243,509,17.0660027357,17.1603666667,False
0,22244,509,17.0504775617,17.1603666667,False
0,22245,509,17.1278890746,17.1603666667,False
0,22246,509,17.0897662191,17.1603666667,False
0,22247,509,17.108277192,17.1603666667,False
0,22248,509,17.0722315402,17.1603666667,False
0,22249,509,17.1559298031,17.1603666667,False
0,22250,509,17.065431625,17.1603666667,False
0,22251,509,17.0543477055,17.1603666667,False
0,22252,509,17.0886345152,17.1603666667,False
0,22253,509,17.0715740285,17.1603666667,False
0,22254,509,17.0737660203,17.1603666667,False
0,22255,509,17.1302442635,17.1603666667,False
0,22256,509,17.0810856184,17.1603666667,False
0,22257,509,17.0738468076,17.1603666667,False
0,22258,509,17.1115668038,17.1603666667,False
0,22259,509,17.0952638845,17.1603666667,False
0,22260,509,17.1149704994,17.1603666667,False
0,22261,509,17.0322812476,17.1603666667,False
0,22262,509,17.0820440112,17.1603666667,False
0,22263,509,17.0895667066,17.1603666667,False
0,22264,509,17.1083478047,17.1603666667,False
0,22265,509,17.1231780418,17.1603666667,False
0,22266,509,17.0833521156,17.1603666667,False
0,22267,509,17.0682841056,17.1603666667,False
0,22268,509,17.1023963008,17.1603666667,False
0,22269,509,17.0311372963,17.1603666667,False
0,22270,509,17.0650833707,17.1603666667,False
0,22271,510,17.1479703085,17.1937,False
0,22272,510,17.1113735831,17.1937,False
0,22273,510,17.1121587546,17.1937,False
0,22274,510,17.1356752665,17.1937,False
0,22275,510,17.118599247,17.1937,False
0,22276,510,17.1580042427,17.1937,False
0,22277,510,17.1281172622,17.1937,False
0,22278,510,17.1153006734,17.1937,False
0,22279,510,17.1039415774,17.1937,False
0,22280,510,17.0996319974,17.1937,False
0,22281,510,17.1317842942,17.1937,False
0,22282,510,17.1357719435,17.1937,False
0,22283,511,17.1497674762,17.2270333333,False
0,22284,511,17.2127367436,17.2270333333,False
0,22285,511,17.1595681374,17.2270333333,False
0,22286,511,17.1059492569,17.2270333333,False
0,22287,511,17.1601103415,17.2270333333,False
0,22288,511,17.1598023064,17.2270333333,False
0,22289,511,17.1461721489,17.2270333333,False
0,22290,511,17.1459302559,17.2270333333,False
0,22291,512,17.2284866339,17.2603666667,False
0,22292,512,17.1973813112,17.2603666667,False
0,22293,512,17.1628863594,17.2603666667,False
0,22294,512,17.2082359509,17.2603666667,False
0,22295,512,17.1833097158,17.2603666667,False
0,22296,512,17.1206155744,17.2603666667,False
0,22297,513,17.1745030317,17.2937,False
0,22298,513,17.2556050814,17.2937,False
0,22299,513,17.2136927807,17.2937,False
0,22300,513,17.2053433344,17.2937,False
0,22301,513,17.2352468119,17.2937,False
0,22302,513,17.2530433519,17.2937,False
0,22303,514,17.2481535926,17.3270333333,False
0,22304,514,17.24801201,17.3270333333,False
0,22305,514,17.2471023292,17.3270333333,False
0,22306,514,17.2468052591,17.3270333333,False
0,22307,514,17.2707511547,17.3270333333,False
0,22308,514,17.2520396092,17.3270333333,False
0,22309,514,17.2649864794,17.3270333333,False
0,22310,514,17.2461925019,17.3270333333,False
0,22311,514,17.3009860092,17.3270333333,False
0,22312,514,17.2592539844,17.3270333333,False
0,22313,514,17.2995358367,17.3270333333,False
0,22314,514,17.2605523939,17.3270333333,False
0,22315,514,17.3005640105,17.3270333333,False
0,22316,514,17.2407630113,17.3270333333,False
0,22317,514,17.2539277923,17.3270333333,False
0,22318,514,17.2656372434,17.3270333333,False
0,22319,514,17.2607385933,17.3270333333,False
0,22320,514,17.2288651377,17.3270333333,False
0,22321,514,17.2919978404,17.3270333333,False
0,22322,514,17.2485999474,17.3270333333,False
0,22323,514,17.2639271039,17.3270333333,False
0,22324,514,17.2798710416,17.3270333333,False
0,22325,514,17.2439125959,17.3270333333,False
0,22326,514,17.2394558173,17.3270333333,False
0,22327,514,17.3146079771,17.3270333333,False
0,22328,514,17.2395366886,17.3270333333,False
0,22329,514,17.2812006975,17.3270333333,False
0,22330,514,17.2582674757,17.3270333333,False
0,22331,514,17.2848374681,17.3270333333,False
0,22332,514,17.2708426892,17.3270333333,False
0,22333,514,17.241641459,17.3270333333,False
0,22334,514,17.2743810598,17.3270333333,False
0,22335,514,17.2560831119,17.3270333333,False
0,22336,514,17.2589872776,17.3270333333,False
0,22337,514,17.2545254083,17.3270333333,False
0,22338,514,17.264866213,17.3270333333,False
0,22339,514,17.2775660786,17.3270333333,False
0,22340,514,17.267406683,17.3270333333,False
0,22341,514,17.2821847513,17.3270333333,False
0,22342,514,17.2428001567,17.3270333333,False
0,22343,514,17.2619643903,17.3270333333,False
0,22344,514,17.292371787,17.3270333333,False
0,22345,514,17.2508206075,17.3270333333,False
0,22346,514,17.2344544967,17.3270333333,False
0,22347,514,17.2872302872,17.3270333333,False
0,22348,514,17.2741972194,17.3270333333,False
0,22349,514,17.240517952,17.3270333333,False
0,22350,514,17.2731362411,17.3270333333,False
0,22351,514,17.2392920308,17.3270333333,False
0,22352,514,17.3286186618,17.3270333333,True
0,22353,514,17.2092666366,17.3270333333,False
0,22354,514,17.2916800086,17.3270333333,False
0,22355,514,17.2454271091,17.3270333333,False
0,22356,514,17.2547370768,17.3270333333,False
0,22357,514,17.2464999078,17.3270333333,False
0,22358,514,17.290770423,17.3270333333,False
0,22359,514,17.2312343231,17.3270333333,False
0,22360,514,17.2419586479,17.3270333333,False
0,22361,514,17.2604245231,17.3270333333,False
0,22362,514,17.2212298076,17.3270333333,False
0,22363,514,17.3077050863,17.3270333333,False
0,22364,514,17.2719901542,17.3270333333,False
0,22365,514,17.2400608545,17.3270333333,False
0,22366,514,17.3091315239,17.3270333333,False
0,22367,514,17.293109504,17.3270333333,False
0,22368,514,17.2714870209,17.3270333333,False
0,22369,514,17.2345866015,17.3270333333,False
0,22370,514,17.2427750097,17.3270333333,False
0,22371,514,17.250745396,17.3270333333,False
0,22372,514,17.2645667563,17.3270333333,False
0,22373,514,17.2771744059,17.3270333333,False
0,22374,514,17.2805646303,17.3270333333,False
0,22375,514,17.2913830437,17.3270333333,False
0,22376,514,17.2421526941,17.3270333333,False
0,22377,514,17.2686466262,17.3270333333,False
0,22378,514,17.2633682964,17.3270333333,False
0,22379,514,17.2154346792,17.3270333333,False
0,22380,514,17.2460945514,17.3270333333,False
0,22381,514,17.2481109318,17.3270333333,False
0,22382,514,17.2970650404,17.3270333333,False
0,22383,514,17.2257642414,17.3270333333,False
0,22384,514,17.2937908777,17.3270333333,False
0,22385,514,17.2666986632,17.3270333333,False
0,22386,514,17.2800515857,17.3270333333,False
0,22387,514,17.2922324611,17.3270333333,False
0,22388,514,17.2420960639,17.3270333333,False
0,22389,514,17.2852281782,17.3270333333,False
0,22390,514,17.2769290428,17.3270333333,False
0,22391,514,17.2504126212,17.3270333333,False
0,22392,514,17.2827389721,17.3270333333,False
0,22393,514,17.2850938548,17.3270333333,False
0,22394,514,17.2801006173,17.3270333333,False
0,22395,514,17.2515637138,17.3270333333,False
0,22396,514,17.2793658052,17.3270333333,False
0,22397,514,17.2092186476,17.3270333333,False
0,22398,514,17.2599032093,17.3270333333,False
0,22399,514,17.2566039166,17.3270333333,False
0,22400,514,17.2417229434,17.3270333333,False
0,22401,514,17.2711398408,17.3270333333,False
0,22402,514,17.2319600625,17.3270333333,False
0,22403,514,17.2706629829,17.3270333333,False
0,22404,514,17.2327577015,17.3270333333,False
0,22405,514,17.2247189931,17.3270333333,False
0,22406,514,17.2896963785,17.3270333333,False
0,22407,514,17.2603344995,17.3270333333,False
0,22408,514,17.235817615,17.3270333333,False
0,22409,514,17.2544505461,17.3270333333,False
0,22410,514,17.220458985,17.3270333333,False
0,22411,514,17.2608921135,17.3270333333,False
0,22412,514,17.2525392934,17.3270333333,False
0,22413,514,17.2770873452,17.3270333333,False
0,22414,514,17.2282257662,17.3270333333,False
0,22415,514,17.2793314468,17.3270333333,False
0,22416,514,17.2336132977,17.3270333333,False
0,22417,514,17.2762605865,17.3270333333,False
0,22418,514,17.2769119774,17.3270333333,False
0,22419,514,17.2536565754,17.3270333333,False
0,22420,514,17.2686367279,17.3270333333,False
0,22421,514,17.2352027179,17.3270333333,False
0,22422,514,17.2887205341,17.3270333333,False
0,22423,514,17.2099807539,17.3270333333,False
0,22424,514,17.2064614405,17.3270333333,False
0,22425,514,17.2863353576,17.3270333333,False
0,22426,514,17.2602371563,17.3270333333,False
0,22427,514,17.2740151518,17.3270333333,False
0,22428,514,17.249182357,17.3270333333,False
0,22429,514,17.2747719353,17.3270333333,False
0,22430,514,17.2931981356,17.3270333333,False
0,22431,514,17.2778637565,17.3270333333,False
0,22432,514,17.2605555378,17.3270333333,False
0,22433,514,17.2589987026,17.3270333333,False
0,22434,514,17.2256193802,17.3270333333,False
0,22435,514,17.3086903582,17.3270333333,False
0,22436,514,17.2669837005,17.3270333333,False
0,22437,514,17.2805272425,17.3270333333,False
0,22438,514,17.2754178203,17.3270333333,False
0,22439,514,17.2419391013,17.3270333333,False
0,22440,514,17.282479768,17.3270333333,False
0,22441,514,17.252216355,17.3270333333,False
0,22442,514,17.2295090222,17.3270333333,False
0,22443,514,17.2547528091,17.3270333333,False
0,22444,514,17.248014373,17.3270333333,False
0,22445,514,17.2820957592,17.3270333333,False
0,22446,514,17.287785411,17.3270333333,False
0,22447,514,17.2238564596,17.3270333333,False
0,22448,514,17.2429382684,17.3270333333,False
0,22449,514,17.2776807243,17.3270333333,False
0,22450,514,17.2673760676,17.3270333333,False
0,22451,514,17.2887982009,17.3270333333,False
0,22452,514,17.2481986734,17.3270333333,False
0,22453,514,17.2544233514,17.3270333333,False
0,22454,514,17.2361653729,17.3270333333,False
0,22455,514,17.2910361564,17.3270333333,False
0,22456,514,17.2533454027,17.3270333333,False
0,22457,514,17.3066690947,17.3270333333,False
0,22458,514,17.2117219593,17.3270333333,False
0,22459,514,17.2863239859,17.3270333333,False
0,22460,514,17.2373350702,17.3270333333,False
0,22461,514,17.2491765773,17.3270333333,False
0,22462,514,17.2433317522,17.3270333333,False
0,22463,514,17.2311855316,17.3270333333,False
0,22464,514,17.2942342965,17.3270333333,False
0,22465,514,17.256081948,17.3270333333,False
0,22466,514,17.2231013688,17.3270333333,False
0,22467,514,17.2461982132,17.3270333333,False
0,22468,514,17.2884469565,17.3270333333,False
0,22469,514,17.2837106172,17.3270333333,False
0,22470,514,17.2418868433,17.3270333333,False
0,22471,514,17.2747251381,17.3270333333,False
0,22472,514,17.2875044168,17.3270333333,False
0,22473,514,17.270093599,17.3270333333,False
0,22474,514,17.2608916158,17.3270333333,False
0,22475,514,17.2435326529,17.3270333333,False
0,22476,514,17.279751366,17.3270333333,False
0,22477,514,17.2677803315,17.3270333333,False
0,22478,514,17.2615900749,17.3270333333,False
0,22479,514,17.2446441115,17.3270333333,False
0,22480,514,17.2647919953,17.3270333333,False
0,22481,514,17.2273559184,17.3270333333,False
0,22482,514,17.2529681747,17.3270333333,False
0,22483,514,17.2403091505,17.3270333333,False
0,22484,514,17.2523674433,17.3270333333,False
0,22485,514,17.2361873108,17.3270333333,False
0,22486,514,17.2773124311,17.3270333333,False
0,22487,514,17.3106348976,17.3270333333,False
0,22488,514,17.2292628492,17.3270333333,False
0,22489,514,17.2567375176,17.3270333333,False
0,22490,514,17.2828120825,17.3270333333,False
0,22491,514,17.2729251458,17.3270333333,False
0,22492,514,17.2698415704,17.3270333333,False
0,22493,514,17.2579767844,17.3270333333,False
0,22494,514,17.2868172094,17.3270333333,False
0,22495,514,17.2243263426,17.3270333333,False
0,22496,514,17.2311232484,17.3270333333,False
0,22497,514,17.2403741302,17.3270333333,False
0,22498,514,17.283608488,17.3270333333,False
0,22499,514,17.225132052,17.3270333333,False
0,22500,514,17.2640299423,17.3270333333,False
0,22501,514,17.2604931235,17.3270333333,False
0,22502,514,17.2758224378,17.3270333333,False
0,22503,514,17.298196128,17.3270333333,False
0,22504,514,17.2683116416,17.3270333333,False
0,22505,514,17.243449265,17.3270333333,False
0,22506,514,17.2559972782,17.3270333333,False
0,22507,514,17.2475345407,17.3270333333,False
0,22508,514,17.22362641,17.3270333333,False
0,22509,514,17.2722847589,17.3270333333,False
0,22510,514,17.2426055829,17.3270333333,False
0,22511,514,17.2561413222,17.3270333333,False
0,22512,514,17.1983196197,17.3270333333,False
0,22513,514,17.2159656459,17.3270333333,False
0,22514,514,17.2909983969,17.3270333333,False
0,22515,514,17.2885223119,17.3270333333,False
0,22516,514,17.1755174162,17.3270333333,False
0,22517,514,17.2604122788,17.3270333333,False
0,22518,514,17.2784431704,17.3270333333,False
0,22519,514,17.2649036665,17.3270333333,False
0,22520,514,17.2428606682,17.3270333333,False
0,22521,514,17.2513213615,17.3270333333,False
0,22522,514,17.2274740724,17.3270333333,False
0,22523,514,17.2845873272,17.3270333333,False
0,22524,514,17.3085468057,17.3270333333,False
0,22525,514,17.200417847,17.3270333333,False
0,22526,514,17.2207770702,17.3270333333,False
0,22527,514,17.2638863357,17.3270333333,False
0,22528,514,17.2343641097,17.3270333333,False
0,22529,514,17.2455095191,17.3270333333,False
0,22530,514,17.249833057,17.3270333333,False
0,22531,514,17.2613950493,17.3270333333,False
0,22532,514,17.2542721396,17.3270333333,False
0,22533,514,17.2428902206,17.3270333333,False
0,22534,514,17.2732862705,17.3270333333,False
0,22535,514,17.2327919835,17.3270333333,False
0,22536,514,17.2649440589,17.3270333333,False
0,22537,514,17.2444326869,17.3270333333,False
0,22538,514,17.2690044858,17.3270333333,False
0,22539,514,17.2533870455,17.3270333333,False
0,22540,514,17.3105173637,17.3270333333,False
0,22541,514,17.2126026478,17.3270333333,False
0,22542,514,17.2405158497,17.3270333333,False
0,22543,514,17.2482590032,17.3270333333,False
0,22544,514,17.2935519241,17.3270333333,False
0,22545,514,17.2607520819,17.3270333333,False
0,22546,514,17.2651357479,17.3270333333,False
0,22547,514,17.2638580533,17.3270333333,False
0,22548,514,17.2756131693,17.3270333333,False
0,22549,514,17.2614959923,17.3270333333,False
0,22550,514,17.2507580883,17.3270333333,False
0,22551,514,17.2290397142,17.3270333333,False
0,22552,514,17.2471282919,17.3270333333,False
0,22553,514,17.259222825,17.3270333333,False
0,22554,514,17.288814258,17.3270333333,False
0,22555,514,17.2388354767,17.3270333333,False
0,22556,514,17.2256175386,17.3270333333,False
0,22557,514,17.222994284,17.3270333333,False
0,22558,514,17.2189295948,17.3270333333,False
0,22559,514,17.2876453886,17.3270333333,False
0,22560,514,17.2223662439,17.3270333333,False
0,22561,514,17.2820394605,17.3270333333,False
0,22562,514,17.259611335,17.3270333333,False
0,22563,514,17.2243801389,17.3270333333,False
0,22564,514,17.288625317,17.3270333333,False
0,22565,514,17.2681659398,17.3270333333,False
0,22566,514,17.2506308162,17.3270333333,False
0,22567,514,17.2621599581,17.3270333333,False
0,22568,514,17.2871049723,17.3270333333,False
0,22569,514,17.2649860565,17.3270333333,False
0,22570,514,17.2376756582,17.3270333333,False
0,22571,514,17.2603083498,17.3270333333,False
0,22572,514,17.2690497698,17.3270333333,False
0,22573,514,17.3033712215,17.3270333333,False
0,22574,514,17.2932426783,17.3270333333,False
0,22575,514,17.2879007631,17.3270333333,False
0,22576,514,17.2984709422,17.3270333333,False
0,22577,514,17.2661964311,17.3270333333,False
0,22578,514,17.2719246048,17.3270333333,False
0,22579,514,17.2659457434,17.3270333333,False
0,22580,514,17.2609517834,17.3270333333,False
0,22581,514,17.2730883015,17.3270333333,False
0,22582,514,17.2821996552,17.3270333333,False
0,22583,514,17.2891918433,17.3270333333,False
0,22584,514,17.266574437,17.3270333333,False
0,22585,514,17.2156792229,17.3270333333,False
0,22586,514,17.253851889,17.3270333333,False
0,22587,514,17.251816011,17.3270333333,False
0,22588,514,17.2594143138,17.3270333333,False
0,22589,514,17.2659618582,17.3270333333,False
0,22590,514,17.2543955583,17.3270333333,False
0,22591,514,17.2935424638,17.3270333333,False
0,22592,514,17.2834394026,17.3270333333,False
0,22593,514,17.2514053351,17.3270333333,False
0,22594,514,17.2408749945,17.3270333333,False
0,22595,514,17.2920374256,17.3270333333,False
0,22596,514,17.2193708513,17.3270333333,False
0,22597,515,17.2551009889,17.3603666667,False
0,22598,515,17.3361812844,17.3603666667,False
0,22599,515,17.2857070096,17.3603666667,False
0,22600,515,17.2867253283,17.3603666667,False
0,22601,515,17.2662330603,17.3603666667,False
0,22602,515,17.3128095964,17.3603666667,False
0,22603,515,17.3087963801,17.3603666667,False
0,22604,515,17.2703392538,17.3603666667,False
0,22605,515,17.2956899326,17.3603666667,False
0,22606,515,17.2965087287,17.3603666667,False
0,22607,515,17.3433001835,17.3603666667,False
0,22608,516,17.3262009522,17.3937,False
0,22609,516,17.2979363708,17.3937,False
0,22610,516,17.3228505531,17.3937,False
0,22611,516,17.2917595574,17.3937,False
0,22612,516,17.3461482864,17.3937,False
0,22613,516,17.3272923647,17.3937,False
0,22614,516,17.343364012,17.3937,False
0,22615,516,17.2997864443,17.3937,False
0,22616,516,17.3256953832,17.3937,False
0,22617,517,17.3518930735,17.4270333333,False
0,22618,517,17.3380270841,17.4270333333,False
0,22619,517,17.37109673,17.4270333333,False
0,22620,517,17.3575432326,17.4270333333,False
0,22621,517,17.3535371327,17.4270333333,False
0,22622,517,17.3271994256,17.4270333333,False
0,22623,517,17.3608258776,17.4270333333,False
0,22624,518,17.3940612563,17.4603666667,False
0,22625,518,17.3984052887,17.4603666667,False
0,22626,518,17.3956038685,17.4603666667,False
0,22627,518,17.4304161633,17.4603666667,False
0,22628,518,17.3965534824,17.4603666667,False
0,22629,518,17.3681474372,17.4603666667,False
0,22630,518,17.3633512772,17.4603666667,False
0,22631,518,17.4049180368,17.4603666667,False
0,22632,519,17.4243851638,17.4937,False
0,22633,519,17.439927145,17.4937,False
0,22634,519,17.434337469,17.4937,False
0,22635,519,17.457408746,17.4937,False
0,22636,519,17.4226912948,17.4937,False
0,22637,519,17.4632987096,17.4937,False
0,22638,519,17.4683245587,17.4937,False
0,22639,519,17.3855049059,17.4937,False
0,22640,519,17.4346546459,17.4937,False
0,22641,519,17.4322098811,17.4937,False
0,22642,519,17.4395106012,17.4937,False
0,22643,519,17.4187558517,17.4937,False
0,22644,519,17.4053328352,17.4937,False
0,22645,519,17.3974461551,17.4937,False
0,22646,519,17.4281311022,17.4937,False
0,22647,519,17.4858749753,17.4937,False
0,22648,519,17.3942102138,17.4937,False
0,22649,519,17.4389370738,17.4937,False
0,22650,519,17.4288805971,17.4937,False
0,22651,519,17.4198786885,17.4937,False
0,22652,519,17.4030776357,17.4937,False
0,22653,519,17.4389935183,17.4937,False
0,22654,519,17.4357321841,17.4937,False
0,22655,519,17.4433877427,17.4937,False
0,22656,519,17.4231850529,17.4937,False
0,22657,519,17.4184856718,17.4937,False
0,22658,519,17.4060458174,17.4937,False
0,22659,519,17.3907360334,17.4937,False
0,22660,519,17.4571279969,17.4937,False
0,22661,519,17.4514577598,17.4937,False
0,22662,519,17.399614539,17.4937,False
0,22663,519,17.4107651355,17.4937,False
0,22664,519,17.4108808548,17.4937,False
0,22665,519,17.4438596517,17.4937,False
0,22666,519,17.3757219882,17.4937,False
0,22667,519,17.4488056546,17.4937,False
0,22668,519,17.4100680009,17.4937,False
0,22669,519,17.4073264643,17.4937,False
0,22670,519,17.3779632221,17.4937,False
0,22671,519,17.4844328461,17.4937,False
0,22672,519,17.4579668166,17.4937,False
0,22673,519,17.4381807845,17.4937,False
0,22674,519,17.4204058017,17.4937,False
0,22675,519,17.4668040794,17.4937,False
0,22676,519,17.4894055607,17.4937,False
0,22677,519,17.4476348185,17.4937,False
0,22678,519,17.4471637554,17.4937,False
0,22679,519,17.4171245817,17.4937,False
0,22680,519,17.4419835112,17.4937,False
0,22681,519,17.4168544391,17.4937,False
0,22682,519,17.4547835566,17.4937,False
0,22683,519,17.4437601209,17.4937,False
0,22684,519,17.3957066806,17.4937,False
0,22685,519,17.4412675469,17.4937,False
0,22686,519,17.3960375828,17.4937,False
0,22687,519,17.4509312205,17.4937,False
0,22688,519,17.4572142422,17.4937,False
0,22689,519,17.3969668412,17.4937,False
0,22690,519,17.3847350155,17.4937,False
0,22691,519,17.4170165305,17.4937,False
0,22692,519,17.3922907877,17.4937,False
0,22693,519,17.4188184958,17.4937,False
0,22694,519,17.4272083993,17.4937,False
0,22695,519,17.4160291,17.4937,False
0,22696,519,17.4176357733,17.4937,False
0,22697,519,17.4046909133,17.4937,False
0,22698,519,17.4488094378,17.4937,False
0,22699,519,17.3877994405,17.4937,False
0,22700,519,17.4451641825,17.4937,False
0,22701,519,17.4053126889,17.4937,False
0,22702,519,17.4150371735,17.4937,False
0,22703,519,17.4761570159,17.4937,False
0,22704,519,17.4127799884,17.4937,False
0,22705,519,17.4301660265,17.4937,False
0,22706,519,17.427092099,17.4937,False
0,22707,519,17.4133018736,17.4937,False
0,22708,519,17.417621913,17.4937,False
0,22709,519,17.4180929709,17.4937,False
0,22710,519,17.411675571,17.4937,False
0,22711,519,17.4304502527,17.4937,False
0,22712,519,17.3828360428,17.4937,False
0,22713,519,17.4422012383,17.4937,False
0,22714,519,17.4028178255,17.4937,False
0,22715,519,17.4569230161,17.4937,False
0,22716,519,17.4484235653,17.4937,False
0,22717,519,17.4457843255,17.4937,False
0,22718,519,17.4212699237,17.4937,False
0,22719,519,17.4213156746,17.4937,False
0,22720,519,17.4452520241,17.4937,False
0,22721,519,17.4127339835,17.4937,False
0,22722,519,17.4287362409,17.4937,False
0,22723,519,17.4283300169,17.4937,False
0,22724,519,17.3925052081,17.4937,False
0,22725,519,17.4132852279,17.4937,False
0,22726,519,17.4859931354,17.4937,False
0,22727,519,17.442476684,17.4937,False
0,22728,519,17.4459875022,17.4937,False
0,22729,519,17.433845899,17.4937,False
0,22730,519,17.4223697764,17.4937,False
0,22731,519,17.4456451491,17.4937,False
0,22732,519,17.4232690563,17.4937,False
0,22733,519,17.4038117352,17.4937,False
0,22734,519,17.425074968,17.4937,False
0,22735,519,17.4588223469,17.4937,False
0,22736,519,17.428483483,17.4937,False
0,22737,519,17.39256761,17.4937,False
0,22738,519,17.436731838,17.4937,False
0,22739,519,17.422212237,17.4937,False
0,22740,519,17.4356119777,17.4937,False
0,22741,519,17.4797040113,17.4937,False
0,22742,519,17.3958333176,17.4937,False
0,22743,519,17.4072138368,17.4937,False
0,22744,519,17.4284280696,17.4937,False
0,22745,519,17.397651303,17.4937,False
0,22746,519,17.4591283831,17.4937,False
0,22747,519,17.4384309231,17.4937,False
0,22748,519,17.4331184492,17.4937,False
0,22749,519,17.4044742964,17.4937,False
0,22750,519,17.4303254449,17.4937,False
0,22751,519,17.3933735436,17.4937,False
0,22752,519,17.3587426951,17.4937,False
0,22753,519,17.4372655951,17.4937,False
0,22754,519,17.4682978472,17.4937,False
0,22755,519,17.4120322414,17.4937,False
0,22756,519,17.3904767678,17.4937,False
0,22757,519,17.3847474809,17.4937,False
0,22758,519,17.4420849841,17.4937,False
0,22759,519,17.4404088672,17.4937,False
0,22760,519,17.4085167918,17.4937,False
0,22761,519,17.4737502568,17.4937,False
0,22762,519,17.3889626627,17.4937,False
0,22763,519,17.465337169,17.4937,False
0,22764,519,17.4293430507,17.4937,False
0,22765,519,17.4153192483,17.4937,False
0,22766,519,17.3367475239,17.4937,False
0,22767,519,17.4440821678,17.4937,False
0,22768,519,17.4051364564,17.4937,False
0,22769,519,17.4383055948,17.4937,False
0,22770,519,17.4429377796,17.4937,False
0,22771,519,17.4258269617,17.4937,False
0,22772,519,17.420866746,17.4937,False
0,22773,519,17.4205354691,17.4937,False
0,22774,519,17.4364758103,17.4937,False
0,22775,519,17.4084195148,17.4937,False
0,22776,519,17.3818358986,17.4937,False
0,22777,519,17.4024958927,17.4937,False
0,22778,519,17.4153933857,17.4937,False
0,22779,519,17.4142673405,17.4937,False
0,22780,519,17.4494171919,17.4937,False
0,22781,519,17.4347760415,17.4937,False
0,22782,519,17.4128964683,17.4937,False
0,22783,519,17.4655588987,17.4937,False
0,22784,519,17.4436762745,17.4937,False
0,22785,519,17.4410005963,17.4937,False
0,22786,519,17.4095881191,17.4937,False
0,22787,519,17.4395869597,17.4937,False
0,22788,519,17.434380065,17.4937,False
0,22789,519,17.4319933278,17.4937,False
0,22790,519,17.4610851938,17.4937,False
0,22791,519,17.4560976325,17.4937,False
0,22792,519,17.4242989327,17.4937,False
0,22793,519,17.4191630538,17.4937,False
0,22794,519,17.4730347679,17.4937,False
0,22795,519,17.4635353771,17.4937,False
0,22796,519,17.3770783069,17.4937,False
0,22797,519,17.4384197013,17.4937,False
0,22798,519,17.3951347896,17.4937,False
0,22799,519,17.440278115,17.4937,False
0,22800,519,17.4222739557,17.4937,False
0,22801,519,17.4530020418,17.4937,False
0,22802,519,17.4287454999,17.4937,False
0,22803,519,17.3742839695,17.4937,False
0,22804,519,17.4422484483,17.4937,False
0,22805,519,17.4059949233,17.4937,False
0,22806,519,17.4155605373,17.4937,False
0,22807,519,17.4177428173,17.4937,False
0,22808,519,17.4227129129,17.4937,False
0,22809,519,17.4393516004,17.4937,False
0,22810,519,17.4249317233,17.4937,False
0,22811,519,17.4058554379,17.4937,False
0,22812,519,17.4359981643,17.4937,False
0,22813,519,17.4223959182,17.4937,False
0,22814,519,17.4631414177,17.4937,False
0,22815,519,17.4009073408,17.4937,False
0,22816,519,17.3990790981,17.4937,False
0,22817,519,17.4557971141,17.4937,False
0,22818,519,17.4316663305,17.4937,False
0,22819,519,17.4329876158,17.4937,False
0,22820,519,17.4577802926,17.4937,False
0,22821,519,17.4249793414,17.4937,False
0,22822,519,17.4540779854,17.4937,False
0,22823,519,17.4031695574,17.4937,False
0,22824,519,17.4201132401,17.4937,False
0,22825,519,17.4465972573,17.4937,False
0,22826,519,17.4133966781,17.4937,False
0,22827,519,17.3993344316,17.4937,False
0,22828,519,17.370420292,17.4937,False
0,22829,519,17.4639253929,17.4937,False
0,22830,519,17.4013473538,17.4937,False
0,22831,519,17.4037702057,17.4937,False
0,22832,519,17.4158065665,17.4937,False
0,22833,519,17.3850413742,17.4937,False
0,22834,519,17.4647881596,17.4937,False
0,22835,519,17.4270313995,17.4937,False
0,22836,519,17.4927869602,17.4937,False
0,22837,519,17.4419110832,17.4937,False
0,22838,519,17.4612854245,17.4937,False
0,22839,519,17.4264532909,17.4937,False
0,22840,519,17.4438045431,17.4937,False
0,22841,519,17.4546107614,17.4937,False
0,22842,519,17.4355524081,17.4937,False
0,22843,519,17.4884353145,17.4937,False
0,22844,519,17.4063614202,17.4937,False
0,22845,519,17.4040315587,17.4937,False
0,22846,519,17.4321031675,17.4937,False
0,22847,519,17.4503293506,17.4937,False
0,22848,519,17.3906462026,17.4937,False
0,22849,519,17.4074055937,17.4937,False
0,22850,519,17.4071618883,17.4937,False
0,22851,519,17.4346189659,17.4937,False
0,22852,519,17.4245345596,17.4937,False
0,22853,519,17.4017537528,17.4937,False
0,22854,519,17.4572226316,17.4937,False
0,22855,519,17.4129185245,17.4937,False
0,22856,519,17.4440502017,17.4937,False
0,22857,519,17.4415365253,17.4937,False
0,22858,519,17.4288672968,17.4937,False
0,22859,519,17.3841886693,17.4937,False
0,22860,519,17.4433275433,17.4937,False
0,22861,519,17.4851601859,17.4937,False
0,22862,519,17.4190747705,17.4937,False
0,22863,519,17.3972471135,17.4937,False
0,22864,519,17.4668577439,17.4937,False
0,22865,519,17.4500070641,17.4937,False
0,22866,519,17.4195726543,17.4937,False
0,22867,519,17.449929527,17.4937,False
0,22868,519,17.4288690659,17.4937,False
0,22869,519,17.4382210303,17.4937,False
0,22870,519,17.4083937703,17.4937,False
0,22871,519,17.3988349462,17.4937,False
0,22872,519,17.4615361374,17.4937,False
0,22873,519,17.447596678,17.4937,False
0,22874,519,17.396968333,17.4937,False
0,22875,519,17.4153064439,17.4937,False
0,22876,519,17.4122522206,17.4937,False
0,22877,519,17.4251662308,17.4937,False
0,22878,519,17.4306437846,17.4937,False
0,22879,519,17.3868069301,17.4937,False
0,22880,519,17.4679694579,17.4937,False
0,22881,519,17.3955972481,17.4937,False
0,22882,519,17.4374258825,17.4937,False
0,22883,519,17.4767546502,17.4937,False
0,22884,519,17.4131050946,17.4937,False
0,22885,519,17.4163980608,17.4937,False
0,22886,519,17.4127644863,17.4937,False
0,22887,519,17.4334822423,17.4937,False
0,22888,519,17.4191254065,17.4937,False
0,22889,519,17.4020371867,17.4937,False
0,22890,519,17.4799532604,17.4937,False
0,22891,519,17.4138015853,17.4937,False
0,22892,519,17.4513486274,17.4937,False
0,22893,519,17.4314219829,17.4937,False
0,22894,519,17.4257904837,17.4937,False
0,22895,519,17.4450044587,17.4937,False
0,22896,519,17.4344790337,17.4937,False
0,22897,519,17.4071760433,17.4937,False
0,22898,519,17.4290967675,17.4937,False
0,22899,519,17.4225276504,17.4937,False
0,22900,519,17.4351004443,17.4937,False
0,22901,519,17.4576891391,17.4937,False
0,22902,519,17.4182338383,17.4937,False
0,22903,519,17.3810257176,17.4937,False
0,22904,519,17.450250174,17.4937,False
0,22905,519,17.4225165721,17.4937,False
0,22906,519,17.4208224159,17.4937,False
0,22907,519,17.4542326404,17.4937,False
0,22908,519,17.4534773786,17.4937,False
0,22909,519,17.4043573398,17.4937,False
0,22910,519,17.4150392642,17.4937,False
0,22911,519,17.4424353865,17.4937,False
0,22912,519,17.4112203594,17.4937,False
0,22913,519,17.424532776,17.4937,False
0,22914,519,17.407545033,17.4937,False
0,22915,519,17.4189629756,17.4937,False
0,22916,519,17.403194273,17.4937,False
0,22917,519,17.4097826737,17.4937,False
0,22918,519,17.4240220955,17.4937,False
0,22919,519,17.4488070933,17.4937,False
0,22920,519,17.424441455,17.4937,False
0,22921,519,17.4720610028,17.4937,False
0,22922,519,17.4424887108,17.4937,False
0,22923,519,17.4369044269,17.4937,False
0,22924,519,17.4007312135,17.4937,False
0,22925,520,17.4476959625,17.5270333333,False
0,22926,520,17.4373748092,17.5270333333,False
0,22927,520,17.4536677671,17.5270333333,False
0,22928,520,17.4974025151,17.5270333333,False
0,22929,520,17.4621600262,17.5270333333,False
0,22930,520,17.4222341398,17.5270333333,False
0,22931,520,17.4612517678,17.5270333333,False
0,22932,520,17.4803894633,17.5270333333,False
0,22933,520,17.477611955,17.5270333333,False
0,22934,520,17.4405146461,17.5270333333,False
0,22935,520,17.4490543272,17.5270333333,False
0,22936,520,17.427262338,17.5270333333,False
0,22937,521,17.4725176625,17.5603666667,False
0,22938,521,17.4987910669,17.5603666667,False
0,22939,521,17.501674394,17.5603666667,False
0,22940,521,17.4958814429,17.5603666667,False
0,22941,521,17.4935662214,17.5603666667,False
0,22942,521,17.509578792,17.5603666667,False
0,22943,521,17.5201404172,17.5603666667,False
0,22944,521,17.4949468188,17.5603666667,False
0,22945,521,17.481756603,17.5603666667,False
0,22946,521,17.5240036952,17.5603666667,False
0,22947,522,17.5603662268,17.5937,False
0,22948,522,17.5585217976,17.5937,False
0,22949,522,17.5171945803,17.5937,False
0,22950,522,17.5584712784,17.5937,False
0,22951,522,17.536388633,17.5937,False
0,22952,522,17.5416719609,17.5937,False
0,22953,523,17.538879066,17.6270333333,False
0,22954,523,17.5467929365,17.6270333333,False
0,22955,523,17.5310778539,17.6270333333,False
0,22956,523,17.5305804977,17.6270333333,False
0,22957,523,17.5420723148,17.6270333333,False
0,22958,523,17.5592335913,17.6270333333,False
0,22959,523,17.6242574013,17.6270333333,False
0,22960,524,17.5845240974,17.6603666667,False
0,22961,524,17.5727742089,17.6603666667,False
0,22962,524,17.5552095698,17.6603666667,False
0,22963,524,17.5921098155,17.6603666667,False
0,22964,524,17.6034747179,17.6603666667,False
0,22965,524,17.6376380008,17.6603666667,False
0,22966,524,17.5877011039,17.6603666667,False
0,22967,524,17.5867392151,17.6603666667,False
0,22968,524,17.5620877167,17.6603666667,False
0,22969,524,17.6057512467,17.6603666667,False
0,22970,524,17.593363706,17.6603666667,False
0,22971,524,17.6316638335,17.6603666667,False
0,22972,524,17.6322631672,17.6603666667,False
0,22973,524,17.5768210721,17.6603666667,False
0,22974,524,17.5807214711,17.6603666667,False
0,22975,524,17.60366721,17.6603666667,False
0,22976,524,17.5669749169,17.6603666667,False
0,22977,524,17.5565058907,17.6603666667,False
0,22978,524,17.6125564173,17.6603666667,False
0,22979,524,17.590566115,17.6603666667,False
0,22980,524,17.5943844414,17.6603666667,False
0,22981,524,17.5853385684,17.6603666667,False
0,22982,524,17.5922800075,17.6603666667,False
0,22983,524,17.6049738554,17.6603666667,False
0,22984,524,17.5895652691,17.6603666667,False
0,22985,524,17.6170295721,17.6603666667,False
0,22986,524,17.6048059141,17.6603666667,False
0,22987,524,17.5633358723,17.6603666667,False
0,22988,524,17.579422595,17.6603666667,False
0,22989,524,17.5688012995,17.6603666667,False
0,22990,524,17.5922317389,17.6603666667,False
0,22991,524,17.5704151687,17.6603666667,False
0,22992,524,17.5545058818,17.6603666667,False
0,22993,524,17.5992066813,17.6603666667,False
0,22994,524,17.5388692769,17.6603666667,False
0,22995,524,17.5976238111,17.6603666667,False
0,22996,524,17.5943923892,17.6603666667,False
0,22997,524,17.5661461716,17.6603666667,False
0,22998,524,17.5782765497,17.6603666667,False
0,22999,524,17.6136604273,17.6603666667,False
0,23000,524,17.6138883616,17.6603666667,False
0,23001,524,17.524788383,17.6603666667,False
0,23002,524,17.6075695229,17.6603666667,False
0,23003,524,17.6365457287,17.6603666667,False
0,23004,524,17.5935696015,17.6603666667,False
0,23005,524,17.5549823762,17.6603666667,False
0,23006,524,17.6085966587,17.6603666667,False
0,23007,524,17.6206442628,17.6603666667,False
0,23008,524,17.6219223353,17.6603666667,False
0,23009,524,17.5633835239,17.6603666667,False
0,23010,524,17.5780054525,17.6603666667,False
0,23011,524,17.6047655696,17.6603666667,False
0,23012,524,17.6035443408,17.6603666667,False
0,23013,524,17.6422183889,17.6603666667,False
0,23014,524,17.5814644507,17.6603666667,False
0,23015,524,17.5889664744,17.6603666667,False
0,23016,524,17.61010013,17.6603666667,False
0,23017,524,17.6377599095,17.6603666667,False
0,23018,524,17.5959984109,17.6603666667,False
0,23019,524,17.5878169483,17.6603666667,False
0,23020,524,17.5737079534,17.6603666667,False
0,23021,524,17.5837604683,17.6603666667,False
0,23022,524,17.5799767604,17.6603666667,False
0,23023,524,17.5531221777,17.6603666667,False
0,23024,524,17.582580784,17.6603666667,False
0,23025,524,17.6146584201,17.6603666667,False
0,23026,524,17.5873376904,17.6603666667,False
0,23027,524,17.603244804,17.6603666667,False
0,23028,524,17.6023314153,17.6603666667,False
0,23029,524,17.609065196,17.6603666667,False
0,23030,524,17.5491804231,17.6603666667,False
0,23031,524,17.589539509,17.6603666667,False
0,23032,524,17.5540442432,17.6603666667,False
0,23033,524,17.5679808817,17.6603666667,False
0,23034,524,17.6018099188,17.6603666667,False
0,23035,524,17.5651011324,17.6603666667,False
0,23036,524,17.5631604709,17.6603666667,False
0,23037,524,17.581357171,17.6603666667,False
0,23038,524,17.6029691317,17.6603666667,False
0,23039,524,17.5940131912,17.6603666667,False
0,23040,524,17.5931491573,17.6603666667,False
0,23041,524,17.6112828868,17.6603666667,False
0,23042,524,17.5358466007,17.6603666667,False
0,23043,524,17.6453580839,17.6603666667,False
0,23044,524,17.6232866726,17.6603666667,False
0,23045,524,17.6049340726,17.6603666667,False
0,23046,524,17.5544634632,17.6603666667,False
0,23047,524,17.5722137095,17.6603666667,False
0,23048,524,17.5882465535,17.6603666667,False
0,23049,524,17.5723676107,17.6603666667,False
0,23050,524,17.5717344081,17.6603666667,False
0,23051,524,17.5891109349,17.6603666667,False
0,23052,524,17.5977090253,17.6603666667,False
0,23053,524,17.5476154162,17.6603666667,False
0,23054,524,17.5912738108,17.6603666667,False
0,23055,524,17.577666953,17.6603666667,False
0,23056,524,17.5959084562,17.6603666667,False
0,23057,524,17.5995810133,17.6603666667,False
0,23058,524,17.5783458386,17.6603666667,False
0,23059,524,17.6216521042,17.6603666667,False
0,23060,524,17.6123381862,17.6603666667,False
0,23061,524,17.5787642198,17.6603666667,False
0,23062,524,17.602291174,17.6603666667,False
0,23063,524,17.5927251758,17.6603666667,False
0,23064,524,17.6113431664,17.6603666667,False
0,23065,524,17.5897551084,17.6603666667,False
0,23066,524,17.6306124967,17.6603666667,False
0,23067,524,17.5746727185,17.6603666667,False
0,23068,524,17.5798686076,17.6603666667,False
0,23069,524,17.6086381041,17.6603666667,False
0,23070,524,17.5654821311,17.6603666667,False
0,23071,524,17.5471272682,17.6603666667,False
0,23072,524,17.5881184369,17.6603666667,False
0,23073,524,17.5837082634,17.6603666667,False
0,23074,524,17.5871757136,17.6603666667,False
0,23075,524,17.6109186343,17.6603666667,False
0,23076,524,17.6682391663,17.6603666667,True
0,23077,524,17.6245262465,17.6603666667,False
0,23078,524,17.6142637018,17.6603666667,False
0,23079,524,17.5523410407,17.6603666667,False
0,23080,524,17.6106205305,17.6603666667,False
0,23081,524,17.5728413875,17.6603666667,False
0,23082,524,17.5963521331,17.6603666667,False
0,23083,524,17.5896434096,17.6603666667,False
0,23084,524,17.5997250707,17.6603666667,False
0,23085,524,17.5686410974,17.6603666667,False
0,23086,524,17.5825910632,17.6603666667,False
0,23087,524,17.5765550527,17.6603666667,False
0,23088,524,17.5795014666,17.6603666667,False
0,23089,524,17.5529522682,17.6603666667,False
0,23090,524,17.5814265905,17.6603666667,False
0,23091,524,17.6041765344,17.6603666667,False
0,23092,524,17.5900628589,17.6603666667,False
0,23093,524,17.6081903163,17.6603666667,False
0,23094,524,17.6304324791,17.6603666667,False
0,23095,524,17.6280858631,17.6603666667,False
0,23096,524,17.5959771648,17.6603666667,False
0,23097,524,17.6112543833,17.6603666667,False
0,23098,524,17.5969791449,17.6603666667,False
0,23099,524,17.5434658964,17.6603666667,False
0,23100,524,17.6177508815,17.6603666667,False
0,23101,524,17.6137011998,17.6603666667,False
0,23102,524,17.6161699951,17.6603666667,False
0,23103,524,17.6205654919,17.6603666667,False
0,23104,524,17.5962213701,17.6603666667,False
0,23105,524,17.5388170878,17.6603666667,False
0,23106,524,17.618913221,17.6603666667,False
0,23107,524,17.5832631826,17.6603666667,False
0,23108,524,17.5576921091,17.6603666667,False
0,23109,524,17.5650961815,17.6603666667,False
0,23110,524,17.6062174917,17.6603666667,False
0,23111,524,17.5914825769,17.6603666667,False
0,23112,524,17.5647936198,17.6603666667,False
0,23113,524,17.597261325,17.6603666667,False
0,23114,524,17.572774327,17.6603666667,False
0,23115,524,17.6244575835,17.6603666667,False
0,23116,524,17.589864778,17.6603666667,False
0,23117,524,17.59539053,17.6603666667,False
0,23118,524,17.598465614,17.6603666667,False
0,23119,524,17.6241229881,17.6603666667,False
0,23120,524,17.591097162,17.6603666667,False
0,23121,524,17.5504180452,17.6603666667,False
0,23122,524,17.6156203735,17.6603666667,False
0,23123,524,17.5850988597,17.6603666667,False
0,23124,524,17.5859340679,17.6603666667,False
0,23125,524,17.5780307223,17.6603666667,False
0,23126,524,17.6005930558,17.6603666667,False
0,23127,524,17.5805145828,17.6603666667,False
0,23128,524,17.5593435305,17.6603666667,False
0,23129,524,17.5897939557,17.6603666667,False
0,23130,524,17.584006362,17.6603666667,False
0,23131,524,17.6377159466,17.6603666667,False
0,23132,524,17.6064604869,17.6603666667,False
0,23133,524,17.5730072829,17.6603666667,False
0,23134,524,17.5440441483,17.6603666667,False
0,23135,524,17.5419559394,17.6603666667,False
0,23136,524,17.5968414206,17.6603666667,False
0,23137,524,17.6174040929,17.6603666667,False
0,23138,524,17.6078323039,17.6603666667,False
0,23139,524,17.5950494373,17.6603666667,False
0,23140,524,17.6081832463,17.6603666667,False
0,23141,524,17.5951948379,17.6603666667,False
0,23142,524,17.56477699,17.6603666667,False
0,23143,524,17.5840011443,17.6603666667,False
0,23144,524,17.6195945521,17.6603666667,False
0,23145,524,17.6420382828,17.6603666667,False
0,23146,524,17.5986204639,17.6603666667,False
0,23147,524,17.595896027,17.6603666667,False
0,23148,524,17.565749907,17.6603666667,False
0,23149,524,17.6490233545,17.6603666667,False
0,23150,524,17.6164185972,17.6603666667,False
0,23151,524,17.5812105569,17.6603666667,False
0,23152,524,17.5707230542,17.6603666667,False
0,23153,524,17.5993597458,17.6603666667,False
0,23154,524,17.6038297376,17.6603666667,False
0,23155,524,17.5676270464,17.6603666667,False
0,23156,524,17.5922803068,17.6603666667,False
0,23157,524,17.5919693378,17.6603666667,False
0,23158,524,17.5496181941,17.6603666667,False
0,23159,524,17.6185682538,17.6603666667,False
0,23160,524,17.5660453005,17.6603666667,False
0,23161,524,17.6014606139,17.6603666667,False
0,23162,524,17.6089404914,17.6603666667,False
0,23163,524,17.5855172925,17.6603666667,False
0,23164,524,17.5387019203,17.6603666667,False
0,23165,524,17.6014133283,17.6603666667,False
0,23166,524,17.5847541925,17.6603666667,False
0,23167,524,17.6009189336,17.6603666667,False
0,23168,524,17.6319350903,17.6603666667,False
0,23169,524,17.6010608795,17.6603666667,False
0,23170,524,17.63675481,17.6603666667,False
0,23171,524,17.5883599267,17.6603666667,False
0,23172,524,17.5749954717,17.6603666667,False
0,23173,524,17.6129537841,17.6603666667,False
0,23174,524,17.6111752767,17.6603666667,False
0,23175,524,17.5744880097,17.6603666667,False
0,23176,524,17.603205479,17.6603666667,False
0,23177,524,17.6130263519,17.6603666667,False
0,23178,524,17.6117086775,17.6603666667,False
0,23179,524,17.5991336541,17.6603666667,False
0,23180,524,17.5893844904,17.6603666667,False
0,23181,524,17.6113823591,17.6603666667,False
0,23182,524,17.618235648,17.6603666667,False
0,23183,524,17.6303561975,17.6603666667,False
0,23184,524,17.5686178556,17.6603666667,False
0,23185,524,17.5776435135,17.6603666667,False
0,23186,524,17.5383731942,17.6603666667,False
0,23187,524,17.6062029898,17.6603666667,False
0,23188,524,17.611260734,17.6603666667,False
0,23189,524,17.6060649989,17.6603666667,False
0,23190,524,17.565642922,17.6603666667,False
0,23191,524,17.5836588146,17.6603666667,False
0,23192,524,17.6160342464,17.6603666667,False
0,23193,524,17.5844921916,17.6603666667,False
0,23194,524,17.561688974,17.6603666667,False
0,23195,524,17.5430900409,17.6603666667,False
0,23196,524,17.6134123359,17.6603666667,False
0,23197,524,17.5922141783,17.6603666667,False
0,23198,524,17.59494942,17.6603666667,False
0,23199,524,17.637504305,17.6603666667,False
0,23200,524,17.5942504793,17.6603666667,False
0,23201,524,17.5954279831,17.6603666667,False
0,23202,524,17.6008683934,17.6603666667,False
0,23203,524,17.6328233726,17.6603666667,False
0,23204,524,17.5826045882,17.6603666667,False
0,23205,524,17.6148676903,17.6603666667,False
0,23206,524,17.5864522884,17.6603666667,False
0,23207,524,17.5911250662,17.6603666667,False
0,23208,524,17.597195287,17.6603666667,False
0,23209,524,17.5794156954,17.6603666667,False
0,23210,524,17.5975499986,17.6603666667,False
0,23211,524,17.6058587324,17.6603666667,False
0,23212,524,17.6163885986,17.6603666667,False
0,23213,524,17.6034199688,17.6603666667,False
0,23214,524,17.5988040136,17.6603666667,False
0,23215,524,17.6128406316,17.6603666667,False
0,23216,524,17.5871084612,17.6603666667,False
0,23217,524,17.6112453563,17.6603666667,False
0,23218,524,17.5961591675,17.6603666667,False
0,23219,524,17.5946937058,17.6603666667,False
0,23220,524,17.613207545,17.6603666667,False
0,23221,524,17.5907410099,17.6603666667,False
0,23222,524,17.627044446,17.6603666667,False
0,23223,524,17.5960910991,17.6603666667,False
0,23224,524,17.5722914322,17.6603666667,False
0,23225,524,17.6293762408,17.6603666667,False
0,23226,524,17.5869811108,17.6603666667,False
0,23227,524,17.5821653332,17.6603666667,False
0,23228,524,17.5887200589,17.6603666667,False
0,23229,524,17.5684718418,17.6603666667,False
0,23230,524,17.5877960064,17.6603666667,False
0,23231,524,17.6254241944,17.6603666667,False
0,23232,524,17.5569710718,17.6603666667,False
0,23233,524,17.5699849728,17.6603666667,False
0,23234,524,17.55756526,17.6603666667,False
0,23235,524,17.6167748086,17.6603666667,False
0,23236,524,17.5926603609,17.6603666667,False
0,23237,524,17.6114898983,17.6603666667,False
0,23238,524,17.5939727106,17.6603666667,False
0,23239,524,17.5416863953,17.6603666667,False
0,23240,524,17.6161044876,17.6603666667,False
0,23241,524,17.6237890839,17.6603666667,False
0,23242,524,17.5572946668,17.6603666667,False
0,23243,524,17.5809337383,17.6603666667,False
0,23244,524,17.5490483765,17.6603666667,False
0,23245,524,17.5839518165,17.6603666667,False
0,23246,524,17.6097717117,17.6603666667,False
0,23247,524,17.6211718739,17.6603666667,False
0,23248,524,17.6070723865,17.6603666667,False
0,23249,524,17.5471758638,17.6603666667,False
0,23250,524,17.5767940352,17.6603666667,False
0,23251,524,17.5520119325,17.6603666667,False
0,23252,524,17.5704435965,17.6603666667,False
0,23253,525,17.6635820016,17.6937,False
0,23254,525,17.6487371412,17.6937,False
0,23255,525,17.6578983919,17.6937,False
0,23256,525,17.6508014332,17.6937,False
0,23257,525,17.6216928998,17.6937,False
0,23258,525,17.6020791755,17.6937,False
0,23259,525,17.6407115894,17.6937,False
0,23260,525,17.6112077751,17.6937,False
0,23261,525,17.6278216422,17.6937,False
0,23262,525,17.6350080155,17.6937,False
0,23263,525,17.6140642463,17.6937,False
0,23264,525,17.6252579354,17.6937,False
0,23265,526,17.6792492359,17.7270333333,False
0,23266,526,17.6367650076,17.7270333333,False
0,23267,526,17.6177552797,17.7270333333,False
0,23268,526,17.6258950953,17.7270333333,False
0,23269,526,17.6517537809,17.7270333333,False
0,23270,526,17.6749932119,17.7270333333,False
0,23271,526,17.6871194877,17.7270333333,False
0,23272,526,17.6799888319,17.7270333333,False
0,23273,526,17.7046879173,17.7270333333,False
0,23274,527,17.6855502719,17.7603666667,False
0,23275,527,17.684824697,17.7603666667,False
0,23276,527,17.7141927913,17.7603666667,False
0,23277,527,17.6391640184,17.7603666667,False
0,23278,527,17.7018923847,17.7603666667,False
0,23279,527,17.6835849293,17.7603666667,False
0,23280,527,17.6875198711,17.7603666667,False
0,23281,527,17.6540382503,17.7603666667,False
0,23282,528,17.7033552777,17.7937,False
0,23283,528,17.732634164,17.7937,False
0,23284,528,17.7681589123,17.7937,False
0,23285,528,17.7605938788,17.7937,False
0,23286,528,17.6941155461,17.7937,False
0,23287,528,17.7779395694,17.7937,False
0,23288,528,17.7612344957,17.7937,False
0,23289,528,17.7544715609,17.7937,False
0,23290,529,17.7517601942,17.8270333333,False
0,23291,529,17.7233009043,17.8270333333,False
0,23292,529,17.7551580526,17.8270333333,False
0,23293,529,17.7708469297,17.8270333333,False
0,23294,529,17.7982458641,17.8270333333,False
0,23295,529,17.7508732934,17.8270333333,False
0,23296,529,17.7604639113,17.8270333333,False
0,23297,529,17.7699062129,17.8270333333,False
0,23298,529,17.7529761822,17.8270333333,False
0,23299,529,17.7416173053,17.8270333333,False
0,23300,529,17.7950470577,17.8270333333,False
0,23301,529,17.7948538427,17.8270333333,False
0,23302,529,17.7771287751,17.8270333333,False
0,23303,529,17.7592541892,17.8270333333,False
0,23304,529,17.7359316987,17.8270333333,False
0,23305,529,17.75773574,17.8270333333,False
0,23306,529,17.7155359197,17.8270333333,False
0,23307,529,17.7379959146,17.8270333333,False
0,23308,529,17.7343055127,17.8270333333,False
0,23309,529,17.7616150081,17.8270333333,False
0,23310,529,17.8109993207,17.8270333333,False
0,23311,529,17.7177187507,17.8270333333,False
0,23312,529,17.7391083036,17.8270333333,False
0,23313,529,17.7566351656,17.8270333333,False
0,23314,529,17.7516386213,17.8270333333,False
0,23315,529,17.779543761,17.8270333333,False
0,23316,529,17.7406387538,17.8270333333,False
0,23317,529,17.8046049184,17.8270333333,False
0,23318,529,17.7449813261,17.8270333333,False
0,23319,529,17.7881740415,17.8270333333,False
0,23320,529,17.7974006595,17.8270333333,False
0,23321,529,17.750560363,17.8270333333,False
0,23322,529,17.7376447026,17.8270333333,False
0,23323,529,17.7274249736,17.8270333333,False
0,23324,529,17.7395373805,17.8270333333,False
0,23325,529,17.7514635583,17.8270333333,False
0,23326,529,17.7382850632,17.8270333333,False
0,23327,529,17.7630937102,17.8270333333,False
0,23328,529,17.778657257,17.8270333333,False
0,23329,529,17.7632737306,17.8270333333,False
0,23330,529,17.7688784143,17.8270333333,False
0,23331,529,17.7622137277,17.8270333333,False
0,23332,529,17.7572748316,17.8270333333,False
0,23333,529,17.7959793323,17.8270333333,False
0,23334,529,17.76528947,17.8270333333,False
0,23335,529,17.7305169688,17.8270333333,False
0,23336,529,17.8013872344,17.8270333333,False
0,23337,529,17.773602206,17.8270333333,False
0,23338,529,17.733106065,17.8270333333,False
0,23339,529,17.7456634553,17.8270333333,False
0,23340,529,17.7384300751,17.8270333333,False
0,23341,529,17.7473586186,17.8270333333,False
0,23342,529,17.7222398126,17.8270333333,False
0,23343,529,17.7728946922,17.8270333333,False
0,23344,529,17.7591143504,17.8270333333,False
0,23345,529,17.7797675491,17.8270333333,False
0,23346,529,17.7780291431,17.8270333333,False
0,23347,529,17.7728066255,17.8270333333,False
0,23348,529,17.7870417422,17.8270333333,False
0,23349,529,17.7773001705,17.8270333333,False
0,23350,529,17.8029508614,17.8270333333,False
0,23351,529,17.7455407279,17.8270333333,False
0,23352,529,17.6958725611,17.8270333333,False
0,23353,529,17.7282763299,17.8270333333,False
0,23354,529,17.7467098148,17.8270333333,False
0,23355,529,17.75418539,17.8270333333,False
0,23356,529,17.7270224808,17.8270333333,False
0,23357,529,17.772296635,17.8270333333,False
0,23358,529,17.7425817122,17.8270333333,False
0,23359,529,17.7773844595,17.8270333333,False
0,23360,529,17.7204670594,17.8270333333,False
0,23361,529,17.7961059174,17.8270333333,False
0,23362,529,17.7192188555,17.8270333333,False
0,23363,529,17.7482548604,17.8270333333,False
0,23364,529,17.8014491284,17.8270333333,False
0,23365,529,17.7476121237,17.8270333333,False
0,23366,529,17.7454447229,17.8270333333,False
0,23367,529,17.7502636197,17.8270333333,False
0,23368,529,17.7345289121,17.8270333333,False
0,23369,529,17.8005163104,17.8270333333,False
0,23370,529,17.7469188965,17.8270333333,False
0,23371,529,17.7524818626,17.8270333333,False
0,23372,529,17.732262175,17.8270333333,False
0,23373,529,17.7548581246,17.8270333333,False
0,23374,529,17.7804795636,17.8270333333,False
0,23375,529,17.7835353997,17.8270333333,False
0,23376,529,17.7076864778,17.8270333333,False
0,23377,529,17.7672589258,17.8270333333,False
0,23378,529,17.7114094334,17.8270333333,False
0,23379,529,17.771519494,17.8270333333,False
0,23380,529,17.7365704645,17.8270333333,False
0,23381,529,17.7556577516,17.8270333333,False
0,23382,529,17.7578724716,17.8270333333,False
0,23383,529,17.7552663849,17.8270333333,False
0,23384,529,17.7551508797,17.8270333333,False
0,23385,529,17.7275756208,17.8270333333,False
0,23386,529,17.751993818,17.8270333333,False
0,23387,529,17.7809205273,17.8270333333,False
0,23388,529,17.7575542067,17.8270333333,False
0,23389,529,17.722293154,17.8270333333,False
0,23390,529,17.7608757111,17.8270333333,False
0,23391,529,17.7622815483,17.8270333333,False
0,23392,529,17.7153661292,17.8270333333,False
0,23393,529,17.7709974784,17.8270333333,False
0,23394,529,17.7701481655,17.8270333333,False
0,23395,529,17.736319228,17.8270333333,False
0,23396,529,17.7715363756,17.8270333333,False
0,23397,529,17.7437107796,17.8270333333,False
0,23398,529,17.7678677145,17.8270333333,False
0,23399,529,17.7745869372,17.8270333333,False
0,23400,529,17.7324182172,17.8270333333,False
0,23401,529,17.7329162414,17.8270333333,False
0,23402,529,17.7644762412,17.8270333333,False
0,23403,529,17.7694329264,17.8270333333,False
0,23404,529,17.7016077998,17.8270333333,False
0,23405,529,17.7897093463,17.8270333333,False
0,23406,529,17.7633955983,17.8270333333,False
0,23407,529,17.7665425542,17.8270333333,False
0,23408,529,17.759415021,17.8270333333,False
0,23409,529,17.7256739856,17.8270333333,False
0,23410,529,17.7400407945,17.8270333333,False
0,23411,529,17.7284676259,17.8270333333,False
0,23412,529,17.7607500158,17.8270333333,False
0,23413,529,17.7613276781,17.8270333333,False
0,23414,529,17.7855556061,17.8270333333,False
0,23415,529,17.7526165304,17.8270333333,False
0,23416,529,17.7421664413,17.8270333333,False
0,23417,529,17.7513220341,17.8270333333,False
0,23418,529,17.7687002019,17.8270333333,False
0,23419,529,17.7406362314,17.8270333333,False
0,23420,529,17.7390798551,17.8270333333,False
0,23421,529,17.7444344544,17.8270333333,False
0,23422,529,17.7658959031,17.8270333333,False
0,23423,529,17.7582876828,17.8270333333,False
0,23424,529,17.7493755265,17.8270333333,False
0,23425,529,17.7737877425,17.8270333333,False
0,23426,529,17.7934589814,17.8270333333,False
0,23427,529,17.7674528046,17.8270333333,False
0,23428,529,17.7854283462,17.8270333333,False
0,23429,529,17.7895651104,17.8270333333,False
0,23430,529,17.7767675632,17.8270333333,False
0,23431,529,17.7588640378,17.8270333333,False
0,23432,529,17.7431114811,17.8270333333,False
0,23433,529,17.7956360477,17.8270333333,False
0,23434,529,17.761369286,17.8270333333,False
0,23435,529,17.7607340018,17.8270333333,False
0,23436,529,17.7524554511,17.8270333333,False
0,23437,529,17.7905075776,17.8270333333,False
0,23438,529,17.7859068024,17.8270333333,False
0,23439,529,17.8112471134,17.8270333333,False
0,23440,529,17.7530497275,17.8270333333,False
0,23441,529,17.7688628766,17.8270333333,False
0,23442,529,17.7644465385,17.8270333333,False
0,23443,529,17.7710698893,17.8270333333,False
0,23444,529,17.7411114755,17.8270333333,False
0,23445,529,17.7208332165,17.8270333333,False
0,23446,529,17.7529701231,17.8270333333,False
0,23447,529,17.7208325607,17.8270333333,False
0,23448,529,17.7589192897,17.8270333333,False
0,23449,529,17.7473605184,17.8270333333,False
0,23450,529,17.8100900153,17.8270333333,False
0,23451,529,17.7414557065,17.8270333333,False
0,23452,529,17.7653607831,17.8270333333,False
0,23453,529,17.7069218178,17.8270333333,False
0,23454,529,17.8242945396,17.8270333333,False
0,23455,529,17.7824810487,17.8270333333,False
0,23456,529,17.7494273563,17.8270333333,False
0,23457,529,17.7927397168,17.8270333333,False
0,23458,529,17.7429060234,17.8270333333,False
0,23459,529,17.7751343243,17.8270333333,False
0,23460,529,17.7267580184,17.8270333333,False
0,23461,529,17.7482180725,17.8270333333,False
0,23462,529,17.7524640203,17.8270333333,False
0,23463,529,17.75120893,17.8270333333,False
0,23464,529,17.7297249467,17.8270333333,False
0,23465,529,17.7425838636,17.8270333333,False
0,23466,529,17.7477582587,17.8270333333,False
0,23467,529,17.761207155,17.8270333333,False
0,23468,529,17.7528123372,17.8270333333,False
0,23469,529,17.7392513193,17.8270333333,False
0,23470,529,17.6982199641,17.8270333333,False
0,23471,529,17.7669659854,17.8270333333,False
0,23472,529,17.802116408,17.8270333333,False
0,23473,529,17.7447407858,17.8270333333,False
0,23474,529,17.7910515184,17.8270333333,False
0,23475,529,17.7581763286,17.8270333333,False
0,23476,529,17.7643376015,17.8270333333,False
0,23477,529,17.7892578568,17.8270333333,False
0,23478,529,17.7450066647,17.8270333333,False
0,23479,529,17.7579009372,17.8270333333,False
0,23480,529,17.8011012013,17.8270333333,False
0,23481,529,17.7269142429,17.8270333333,False
0,23482,529,17.7262144991,17.8270333333,False
0,23483,529,17.7744227544,17.8270333333,False
0,23484,529,17.7253583842,17.8270333333,False
0,23485,529,17.7634160671,17.8270333333,False
0,23486,529,17.7532253626,17.8270333333,False
0,23487,529,17.7166451217,17.8270333333,False
0,23488,529,17.7441870874,17.8270333333,False
0,23489,529,17.7278139375,17.8270333333,False
0,23490,529,17.7178635044,17.8270333333,False
0,23491,529,17.7209521813,17.8270333333,False
0,23492,529,17.7254007706,17.8270333333,False
0,23493,529,17.7849055747,17.8270333333,False
0,23494,529,17.7681410237,17.8270333333,False
0,23495,529,17.7469136213,17.8270333333,False
0,23496,529,17.6696917512,17.8270333333,False
0,23497,529,17.7637461315,17.8270333333,False
0,23498,529,17.7354511177,17.8270333333,False
0,23499,529,17.7919699851,17.8270333333,False
0,23500,529,17.7808251552,17.8270333333,False
0,23501,529,17.7752510681,17.8270333333,False
0,23502,529,17.7763800197,17.8270333333,False
0,23503,529,17.7878865896,17.8270333333,False
0,23504,529,17.7077182967,17.8270333333,False
0,23505,529,17.7494517129,17.8270333333,False
0,23506,529,17.7432064021,17.8270333333,False
0,23507,529,17.7395928628,17.8270333333,False
0,23508,529,17.7790940649,17.8270333333,False
0,23509,529,17.7689359711,17.8270333333,False
0,23510,529,17.7448331248,17.8270333333,False
0,23511,529,17.7569112945,17.8270333333,False
0,23512,529,17.7663306057,17.8270333333,False
0,23513,529,17.7665557964,17.8270333333,False
0,23514,529,17.7464353555,17.8270333333,False
0,23515,529,17.7422132157,17.8270333333,False
0,23516,529,17.7469201932,17.8270333333,False
0,23517,529,17.7240111299,17.8270333333,False
0,23518,529,17.7254761663,17.8270333333,False
0,23519,529,17.7378823051,17.8270333333,False
0,23520,529,17.7726800676,17.8270333333,False
0,23521,529,17.7765204419,17.8270333333,False
0,23522,529,17.7811692212,17.8270333333,False
0,23523,529,17.714052533,17.8270333333,False
0,23524,529,17.7543049357,17.8270333333,False
0,23525,529,17.7618800066,17.8270333333,False
0,23526,529,17.8201653977,17.8270333333,False
0,23527,529,17.7698957832,17.8270333333,False
0,23528,529,17.7682262661,17.8270333333,False
0,23529,529,17.7900341055,17.8270333333,False
0,23530,529,17.7398231971,17.8270333333,False
0,23531,529,17.7646529806,17.8270333333,False
0,23532,529,17.7283374484,17.8270333333,False
0,23533,529,17.7446482491,17.8270333333,False
0,23534,529,17.8013314014,17.8270333333,False
0,23535,529,17.7372310059,17.8270333333,False
0,23536,529,17.7568083222,17.8270333333,False
0,23537,529,17.7755195156,17.8270333333,False
0,23538,529,17.7812795631,17.8270333333,False
0,23539,529,17.7250157242,17.8270333333,False
0,23540,529,17.7333232809,17.8270333333,False
0,23541,529,17.7578653304,17.8270333333,False
0,23542,529,17.7426717312,17.8270333333,False
0,23543,529,17.7586925905,17.8270333333,False
0,23544,529,17.7773685433,17.8270333333,False
0,23545,529,17.7688494858,17.8270333333,False
0,23546,529,17.7548474137,17.8270333333,False
0,23547,529,17.7461332871,17.8270333333,False
0,23548,529,17.7621967907,17.8270333333,False
0,23549,529,17.7493223637,17.8270333333,False
0,23550,529,17.7662491484,17.8270333333,False
0,23551,529,17.80640608,17.8270333333,False
0,23552,529,17.7837125238,17.8270333333,False
0,23553,529,17.7333441983,17.8270333333,False
0,23554,529,17.7642559688,17.8270333333,False
0,23555,529,17.7920164634,17.8270333333,False
0,23556,529,17.7642921961,17.8270333333,False
0,23557,529,17.7604576004,17.8270333333,False
0,23558,529,17.7877284658,17.8270333333,False
0,23559,529,17.7782062301,17.8270333333,False
0,23560,529,17.7735848775,17.8270333333,False
0,23561,529,17.783321318,17.8270333333,False
0,23562,529,17.7372189193,17.8270333333,False
0,23563,529,17.756509859,17.8270333333,False
0,23564,529,17.7954233064,17.8270333333,False
0,23565,529,17.7620012823,17.8270333333,False
0,23566,529,17.7925546541,17.8270333333,False
0,23567,529,17.7203220803,17.8270333333,False
0,23568,529,17.7448372611,17.8270333333,False
0,23569,529,17.7444820554,17.8270333333,False
0,23570,529,17.7325285724,17.8270333333,False
0,23571,529,17.8022487955,17.8270333333,False
0,23572,529,17.7961942644,17.8270333333,False
0,23573,529,17.7365974288,17.8270333333,False
0,23574,529,17.7024545121,17.8270333333,False
0,23575,529,17.7494876859,17.8270333333,False
0,23576,529,17.764198831,17.8270333333,False
0,23577,529,17.768964644,17.8270333333,False
0,23578,529,17.7512685845,17.8270333333,False
0,23579,529,17.7401681045,17.8270333333,False
0,23580,529,17.739522494,17.8270333333,False
0,23581,529,17.7914031762,17.8270333333,False
0,23582,529,17.7680021577,17.8270333333,False
0,23583,530,17.7603618456,17.8603666667,False
0,23584,530,17.7656619934,17.8603666667,False
0,23585,530,17.8323932117,17.8603666667,False
0,23586,530,17.7642894226,17.8603666667,False
0,23587,530,17.7583502917,17.8603666667,False
0,23588,530,17.7928021881,17.8603666667,False
0,23589,530,17.747835207,17.8603666667,False
0,23590,530,17.8203203024,17.8603666667,False
0,23591,530,17.7958580386,17.8603666667,False
0,23592,530,17.75918423,17.8603666667,False
0,23593,530,17.7873845191,17.8603666667,False
0,23594,530,17.8243188744,17.8603666667,False
0,23595,531,17.8486842796,17.8937,False
0,23596,531,17.844645653,17.8937,False
0,23597,531,17.8286001313,17.8937,False
0,23598,531,17.8127651151,17.8937,False
0,23599,531,17.8353266835,17.8937,False
0,23600,531,17.7833924092,17.8937,False
0,23601,531,17.8123732951,17.8937,False
0,23602,531,17.8721531186,17.8937,False
0,23603,532,17.8227883567,17.9270333333,False
0,23604,532,17.8341249449,17.9270333333,False
0,23605,532,17.7965224927,17.9270333333,False
0,23606,532,17.8484042929,17.9270333333,False
0,23607,532,17.8262032938,17.9270333333,False
0,23608,532,17.8747937127,17.9270333333,False
0,23609,533,17.8707105622,17.9603666667,False
0,23610,533,17.9303105205,17.9603666667,False
0,23611,533,17.8571549664,17.9603666667,False
0,23612,533,17.9034815527,17.9603666667,False
0,23613,533,17.9495196278,17.9603666667,False
0,23614,533,17.9050114109,17.9603666667,False
0,23615,533,17.9162135441,17.9603666667,False
0,23616,534,17.9647836257,17.9937,False
0,23617,534,17.8900576992,17.9937,False
0,23618,534,17.9649534224,17.9937,False
0,23619,534,17.9497079259,17.9937,False
0,23620,534,17.9466748001,17.9937,False
0,23621,534,17.917179441,17.9937,False
0,23622,534,17.8928442545,17.9937,False
0,23623,534,17.9102347296,17.9937,False
0,23624,534,17.9148123213,17.9937,False
0,23625,534,17.9112849553,17.9937,False
0,23626,534,17.9376485166,17.9937,False
0,23627,534,17.9356817839,17.9937,False
0,23628,534,17.9079588179,17.9937,False
0,23629,534,17.8515215506,17.9937,False
0,23630,534,17.9365309538,17.9937,False
0,23631,534,17.9229218428,17.9937,False
0,23632,534,17.9056178447,17.9937,False
0,23633,534,17.9084510692,17.9937,False
0,23634,534,17.9385514906,17.9937,False
0,23635,534,17.9227832665,17.9937,False
0,23636,534,17.909431526,17.9937,False
0,23637,534,17.9079983441,17.9937,False
0,23638,534,17.9268330242,17.9937,False
0,23639,534,17.9271061757,17.9937,False
0,23640,534,17.9489036223,17.9937,False
0,23641,534,17.8922015806,17.9937,False
0,23642,534,17.8887481877,17.9937,False
0,23643,534,17.9314064687,17.9937,False
0,23644,534,17.9215419512,17.9937,False
0,23645,534,17.9254510105,17.9937,False
0,23646,534,17.9064020544,17.9937,False
0,23647,534,17.9333279829,17.9937,False
0,23648,534,17.9096786887,17.9937,False
0,23649,534,17.8959396116,17.9937,False
0,23650,534,17.9450404403,17.9937,False
0,23651,534,17.9542072173,17.9937,False
0,23652,534,17.9389836568,17.9937,False
0,23653,534,17.9391858091,17.9937,False
0,23654,534,17.9329643441,17.9937,False
0,23655,534,17.8728959459,17.9937,False
0,23656,534,17.9194805967,17.9937,False
0,23657,534,17.8964581063,17.9937,False
0,23658,534,17.8973394661,17.9937,False
0,23659,534,17.9086144844,17.9937,False
0,23660,534,17.8990044711,17.9937,False
0,23661,534,17.904004364,17.9937,False
0,23662,534,17.9445128318,17.9937,False
0,23663,534,17.9136449812,17.9937,False
0,23664,534,17.920663676,17.9937,False
0,23665,534,17.9183731723,17.9937,False
0,23666,534,17.9038771282,17.9937,False
0,23667,534,17.9293566121,17.9937,False
0,23668,534,17.945920376,17.9937,False
0,23669,534,17.9251051009,17.9937,False
0,23670,534,17.9073552814,17.9937,False
0,23671,534,17.9033487003,17.9937,False
0,23672,534,17.9923563637,17.9937,False
0,23673,534,17.9082605217,17.9937,False
0,23674,534,17.9095411091,17.9937,False
0,23675,534,17.9080104249,17.9937,False
0,23676,534,17.9390037895,17.9937,False
0,23677,534,17.913258617,17.9937,False
0,23678,534,17.9303459335,17.9937,False
0,23679,534,17.8907276392,17.9937,False
0,23680,534,17.9550139067,17.9937,False
0,23681,534,17.9465529052,17.9937,False
0,23682,534,17.9043859091,17.9937,False
0,23683,534,17.9370009443,17.9937,False
0,23684,534,17.9554691548,17.9937,False
0,23685,534,17.9287530509,17.9937,False
0,23686,534,17.897031938,17.9937,False
0,23687,534,17.9595411613,17.9937,False
0,23688,534,17.9587743907,17.9937,False
0,23689,534,17.9180223398,17.9937,False
0,23690,534,17.9254454291,17.9937,False
0,23691,534,17.9397435913,17.9937,False
0,23692,534,17.9159587791,17.9937,False
0,23693,534,17.9074089469,17.9937,False
0,23694,534,17.9194012011,17.9937,False
0,23695,534,17.9576691064,17.9937,False
0,23696,534,17.9206453773,17.9937,False
0,23697,534,17.9087235704,17.9937,False
0,23698,534,17.9272413531,17.9937,False
0,23699,534,17.9321086078,17.9937,False
0,23700,534,17.9275503616,17.9937,False
0,23701,534,17.9332835182,17.9937,False
0,23702,534,17.8959361098,17.9937,False
0,23703,534,17.951580085,17.9937,False
0,23704,534,17.9257461962,17.9937,False
0,23705,534,17.946919474,17.9937,False
0,23706,534,17.9482774711,17.9937,False
0,23707,534,17.9214127461,17.9937,False
0,23708,534,17.9296098941,17.9937,False
0,23709,534,17.9156623617,17.9937,False
0,23710,534,17.9072756266,17.9937,False
0,23711,534,17.9038264027,17.9937,False
0,23712,534,17.924176957,17.9937,False
0,23713,534,17.8801243828,17.9937,False
0,23714,534,17.9509902437,17.9937,False
0,23715,534,17.9056987776,17.9937,False
0,23716,534,17.9488099465,17.9937,False
0,23717,534,17.9187243274,17.9937,False
0,23718,534,17.9261936302,17.9937,False
0,23719,534,17.943999384,17.9937,False
0,23720,534,17.9118801738,17.9937,False
0,23721,534,17.9043681909,17.9937,False
0,23722,534,17.9452313242,17.9937,False
0,23723,534,17.9414785796,17.9937,False
0,23724,534,17.9003620629,17.9937,False
0,23725,534,17.9591277188,17.9937,False
0,23726,534,17.8976257556,17.9937,False
0,23727,534,17.928043196,17.9937,False
0,23728,534,17.8922419781,17.9937,False
0,23729,534,17.9513315041,17.9937,False
0,23730,534,17.8945077265,17.9937,False
0,23731,534,17.9433762991,17.9937,False
0,23732,534,17.8974279353,17.9937,False
0,23733,534,17.9275525862,17.9937,False
0,23734,534,17.9401966098,17.9937,False
0,23735,534,17.9160749316,17.9937,False
0,23736,534,17.9284443492,17.9937,False
0,23737,534,17.9447336274,17.9937,False
0,23738,534,17.9384017639,17.9937,False
0,23739,534,17.9078252172,17.9937,False
0,23740,534,17.8877649761,17.9937,False
0,23741,534,17.8846379609,17.9937,False
0,23742,534,17.8946267015,17.9937,False
0,23743,534,17.9123579064,17.9937,False
0,23744,534,17.9328391555,17.9937,False
0,23745,534,17.9245510859,17.9937,False
0,23746,534,17.9326187329,17.9937,False
0,23747,534,17.9551404717,17.9937,False
0,23748,534,17.9244257998,17.9937,False
0,23749,534,17.9564090385,17.9937,False
0,23750,534,17.8960918261,17.9937,False
0,23751,534,17.9509182983,17.9937,False
0,23752,534,17.9469752568,17.9937,False
0,23753,534,17.9515545508,17.9937,False
0,23754,534,17.9359997662,17.9937,False
0,23755,534,17.9305177599,17.9937,False
0,23756,534,17.933514382,17.9937,False
0,23757,534,17.8854346313,17.9937,False
0,23758,534,17.8918293235,17.9937,False
0,23759,534,17.9413584652,17.9937,False
0,23760,534,17.8704833753,17.9937,False
0,23761,534,17.9344380881,17.9937,False
0,23762,534,17.8911673909,17.9937,False
0,23763,534,17.930211286,17.9937,False
0,23764,534,17.9397935711,17.9937,False
0,23765,534,17.908569266,17.9937,False
0,23766,534,17.9533007507,17.9937,False
0,23767,534,17.9236407278,17.9937,False
0,23768,534,17.8901969577,17.9937,False
0,23769,534,17.8979372553,17.9937,False
0,23770,534,17.9336764717,17.9937,False
0,23771,534,17.8985636249,17.9937,False
0,23772,534,17.8998158866,17.9937,False
0,23773,534,17.9300987883,17.9937,False
0,23774,534,17.9195515813,17.9937,False
0,23775,534,17.9523881144,17.9937,False
0,23776,534,17.8777577669,17.9937,False
0,23777,534,17.8975910527,17.9937,False
0,23778,534,17.9075396156,17.9937,False
0,23779,534,17.9287972115,17.9937,False
0,23780,534,17.925183203,17.9937,False
0,23781,534,17.8538304048,17.9937,False
0,23782,534,17.9871249563,17.9937,False
0,23783,534,17.9262532174,17.9937,False
0,23784,534,17.8877377033,17.9937,False
0,23785,534,17.9136562595,17.9937,False
0,23786,534,17.9107964287,17.9937,False
0,23787,534,17.9406965143,17.9937,False
0,23788,534,17.901088628,17.9937,False
0,23789,534,17.918006046,17.9937,False
0,23790,534,17.8902219355,17.9937,False
0,23791,534,17.9299133556,17.9937,False
0,23792,534,17.9326640029,17.9937,False
0,23793,534,17.9466951112,17.9937,False
0,23794,534,17.8799173355,17.9937,False
0,23795,534,17.9315625492,17.9937,False
0,23796,534,17.9404770647,17.9937,False
0,23797,534,17.9373011131,17.9937,False
0,23798,534,17.9486069198,17.9937,False
0,23799,534,17.8937448227,17.9937,False
0,23800,534,17.9366075903,17.9937,False
0,23801,534,17.9303689616,17.9937,False
0,23802,534,17.9523236183,17.9937,False
0,23803,534,17.8785347253,17.9937,False
0,23804,534,17.9209796139,17.9937,False
0,23805,534,17.9464161464,17.9937,False
0,23806,534,17.9479986242,17.9937,False
0,23807,534,17.90236988,17.9937,False
0,23808,534,17.9350292616,17.9937,False
0,23809,534,17.8980198969,17.9937,False
0,23810,534,17.9076789899,17.9937,False
0,23811,534,17.9317087273,17.9937,False
0,23812,534,17.9728509026,17.9937,False
0,23813,534,17.9142060112,17.9937,False
0,23814,534,17.9065186966,17.9937,False
0,23815,534,17.9149955017,17.9937,False
0,23816,534,17.9318418607,17.9937,False
0,23817,534,17.9809884813,17.9937,False
0,23818,534,17.9276850539,17.9937,False
0,23819,534,17.9168431852,17.9937,False
0,23820,534,17.8770472727,17.9937,False
0,23821,534,17.9190606872,17.9937,False
0,23822,534,17.9430592727,17.9937,False
0,23823,534,17.9439631725,17.9937,False
0,23824,534,17.9389301499,17.9937,False
0,23825,534,17.9131896965,17.9937,False
0,23826,534,17.8881763439,17.9937,False
0,23827,534,17.9389931717,17.9937,False
0,23828,534,17.9121937805,17.9937,False
0,23829,534,17.8930303633,17.9937,False
0,23830,534,17.9103931677,17.9937,False
0,23831,534,17.9364873396,17.9937,False
0,23832,534,17.937285889,17.9937,False
0,23833,534,17.8974590267,17.9937,False
0,23834,534,17.9333619448,17.9937,False
0,23835,534,17.9483714226,17.9937,False
0,23836,534,17.9119027384,17.9937,False
0,23837,534,17.9287527039,17.9937,False
0,23838,534,17.9476499046,17.9937,False
0,23839,534,17.9313667259,17.9937,False
0,23840,534,17.9029253303,17.9937,False
0,23841,534,17.9304316521,17.9937,False
0,23842,534,17.9058989261,17.9937,False
0,23843,534,17.8973314863,17.9937,False
0,23844,534,17.9339352758,17.9937,False
0,23845,534,17.9655483791,17.9937,False
0,23846,534,17.9165065499,17.9937,False
0,23847,534,17.8884161171,17.9937,False
0,23848,534,17.9442507165,17.9937,False
0,23849,534,17.9314020981,17.9937,False
0,23850,534,17.941012998,17.9937,False
0,23851,534,17.9289585085,17.9937,False
0,23852,534,17.9311410819,17.9937,False
0,23853,534,17.918969088,17.9937,False
0,23854,534,17.9605697192,17.9937,False
0,23855,534,17.9072616796,17.9937,False
0,23856,534,17.9297339024,17.9937,False
0,23857,534,17.8735214495,17.9937,False
0,23858,534,17.940192391,17.9937,False
0,23859,534,17.9051817609,17.9937,False
0,23860,534,17.8949275053,17.9937,False
0,23861,534,17.9432372705,17.9937,False
0,23862,534,17.9560074965,17.9937,False
0,23863,534,17.9234913729,17.9937,False
0,23864,534,17.9077742609,17.9937,False
0,23865,534,17.9394722192,17.9937,False
0,23866,534,17.9345746023,17.9937,False
0,23867,534,17.9174823649,17.9937,False
0,23868,534,17.8899240239,17.9937,False
0,23869,534,17.93559242,17.9937,False
0,23870,534,17.9407631045,17.9937,False
0,23871,534,17.9102521585,17.9937,False
0,23872,534,17.8932689543,17.9937,False
0,23873,534,17.9002943758,17.9937,False
0,23874,534,17.9355465606,17.9937,False
0,23875,534,17.9452308792,17.9937,False
0,23876,534,17.946703281,17.9937,False
0,23877,534,17.8954206323,17.9937,False
0,23878,534,17.9716049803,17.9937,False
0,23879,534,17.8951279588,17.9937,False
0,23880,534,17.9428817198,17.9937,False
0,23881,534,17.9466952976,17.9937,False
0,23882,534,17.9076030966,17.9937,False
0,23883,534,17.9919450281,17.9937,False
0,23884,534,17.9740541436,17.9937,False
0,23885,534,17.9730101458,17.9937,False
0,23886,534,17.9359228473,17.9937,False
0,23887,534,17.9307930978,17.9937,False
0,23888,534,17.9309997109,17.9937,False
0,23889,534,17.9240174013,17.9937,False
0,23890,534,17.9488832707,17.9937,False
0,23891,534,17.8883577167,17.9937,False
0,23892,534,17.9220047843,17.9937,False
0,23893,534,17.934829378,17.9937,False
0,23894,534,17.8851928967,17.9937,False
0,23895,534,17.9229822113,17.9937,False
0,23896,534,17.9115005842,17.9937,False
0,23897,534,17.9187547312,17.9937,False
0,23898,534,17.9544356454,17.9937,False
0,23899,534,17.9638760855,17.9937,False
0,23900,534,17.908914387,17.9937,False
0,23901,534,17.947064035,17.9937,False
0,23902,534,17.905302913,17.9937,False
0,23903,535,17.9559825855,18.0270333333,False
0,23904,535,17.9294795026,18.0270333333,False
0,23905,535,17.982327745,18.0270333333,False
0,23906,535,17.972939148,18.0270333333,False
0,23907,535,17.912228532,18.0270333333,False
0,23908,535,17.9118775793,18.0270333333,False
0,23909,535,17.9028945428,18.0270333333,False
0,23910,535,17.987054849,18.0270333333,False
0,23911,535,17.9872750945,18.0270333333,False
0,23912,535,17.9780706828,18.0270333333,False
0,23913,535,17.910198903,18.0270333333,False
0,23914,535,17.9596855075,18.0270333333,False
0,23915,536,17.9699975361,18.0603666667,False
0,23916,536,17.9527750761,18.0603666667,False
0,23917,536,18.0158372597,18.0603666667,False
0,23918,536,17.9705614229,18.0603666667,False
0,23919,536,17.9533101998,18.0603666667,False
0,23920,536,17.9598840305,18.0603666667,False
0,23921,536,18.0308327513,18.0603666667,False
0,23922,536,18.0320706431,18.0603666667,False
0,23923,536,17.9879301059,18.0603666667,False
0,23924,536,17.9784727193,18.0603666667,False
0,23925,537,18.0278936723,18.0937,False
0,23926,537,18.0222976688,18.0937,False
0,23927,537,18.0478790753,18.0937,False
0,23928,537,18.0070289659,18.0937,False
0,23929,537,18.0405982142,18.0937,False
0,23930,537,18.0348054854,18.0937,False
0,23931,537,18.0152107438,18.0937,False
0,23932,538,18.1013378492,18.1270333333,False
0,23933,538,18.0359070611,18.1270333333,False
0,23934,538,18.0732386175,18.1270333333,False
0,23935,538,18.0645470038,18.1270333333,False
0,23936,538,18.0899332564,18.1270333333,False
0,23937,538,18.0545227267,18.1270333333,False
0,23938,538,18.054480341,18.1270333333,False
0,23939,538,18.0554858236,18.1270333333,False
0,23940,539,18.0758780703,18.1603666667,False
0,23941,539,18.1333127665,18.1603666667,False
0,23942,539,18.0834120797,18.1603666667,False
0,23943,539,18.0855586363,18.1603666667,False
0,23944,539,18.0650991497,18.1603666667,False
0,23945,539,18.0623419553,18.1603666667,False
0,23946,539,18.1007895478,18.1603666667,False
0,23947,539,18.1017494474,18.1603666667,False
0,23948,539,18.1374900583,18.1603666667,False
0,23949,539,18.1093283014,18.1603666667,False
0,23950,539,18.0967535507,18.1603666667,False
0,23951,539,18.0815946663,18.1603666667,False
0,23952,539,18.0735750386,18.1603666667,False
0,23953,539,18.0694077285,18.1603666667,False
0,23954,539,18.1362480274,18.1603666667,False
0,23955,539,18.0414324878,18.1603666667,False
0,23956,539,18.0881314007,18.1603666667,False
0,23957,539,18.1543305466,18.1603666667,False
0,23958,539,18.1156770345,18.1603666667,False
0,23959,539,18.0787525854,18.1603666667,False
0,23960,539,18.1342370801,18.1603666667,False
0,23961,539,18.1053517436,18.1603666667,False
0,23962,539,18.0855998511,18.1603666667,False
0,23963,539,18.0509517698,18.1603666667,False
0,23964,539,18.0615335209,18.1603666667,False
0,23965,539,18.0820196388,18.1603666667,False
0,23966,539,18.0453091125,18.1603666667,False
0,23967,539,18.1129691562,18.1603666667,False
0,23968,539,18.0924652639,18.1603666667,False
0,23969,539,18.0680867202,18.1603666667,False
0,23970,539,18.0774566145,18.1603666667,False
0,23971,539,18.1029102229,18.1603666667,False
0,23972,539,18.1042642809,18.1603666667,False
0,23973,539,18.0963266084,18.1603666667,False
0,23974,539,18.0343991306,18.1603666667,False
0,23975,539,18.1179135893,18.1603666667,False
0,23976,539,18.1237426288,18.1603666667,False
0,23977,539,18.1217707999,18.1603666667,False
0,23978,539,18.0754844892,18.1603666667,False
0,23979,539,18.0923022309,18.1603666667,False
0,23980,539,18.1339417511,18.1603666667,False
0,23981,539,18.0965868999,18.1603666667,False
0,23982,539,18.0927364226,18.1603666667,False
0,23983,539,18.0995120202,18.1603666667,False
0,23984,539,18.1356240235,18.1603666667,False
0,23985,539,18.1192324061,18.1603666667,False
0,23986,539,18.0949724047,18.1603666667,False
0,23987,539,18.0182385965,18.1603666667,False
0,23988,539,18.0899788606,18.1603666667,False
0,23989,539,18.1248010789,18.1603666667,False
0,23990,539,18.0741709536,18.1603666667,False
0,23991,539,18.0612695986,18.1603666667,False
0,23992,539,18.1108269907,18.1603666667,False
0,23993,539,18.1194447723,18.1603666667,False
0,23994,539,18.1099268301,18.1603666667,False
0,23995,539,18.0961628921,18.1603666667,False
0,23996,539,18.0882921184,18.1603666667,False
0,23997,539,18.0765182408,18.1603666667,False
0,23998,539,18.0995032659,18.1603666667,False
0,23999,539,18.0723003736,18.1603666667,False
0,24000,539,18.0753000045,18.1603666667,False
0,24001,539,18.0736441642,18.1603666667,False
0,24002,539,18.1166375164,18.1603666667,False
0,24003,539,18.1571972826,18.1603666667,False
0,24004,539,18.0832293031,18.1603666667,False
0,24005,539,18.0226121723,18.1603666667,False
0,24006,539,18.1104976598,18.1603666667,False
0,24007,539,18.1032546822,18.1603666667,False
0,24008,539,18.1415791319,18.1603666667,False
0,24009,539,18.0778463974,18.1603666667,False
0,24010,539,18.1048217665,18.1603666667,False
0,24011,539,18.126967025,18.1603666667,False
0,24012,539,18.1548288298,18.1603666667,False
0,24013,539,18.0963599203,18.1603666667,False
0,24014,539,18.0753636848,18.1603666667,False
0,24015,539,18.0793041813,18.1603666667,False
0,24016,539,18.0783066737,18.1603666667,False
0,24017,539,18.0932212329,18.1603666667,False
0,24018,539,18.072371827,18.1603666667,False
0,24019,539,18.0537871825,18.1603666667,False
0,24020,539,18.0643835725,18.1603666667,False
0,24021,539,18.0640170281,18.1603666667,False
0,24022,539,18.1208514457,18.1603666667,False
0,24023,539,18.1256570153,18.1603666667,False
0,24024,539,18.0925805496,18.1603666667,False
0,24025,539,18.0745005492,18.1603666667,False
0,24026,539,18.0996973517,18.1603666667,False
0,24027,539,18.0789673357,18.1603666667,False
0,24028,539,18.1064405748,18.1603666667,False
0,24029,539,18.0666648646,18.1603666667,False
0,24030,539,18.0702906058,18.1603666667,False
0,24031,539,18.0797453081,18.1603666667,False
0,24032,539,18.1014310116,18.1603666667,False
0,24033,539,18.144476179,18.1603666667,False
0,24034,539,18.1312125687,18.1603666667,False
0,24035,539,18.0518318415,18.1603666667,False
0,24036,539,18.0862337178,18.1603666667,False
0,24037,539,18.0818205317,18.1603666667,False
0,24038,539,18.1035868301,18.1603666667,False
0,24039,539,18.1023644068,18.1603666667,False
0,24040,539,18.0851825302,18.1603666667,False
0,24041,539,18.1435308855,18.1603666667,False
0,24042,539,18.1272243266,18.1603666667,False
0,24043,539,18.0561287535,18.1603666667,False
0,24044,539,18.0689504656,18.1603666667,False
0,24045,539,18.0945441154,18.1603666667,False
0,24046,539,18.1083653618,18.1603666667,False
0,24047,539,18.088731116,18.1603666667,False
0,24048,539,18.077285297,18.1603666667,False
0,24049,539,18.0422088118,18.1603666667,False
0,24050,539,18.0649809756,18.1603666667,False
0,24051,539,18.114561848,18.1603666667,False
0,24052,539,18.0645248934,18.1603666667,False
0,24053,539,18.084701144,18.1603666667,False
0,24054,539,18.0954542509,18.1603666667,False
0,24055,539,18.0473463833,18.1603666667,False
0,24056,539,18.1416332113,18.1603666667,False
0,24057,539,18.1371323877,18.1603666667,False
0,24058,539,18.0201374612,18.1603666667,False
0,24059,539,18.0555626058,18.1603666667,False
0,24060,539,18.1121877028,18.1603666667,False
0,24061,539,18.1224314629,18.1603666667,False
0,24062,539,18.1025826719,18.1603666667,False
0,24063,539,18.1224596207,18.1603666667,False
0,24064,539,18.1049709008,18.1603666667,False
0,24065,539,18.1020060795,18.1603666667,False
0,24066,539,18.0849015563,18.1603666667,False
0,24067,539,18.0969666373,18.1603666667,False
0,24068,539,18.0960112965,18.1603666667,False
0,24069,539,18.0936960746,18.1603666667,False
0,24070,539,18.0730780446,18.1603666667,False
0,24071,539,18.1418137491,18.1603666667,False
0,24072,539,18.0771101201,18.1603666667,False
0,24073,539,18.0898116381,18.1603666667,False
0,24074,539,18.0802058868,18.1603666667,False
0,24075,539,18.0970049889,18.1603666667,False
0,24076,539,18.0922925905,18.1603666667,False
0,24077,539,18.0977961466,18.1603666667,False
0,24078,539,18.0824386712,18.1603666667,False
0,24079,539,18.0980890204,18.1603666667,False
0,24080,539,18.0681669837,18.1603666667,False
0,24081,539,18.0590143386,18.1603666667,False
0,24082,539,18.111600737,18.1603666667,False
0,24083,539,18.1091842731,18.1603666667,False
0,24084,539,18.0837152389,18.1603666667,False
0,24085,539,18.0884079786,18.1603666667,False
0,24086,539,18.0477849092,18.1603666667,False
0,24087,539,18.0768570126,18.1603666667,False
0,24088,539,18.1519359394,18.1603666667,False
0,24089,539,18.0654784802,18.1603666667,False
0,24090,539,18.0955911433,18.1603666667,False
0,24091,539,18.0847768873,18.1603666667,False
0,24092,539,18.103562623,18.1603666667,False
0,24093,539,18.0889516714,18.1603666667,False
0,24094,539,18.0699101563,18.1603666667,False
0,24095,539,18.0808949986,18.1603666667,False
0,24096,539,18.1078958072,18.1603666667,False
0,24097,539,18.1061270016,18.1603666667,False
0,24098,539,18.1171140367,18.1603666667,False
0,24099,539,18.1069972374,18.1603666667,False
0,24100,539,18.1135040939,18.1603666667,False
0,24101,539,18.0436904463,18.1603666667,False
0,24102,539,18.0820160649,18.1603666667,False
0,24103,539,18.1451474527,18.1603666667,False
0,24104,539,18.1004413465,18.1603666667,False
0,24105,539,18.0539489727,18.1603666667,False
0,24106,539,18.0928542783,18.1603666667,False
0,24107,539,18.0438761327,18.1603666667,False
0,24108,539,18.0911499625,18.1603666667,False
0,24109,539,18.1336260394,18.1603666667,False
0,24110,539,18.0992212527,18.1603666667,False
0,24111,539,18.0528227069,18.1603666667,False
0,24112,539,18.0619984823,18.1603666667,False
0,24113,539,18.0942720568,18.1603666667,False
0,24114,539,18.0760728355,18.1603666667,False
0,24115,539,18.0577137608,18.1603666667,False
0,24116,539,18.1170002486,18.1603666667,False
0,24117,539,18.0580382186,18.1603666667,False
0,24118,539,18.1038818347,18.1603666667,False
0,24119,539,18.0738665096,18.1603666667,False
0,24120,539,18.1091133509,18.1603666667,False
0,24121,539,18.1272977606,18.1603666667,False
0,24122,539,18.103942427,18.1603666667,False
0,24123,539,18.0696522029,18.1603666667,False
0,24124,539,18.0873635966,18.1603666667,False
0,24125,539,18.0838331281,18.1603666667,False
0,24126,539,18.0591055622,18.1603666667,False
0,24127,539,18.0614331815,18.1603666667,False
0,24128,539,18.1535007715,18.1603666667,False
0,24129,539,18.0872225079,18.1603666667,False
0,24130,539,18.0836164239,18.1603666667,False
0,24131,539,18.0746960822,18.1603666667,False
0,24132,539,18.1085331371,18.1603666667,False
0,24133,539,18.0954643343,18.1603666667,False
0,24134,539,18.1130162558,18.1603666667,False
0,24135,539,18.0792400354,18.1603666667,False
0,24136,539,18.0616511654,18.1603666667,False
0,24137,539,18.1321219867,18.1603666667,False
0,24138,539,18.1210913506,18.1603666667,False
0,24139,539,18.0575119441,18.1603666667,False
0,24140,539,18.0620960199,18.1603666667,False
0,24141,539,18.0729067562,18.1603666667,False
0,24142,539,18.0817190659,18.1603666667,False
0,24143,539,18.0906574985,18.1603666667,False
0,24144,539,18.0743652359,18.1603666667,False
0,24145,539,18.0929242276,18.1603666667,False
0,24146,539,18.0811244391,18.1603666667,False
0,24147,539,18.1007971745,18.1603666667,False
0,24148,539,18.1032803401,18.1603666667,False
0,24149,539,18.1051343136,18.1603666667,False
0,24150,539,18.0424032512,18.1603666667,False
0,24151,539,18.0764590294,18.1603666667,False
0,24152,539,18.0569603253,18.1603666667,False
0,24153,539,18.0534131255,18.1603666667,False
0,24154,539,18.0634057341,18.1603666667,False
0,24155,539,18.1258215643,18.1603666667,False
0,24156,539,18.1366166159,18.1603666667,False
0,24157,539,18.1230593979,18.1603666667,False
0,24158,539,18.0900356642,18.1603666667,False
0,24159,539,18.0695003788,18.1603666667,False
0,24160,539,18.066751291,18.1603666667,False
0,24161,539,18.0826262157,18.1603666667,False
0,24162,539,18.0910700371,18.1603666667,False
0,24163,539,18.1019885717,18.1603666667,False
0,24164,539,18.0847990295,18.1603666667,False
0,24165,539,18.1113446333,18.1603666667,False
0,24166,539,18.1241378474,18.1603666667,False
0,24167,539,18.0923430062,18.1603666667,False
0,24168,539,18.0967835397,18.1603666667,False
0,24169,539,18.0892164498,18.1603666667,False
0,24170,539,18.0280656462,18.1603666667,False
0,24171,539,18.1326603364,18.1603666667,False
0,24172,539,18.129227096,18.1603666667,False
0,24173,539,18.0784460753,18.1603666667,False
0,24174,539,18.1235488363,18.1603666667,False
0,24175,539,18.1744835252,18.1603666667,True
0,24176,539,18.1022164041,18.1603666667,False
0,24177,539,18.1005204939,18.1603666667,False
0,24178,539,18.1284833664,18.1603666667,False
0,24179,539,18.1219015719,18.1603666667,False
0,24180,539,18.0648893275,18.1603666667,False
0,24181,539,18.0715076259,18.1603666667,False
0,24182,539,18.0716539923,18.1603666667,False
0,24183,539,18.0945703577,18.1603666667,False
0,24184,539,18.0788503538,18.1603666667,False
0,24185,539,18.0929801059,18.1603666667,False
0,24186,539,18.081792385,18.1603666667,False
0,24187,539,18.1122616021,18.1603666667,False
0,24188,539,18.0555359365,18.1603666667,False
0,24189,539,18.0959160396,18.1603666667,False
0,24190,539,18.1260493574,18.1603666667,False
0,24191,539,18.1052152658,18.1603666667,False
0,24192,539,18.1055325025,18.1603666667,False
0,24193,539,18.1033250999,18.1603666667,False
0,24194,539,18.103886735,18.1603666667,False
0,24195,539,18.0449010551,18.1603666667,False
0,24196,539,18.0917569194,18.1603666667,False
0,24197,539,18.1323325164,18.1603666667,False
0,24198,539,18.049297189,18.1603666667,False
0,24199,539,18.0959048679,18.1603666667,False
0,24200,539,18.0528606463,18.1603666667,False
0,24201,539,18.115579404,18.1603666667,False
0,24202,539,18.0721107846,18.1603666667,False
0,24203,539,18.0734976621,18.1603666667,False
0,24204,539,18.0758452052,18.1603666667,False
0,24205,539,18.1006528683,18.1603666667,False
0,24206,539,18.092331949,18.1603666667,False
0,24207,539,18.0440193426,18.1603666667,False
0,24208,539,18.0497525706,18.1603666667,False
0,24209,539,18.0329499489,18.1603666667,False
0,24210,539,18.0570964855,18.1603666667,False
0,24211,539,18.0287134643,18.1603666667,False
0,24212,539,18.0805289393,18.1603666667,False
0,24213,539,18.0808171935,18.1603666667,False
0,24214,539,18.0728573157,18.1603666667,False
0,24215,539,18.0901657633,18.1603666667,False
0,24216,539,18.0941639643,18.1603666667,False
0,24217,539,18.0973736854,18.1603666667,False
0,24218,539,18.0608811201,18.1603666667,False
0,24219,539,18.1278300835,18.1603666667,False
0,24220,539,18.0716980623,18.1603666667,False
0,24221,539,18.1111358311,18.1603666667,False
0,24222,539,18.1050228528,18.1603666667,False
0,24223,539,18.1332021437,18.1603666667,False
0,24224,539,18.1182949781,18.1603666667,False
0,24225,539,18.0879789442,18.1603666667,False
0,24226,539,18.0955757082,18.1603666667,False
0,24227,539,18.0677023903,18.1603666667,False
0,24228,540,18.1426207226,18.1937,False
0,24229,540,18.1269084382,18.1937,False
0,24230,540,18.1211777216,18.1937,False
0,24231,540,18.1072763156,18.1937,False
0,24232,540,18.1306870939,18.1937,False
0,24233,540,18.1167759269,18.1937,False
0,24234,540,18.0652679158,18.1937,False
0,24235,540,18.0921195302,18.1937,False
0,24236,540,18.1674278217,18.1937,False
0,24237,540,18.1362956812,18.1937,False
0,24238,540,18.1516802559,18.1937,False
0,24239,541,18.182883792,18.2270333333,False
0,24240,541,18.1921554197,18.2270333333,False
0,24241,541,18.1402801577,18.2270333333,False
0,24242,541,18.1316865182,18.2270333333,False
0,24243,541,18.1814623296,18.2270333333,False
0,24244,541,18.1662307712,18.2270333333,False
0,24245,541,18.1290930721,18.2270333333,False
0,24246,541,18.1474639275,18.2270333333,False
0,24247,541,18.1448005245,18.2270333333,False
0,24248,541,18.1549318367,18.2270333333,False
0,24249,542,18.2080779457,18.2603666667,False
0,24250,542,18.1952672245,18.2603666667,False
0,24251,542,18.2352818256,18.2603666667,False
0,24252,542,18.1829906984,18.2603666667,False
0,24253,542,18.1707252253,18.2603666667,False
0,24254,542,18.2457991345,18.2603666667,False
0,24255,542,18.2053721325,18.2603666667,False
0,24256,543,18.2513758268,18.2937,False
0,24257,543,18.2552380454,18.2937,False
0,24258,543,18.2309917515,18.2937,False
0,24259,543,18.2034159537,18.2937,False
0,24260,543,18.2094477769,18.2937,False
0,24261,543,18.2416815988,18.2937,False
0,24262,543,18.1914035362,18.2937,False
0,24263,543,18.226381059,18.2937,False
0,24264,544,18.2201519423,18.3270333333,False
0,24265,544,18.3156042751,18.3270333333,False
0,24266,544,18.2583892304,18.3270333333,False
0,24267,544,18.3033473101,18.3270333333,False
0,24268,544,18.2237774398,18.3270333333,False
0,24269,544,18.2878274462,18.3270333333,False
0,24270,544,18.2893458243,18.3270333333,False
0,24271,544,18.259400156,18.3270333333,False
0,24272,544,18.2516507221,18.3270333333,False
0,24273,544,18.2862750609,18.3270333333,False
0,24274,544,18.280430333,18.3270333333,False
0,24275,544,18.2936381279,18.3270333333,False
0,24276,544,18.2674577422,18.3270333333,False
0,24277,544,18.2630660937,18.3270333333,False
0,24278,544,18.2648371836,18.3270333333,False
0,24279,544,18.264065912,18.3270333333,False
0,24280,544,18.2397988909,18.3270333333,False
0,24281,544,18.2384409339,18.3270333333,False
0,24282,544,18.2513179143,18.3270333333,False
0,24283,544,18.2181611581,18.3270333333,False
0,24284,544,18.2700043523,18.3270333333,False
0,24285,544,18.263294639,18.3270333333,False
0,24286,544,18.2292580832,18.3270333333,False
0,24287,544,18.2508854453,18.3270333333,False
0,24288,544,18.2987592889,18.3270333333,False
0,24289,544,18.2467233567,18.3270333333,False
0,24290,544,18.2335500908,18.3270333333,False
0,24291,544,18.2498155728,18.3270333333,False
0,24292,544,18.2121035267,18.3270333333,False
0,24293,544,18.2509846549,18.3270333333,False
0,24294,544,18.298695467,18.3270333333,False
0,24295,544,18.2609756196,18.3270333333,False
0,24296,544,18.2547355819,18.3270333333,False
0,24297,544,18.2891993137,18.3270333333,False
0,24298,544,18.2354147105,18.3270333333,False
0,24299,544,18.306080968,18.3270333333,False
0,24300,544,18.3158413174,18.3270333333,False
0,24301,544,18.2246769669,18.3270333333,False
0,24302,544,18.2218573716,18.3270333333,False
0,24303,544,18.2381238293,18.3270333333,False
0,24304,544,18.2357604874,18.3270333333,False
0,24305,544,18.2484320297,18.3270333333,False
0,24306,544,18.2446224448,18.3270333333,False
0,24307,544,18.2645938991,18.3270333333,False
0,24308,544,18.2446969485,18.3270333333,False
0,24309,544,18.2302089653,18.3270333333,False
0,24310,544,18.2212589661,18.3270333333,False
0,24311,544,18.2252178415,18.3270333333,False
0,24312,544,18.2390723902,18.3270333333,False
0,24313,544,18.2746740112,18.3270333333,False
0,24314,544,18.2879484592,18.3270333333,False
0,24315,544,18.3187353407,18.3270333333,False
0,24316,544,18.2684423429,18.3270333333,False
0,24317,544,18.2557213246,18.3270333333,False
0,24318,544,18.2465725359,18.3270333333,False
0,24319,544,18.2783463291,18.3270333333,False
0,24320,544,18.30140464,18.3270333333,False
0,24321,544,18.2693887897,18.3270333333,False
0,24322,544,18.2907561484,18.3270333333,False
0,24323,544,18.2310935622,18.3270333333,False
0,24324,544,18.2667522882,18.3270333333,False
0,24325,544,18.3067452765,18.3270333333,False
0,24326,544,18.2666810752,18.3270333333,False
0,24327,544,18.2061323356,18.3270333333,False
0,24328,544,18.2689182531,18.3270333333,False
0,24329,544,18.2597989841,18.3270333333,False
0,24330,544,18.2769993178,18.3270333333,False
0,24331,544,18.2949308348,18.3270333333,False
0,24332,544,18.255138715,18.3270333333,False
0,24333,544,18.2604110377,18.3270333333,False
0,24334,544,18.194237394,18.3270333333,False
0,24335,544,18.2416423201,18.3270333333,False
0,24336,544,18.2562280459,18.3270333333,False
0,24337,544,18.2481388836,18.3270333333,False
0,24338,544,18.2628039698,18.3270333333,False
0,24339,544,18.292233409,18.3270333333,False
0,24340,544,18.256362704,18.3270333333,False
0,24341,544,18.2744407845,18.3270333333,False
0,24342,544,18.2757292037,18.3270333333,False
0,24343,544,18.2147983363,18.3270333333,False
0,24344,544,18.218588075,18.3270333333,False
0,24345,544,18.2696492391,18.3270333333,False
0,24346,544,18.2384521746,18.3270333333,False
0,24347,544,18.2357437126,18.3270333333,False
0,24348,544,18.2547421099,18.3270333333,False
0,24349,544,18.2647237418,18.3270333333,False
0,24350,544,18.2313942838,18.3270333333,False
0,24351,544,18.2609700646,18.3270333333,False
0,24352,544,18.285306696,18.3270333333,False
0,24353,544,18.2427756055,18.3270333333,False
0,24354,544,18.2398991722,18.3270333333,False
0,24355,544,18.3349163247,18.3270333333,True
0,24356,544,18.247183576,18.3270333333,False
0,24357,544,18.2527142855,18.3270333333,False
0,24358,544,18.2291747722,18.3270333333,False
0,24359,544,18.1850701366,18.3270333333,False
0,24360,544,18.2455904206,18.3270333333,False
0,24361,544,18.2483645087,18.3270333333,False
0,24362,544,18.2097677321,18.3270333333,False
0,24363,544,18.2450801024,18.3270333333,False
0,24364,544,18.2943232409,18.3270333333,False
0,24365,544,18.25768959,18.3270333333,False
0,24366,544,18.314468722,18.3270333333,False
0,24367,544,18.2567642813,18.3270333333,False
0,24368,544,18.2365461136,18.3270333333,False
0,24369,544,18.2594249928,18.3270333333,False
0,24370,544,18.2838311904,18.3270333333,False
0,24371,544,18.2306573554,18.3270333333,False
0,24372,544,18.2337542191,18.3270333333,False
0,24373,544,18.2525177161,18.3270333333,False
0,24374,544,18.2553774225,18.3270333333,False
0,24375,544,18.2377755364,18.3270333333,False
0,24376,544,18.285384356,18.3270333333,False
0,24377,544,18.2744339677,18.3270333333,False
0,24378,544,18.2628297188,18.3270333333,False
0,24379,544,18.242606053,18.3270333333,False
0,24380,544,18.2491279875,18.3270333333,False
0,24381,544,18.2215899966,18.3270333333,False
0,24382,544,18.2590605814,18.3270333333,False
0,24383,544,18.2282862639,18.3270333333,False
0,24384,544,18.2601467323,18.3270333333,False
0,24385,544,18.2436519702,18.3270333333,False
0,24386,544,18.2709341517,18.3270333333,False
0,24387,544,18.2483835541,18.3270333333,False
0,24388,544,18.2459330367,18.3270333333,False
0,24389,544,18.2084785822,18.3270333333,False
0,24390,544,18.25677591,18.3270333333,False
0,24391,544,18.2736881211,18.3270333333,False
0,24392,544,18.2419398859,18.3270333333,False
0,24393,544,18.2649005873,18.3270333333,False
0,24394,544,18.2925671005,18.3270333333,False
0,24395,544,18.267848202,18.3270333333,False
0,24396,544,18.2470368565,18.3270333333,False
0,24397,544,18.2565918293,18.3270333333,False
0,24398,544,18.2386251172,18.3270333333,False
0,24399,544,18.2436747941,18.3270333333,False
0,24400,544,18.2734920751,18.3270333333,False
0,24401,544,18.2545278828,18.3270333333,False
0,24402,544,18.220838912,18.3270333333,False
0,24403,544,18.2271770257,18.3270333333,False
0,24404,544,18.250033149,18.3270333333,False
0,24405,544,18.3125496867,18.3270333333,False
0,24406,544,18.2536090878,18.3270333333,False
0,24407,544,18.2799792723,18.3270333333,False
0,24408,544,18.2696504245,18.3270333333,False
0,24409,544,18.2836961839,18.3270333333,False
0,24410,544,18.3010882025,18.3270333333,False
0,24411,544,18.2525713916,18.3270333333,False
0,24412,544,18.2145305357,18.3270333333,False
0,24413,544,18.2677922633,18.3270333333,False
0,24414,544,18.2365510282,18.3270333333,False
0,24415,544,18.2822203826,18.3270333333,False
0,24416,544,18.2615519925,18.3270333333,False
0,24417,544,18.2794702135,18.3270333333,False
0,24418,544,18.221629085,18.3270333333,False
0,24419,544,18.2014387127,18.3270333333,False
0,24420,544,18.252083691,18.3270333333,False
0,24421,544,18.3304588593,18.3270333333,True
0,24422,544,18.3043556281,18.3270333333,False
0,24423,544,18.3133496426,18.3270333333,False
0,24424,544,18.3008164229,18.3270333333,False
0,24425,544,18.2651571033,18.3270333333,False
0,24426,544,18.2808698526,18.3270333333,False
0,24427,544,18.2603842557,18.3270333333,False
0,24428,544,18.2699190793,18.3270333333,False
0,24429,544,18.2783281181,18.3270333333,False
0,24430,544,18.3172427104,18.3270333333,False
0,24431,544,18.2714799602,18.3270333333,False
0,24432,544,18.2555603065,18.3270333333,False
0,24433,544,18.276380234,18.3270333333,False
0,24434,544,18.2442812137,18.3270333333,False
0,24435,544,18.2545750307,18.3270333333,False
0,24436,544,18.2263571617,18.3270333333,False
0,24437,544,18.2195646611,18.3270333333,False
0,24438,544,18.2690791482,18.3270333333,False
0,24439,544,18.2562656035,18.3270333333,False
0,24440,544,18.2270895242,18.3270333333,False
0,24441,544,18.2739334727,18.3270333333,False
0,24442,544,18.2426854878,18.3270333333,False
0,24443,544,18.2626926865,18.3270333333,False
0,24444,544,18.2720247078,18.3270333333,False
0,24445,544,18.2708177131,18.3270333333,False
0,24446,544,18.2312116607,18.3270333333,False
0,24447,544,18.249420491,18.3270333333,False
0,24448,544,18.2914521374,18.3270333333,False
0,24449,544,18.2794995789,18.3270333333,False
0,24450,544,18.2853984725,18.3270333333,False
0,24451,544,18.2435119343,18.3270333333,False
0,24452,544,18.2429380189,18.3270333333,False
0,24453,544,18.2527619706,18.3270333333,False
0,24454,544,18.2199275872,18.3270333333,False
0,24455,544,18.2836659182,18.3270333333,False
0,24456,544,18.2273419797,18.3270333333,False
0,24457,544,18.2754786658,18.3270333333,False
0,24458,544,18.2358732843,18.3270333333,False
0,24459,544,18.310662921,18.3270333333,False
0,24460,544,18.2365189621,18.3270333333,False
0,24461,544,18.2533944321,18.3270333333,False
0,24462,544,18.2595990442,18.3270333333,False
0,24463,544,18.2594219519,18.3270333333,False
0,24464,544,18.2367921268,18.3270333333,False
0,24465,544,18.2749476249,18.3270333333,False
0,24466,544,18.2750984357,18.3270333333,False
0,24467,544,18.2923566572,18.3270333333,False
0,24468,544,18.2931429408,18.3270333333,False
0,24469,544,18.2790405662,18.3270333333,False
0,24470,544,18.273330216,18.3270333333,False
0,24471,544,18.2412247158,18.3270333333,False
0,24472,544,18.287907013,18.3270333333,False
0,24473,544,18.2729801756,18.3270333333,False
0,24474,544,18.2285460559,18.3270333333,False
0,24475,544,18.229394107,18.3270333333,False
0,24476,544,18.2687726474,18.3270333333,False
0,24477,544,18.24964783,18.3270333333,False
0,24478,544,18.2520183571,18.3270333333,False
0,24479,544,18.2798172286,18.3270333333,False
0,24480,544,18.2752637898,18.3270333333,False
0,24481,544,18.2804219606,18.3270333333,False
0,24482,544,18.2503992195,18.3270333333,False
0,24483,544,18.2489669319,18.3270333333,False
0,24484,544,18.259259818,18.3270333333,False
0,24485,544,18.2967559406,18.3270333333,False
0,24486,544,18.2197008483,18.3270333333,False
0,24487,544,18.2113142532,18.3270333333,False
0,24488,544,18.2637715999,18.3270333333,False
0,24489,544,18.2671038999,18.3270333333,False
0,24490,544,18.2121358657,18.3270333333,False
0,24491,544,18.2511339653,18.3270333333,False
0,24492,544,18.315645281,18.3270333333,False
0,24493,544,18.2422879502,18.3270333333,False
0,24494,544,18.295573161,18.3270333333,False
0,24495,544,18.2432574686,18.3270333333,False
0,24496,544,18.246817502,18.3270333333,False
0,24497,544,18.3052806181,18.3270333333,False
0,24498,544,18.2429698532,18.3270333333,False
0,24499,544,18.2549592283,18.3270333333,False
0,24500,544,18.2796996645,18.3270333333,False
0,24501,544,18.2871105929,18.3270333333,False
0,24502,544,18.2628208863,18.3270333333,False
0,24503,544,18.2678901651,18.3270333333,False
0,24504,544,18.2886719217,18.3270333333,False
0,24505,544,18.2631399311,18.3270333333,False
0,24506,544,18.2192415667,18.3270333333,False
0,24507,544,18.264049706,18.3270333333,False
0,24508,544,18.2614416283,18.3270333333,False
0,24509,544,18.2977272211,18.3270333333,False
0,24510,544,18.2697314299,18.3270333333,False
0,24511,544,18.2387927232,18.3270333333,False
0,24512,544,18.2534190217,18.3270333333,False
0,24513,544,18.2825440537,18.3270333333,False
0,24514,544,18.319732367,18.3270333333,False
0,24515,544,18.2393173827,18.3270333333,False
0,24516,544,18.290366806,18.3270333333,False
0,24517,544,18.2699184653,18.3270333333,False
0,24518,544,18.27599514,18.3270333333,False
0,24519,544,18.2374910229,18.3270333333,False
0,24520,544,18.288622432,18.3270333333,False
0,24521,544,18.2682209859,18.3270333333,False
0,24522,544,18.2701398997,18.3270333333,False
0,24523,544,18.2525633195,18.3270333333,False
0,24524,544,18.2793779886,18.3270333333,False
0,24525,544,18.2401175927,18.3270333333,False
0,24526,544,18.2719363723,18.3270333333,False
0,24527,544,18.2900495109,18.3270333333,False
0,24528,544,18.2384377452,18.3270333333,False
0,24529,544,18.260700009,18.3270333333,False
0,24530,544,18.2924423135,18.3270333333,False
0,24531,544,18.2378586626,18.3270333333,False
0,24532,544,18.2594499661,18.3270333333,False
0,24533,544,18.2522696418,18.3270333333,False
0,24534,544,18.251908069,18.3270333333,False
0,24535,544,18.2758539021,18.3270333333,False
0,24536,544,18.2748275277,18.3270333333,False
0,24537,544,18.2487050044,18.3270333333,False
0,24538,544,18.2417527089,18.3270333333,False
0,24539,544,18.197578679,18.3270333333,False
0,24540,544,18.2399858913,18.3270333333,False
0,24541,545,18.2797816313,18.3603666667,False
0,24542,545,18.2997764699,18.3603666667,False
0,24543,546,18.3159609364,18.3937,False
0,24544,547,18.3639923598,18.4270333333,False
0,24545,548,18.3697027808,18.4603666667,False
0,24546,549,18.4165171152,18.4937,False
0,24547,549,18.4187303779,18.4937,False
0,24548,549,18.4535100953,18.4937,False
0,24549,549,18.4293118267,18.4937,False
0,24550,549,18.4438226133,18.4937,False
0,24551,549,18.4535865052,18.4937,False
0,24552,549,18.4115946283,18.4937,False
0,24553,549,18.4030596407,18.4937,False
0,24554,549,18.4127234001,18.4937,False
0,24555,549,18.4596612401,18.4937,False
0,24556,549,18.3803179242,18.4937,False
0,24557,549,18.4221901548,18.4937,False
0,24558,549,18.3865862313,18.4937,False
0,24559,549,18.450703314,18.4937,False
0,24560,549,18.4617656564,18.4937,False
0,24561,549,18.43683817,18.4937,False
0,24562,549,18.382525638,18.4937,False
0,24563,549,18.4004904992,18.4937,False
0,24564,549,18.4135127394,18.4937,False
0,24565,549,18.4119785753,18.4937,False
0,24566,549,18.401290849,18.4937,False
0,24567,549,18.47459833,18.4937,False
0,24568,549,18.465928083,18.4937,False
0,24569,549,18.4191003613,18.4937,False
0,24570,549,18.4721431019,18.4937,False
0,24571,549,18.4241436549,18.4937,False
0,24572,549,18.4271620528,18.4937,False
0,24573,549,18.4375167844,18.4937,False
0,24574,549,18.4518362651,18.4937,False
0,24575,549,18.4112475565,18.4937,False
0,24576,549,18.4414484169,18.4937,False
0,24577,549,18.4360932823,18.4937,False
0,24578,549,18.4337984604,18.4937,False
0,24579,549,18.3951542593,18.4937,False
0,24580,549,18.4448152292,18.4937,False
0,24581,549,18.4181050857,18.4937,False
0,24582,549,18.4346379857,18.4937,False
0,24583,549,18.4274269203,18.4937,False
0,24584,549,18.4178651762,18.4937,False
0,24585,549,18.3940372935,18.4937,False
0,24586,549,18.4013570624,18.4937,False
0,24587,549,18.3676705965,18.4937,False
0,24588,549,18.4060734084,18.4937,False
0,24589,549,18.4151667063,18.4937,False
0,24590,549,18.4384647955,18.4937,False
0,24591,549,18.4479896381,18.4937,False
0,24592,549,18.440891201,18.4937,False
0,24593,549,18.4745943974,18.4937,False
0,24594,549,18.3859669691,18.4937,False
0,24595,549,18.4729424392,18.4937,False
0,24596,549,18.3991064115,18.4937,False
0,24597,549,18.392975065,18.4937,False
0,24598,549,18.4404299126,18.4937,False
0,24599,549,18.4342042324,18.4937,False
0,24600,549,18.4197748641,18.4937,False
0,24601,549,18.4136277004,18.4937,False
0,24602,549,18.4315694061,18.4937,False
0,24603,549,18.4144606786,18.4937,False
0,24604,549,18.4400433752,18.4937,False
0,24605,549,18.4438830629,18.4937,False
0,24606,549,18.4279839468,18.4937,False
0,24607,549,18.4219622299,18.4937,False
0,24608,549,18.4327007763,18.4937,False
0,24609,549,18.4418906292,18.4937,False
0,24610,549,18.443475046,18.4937,False
0,24611,549,18.4503013398,18.4937,False
0,24612,549,18.4324657724,18.4937,False
0,24613,549,18.4198329147,18.4937,False
0,24614,549,18.4286556976,18.4937,False
0,24615,549,18.3935715974,18.4937,False
0,24616,549,18.4456628198,18.4937,False
0,24617,549,18.4575621704,18.4937,False
0,24618,549,18.4265705265,18.4937,False
0,24619,549,18.4203662679,18.4937,False
0,24620,549,18.4460702332,18.4937,False
0,24621,549,18.3623732014,18.4937,False
0,24622,549,18.4360169583,18.4937,False
0,24623,549,18.4383874817,18.4937,False
0,24624,549,18.4275673628,18.4937,False
0,24625,549,18.4392949521,18.4937,False
0,24626,549,18.4131530187,18.4937,False
0,24627,549,18.4084068903,18.4937,False
0,24628,549,18.4261416114,18.4937,False
0,24629,549,18.4572822104,18.4937,False
0,24630,549,18.370746163,18.4937,False
0,24631,549,18.446306598,18.4937,False
0,24632,549,18.4280150262,18.4937,False
0,24633,549,18.3917288149,18.4937,False
0,24634,549,18.449568133,18.4937,False
0,24635,549,18.4448430659,18.4937,False
0,24636,549,18.4230308787,18.4937,False
0,24637,549,18.4363746798,18.4937,False
0,24638,549,18.4202910474,18.4937,False
0,24639,549,18.4625566261,18.4937,False
0,24640,549,18.4455936509,18.4937,False
0,24641,549,18.3865371163,18.4937,False
0,24642,549,18.4609056581,18.4937,False
0,24643,549,18.4183922804,18.4937,False
0,24644,549,18.3835115446,18.4937,False
0,24645,549,18.3986419098,18.4937,False
0,24646,549,18.4045641159,18.4937,False
0,24647,549,18.3944153684,18.4937,False
0,24648,549,18.4881552669,18.4937,False
0,24649,549,18.4145178369,18.4937,False
0,24650,549,18.472840862,18.4937,False
0,24651,549,18.4311425062,18.4937,False
0,24652,549,18.4279052017,18.4937,False
0,24653,550,18.406831883,18.5270333333,False
0,24654,550,18.4626451026,18.5270333333,False
0,24655,550,18.466617031,18.5270333333,False
0,24656,551,18.4998782086,18.5603666667,False
0,24657,551,18.4847355993,18.5603666667,False
0,24658,552,18.5374474441,18.5937,False
0,24659,553,18.5328814954,18.6270333333,False
0,24660,554,18.5621812432,18.6603666667,False
0,24661,554,18.6002978251,18.6603666667,False
0,24662,554,18.5622231494,18.6603666667,False
0,24663,554,18.5943180433,18.6603666667,False
0,24664,554,18.6161935166,18.6603666667,False
0,24665,554,18.5795004691,18.6603666667,False
0,24666,554,18.5754403878,18.6603666667,False
0,24667,554,18.5873920978,18.6603666667,False
0,24668,554,18.5656070002,18.6603666667,False
0,24669,554,18.5910579323,18.6603666667,False
0,24670,554,18.6079459911,18.6603666667,False
0,24671,554,18.5767643131,18.6603666667,False
0,24672,554,18.6093707916,18.6603666667,False
0,24673,554,18.603642524,18.6603666667,False
0,24674,554,18.6257074578,18.6603666667,False
0,24675,554,18.5903183957,18.6603666667,False
0,24676,554,18.5949098028,18.6603666667,False
0,24677,554,18.5779870829,18.6603666667,False
0,24678,554,18.6275522655,18.6603666667,False
0,24679,554,18.555394777,18.6603666667,False
0,24680,554,18.602520673,18.6603666667,False
0,24681,554,18.576188408,18.6603666667,False
0,24682,554,18.5915398504,18.6603666667,False
0,24683,554,18.5776346283,18.6603666667,False
0,24684,554,18.5655196487,18.6603666667,False
0,24685,554,18.5925531046,18.6603666667,False
0,24686,554,18.5585364097,18.6603666667,False
0,24687,554,18.6326792284,18.6603666667,False
0,24688,554,18.5305367082,18.6603666667,False
0,24689,554,18.5923268668,18.6603666667,False
0,24690,554,18.556051641,18.6603666667,False
0,24691,554,18.5957348969,18.6603666667,False
0,24692,554,18.5700797903,18.6603666667,False
0,24693,554,18.5728532135,18.6603666667,False
0,24694,554,18.5184170008,18.6603666667,False
0,24695,554,18.6160057544,18.6603666667,False
0,24696,554,18.602059661,18.6603666667,False
0,24697,554,18.6052096531,18.6603666667,False
0,24698,554,18.6266036144,18.6603666667,False
0,24699,554,18.5783937728,18.6603666667,False
0,24700,554,18.6108012611,18.6603666667,False
0,24701,554,18.5768116716,18.6603666667,False
0,24702,554,18.5988567834,18.6603666667,False
0,24703,554,18.5765506953,18.6603666667,False
0,24704,554,18.586320727,18.6603666667,False
0,24705,554,18.6334093659,18.6603666667,False
0,24706,554,18.5768939355,18.6603666667,False
0,24707,554,18.5927171877,18.6603666667,False
0,24708,554,18.6274451668,18.6603666667,False
0,24709,554,18.6033134564,18.6603666667,False
0,24710,554,18.5910407359,18.6603666667,False
0,24711,554,18.5660042588,18.6603666667,False
0,24712,554,18.5966670592,18.6603666667,False
0,24713,554,18.5869028615,18.6603666667,False
0,24714,554,18.5857032376,18.6603666667,False
0,24715,554,18.5695181941,18.6603666667,False
0,24716,554,18.596909974,18.6603666667,False
0,24717,554,18.6015931735,18.6603666667,False
0,24718,554,18.6079750102,18.6603666667,False
0,24719,554,18.5825157863,18.6603666667,False
0,24720,554,18.6124054948,18.6603666667,False
0,24721,554,18.6116692142,18.6603666667,False
0,24722,554,18.5845756647,18.6603666667,False
0,24723,554,18.5743593175,18.6603666667,False
0,24724,554,18.5576460388,18.6603666667,False
0,24725,554,18.6621731015,18.6603666667,True
0,24726,554,18.61839202,18.6603666667,False
0,24727,554,18.595446229,18.6603666667,False
0,24728,554,18.5967820666,18.6603666667,False
0,24729,554,18.5502898924,18.6603666667,False
0,24730,554,18.5957758412,18.6603666667,False
0,24731,554,18.62248499,18.6603666667,False
0,24732,554,18.5839527496,18.6603666667,False
0,24733,554,18.6310729363,18.6603666667,False
0,24734,554,18.5962648255,18.6603666667,False
0,24735,554,18.5779581214,18.6603666667,False
0,24736,554,18.6354525118,18.6603666667,False
0,24737,554,18.6246888877,18.6603666667,False
0,24738,554,18.5812373373,18.6603666667,False
0,24739,554,18.5292338043,18.6603666667,False
0,24740,554,18.6367755031,18.6603666667,False
0,24741,554,18.5649456353,18.6603666667,False
0,24742,554,18.5483574684,18.6603666667,False
0,24743,554,18.5770906467,18.6603666667,False
0,24744,554,18.5903710612,18.6603666667,False
0,24745,554,18.5649510607,18.6603666667,False
0,24746,554,18.5705385253,18.6603666667,False
0,24747,554,18.5731073344,18.6603666667,False
0,24748,554,18.5781441545,18.6603666667,False
0,24749,554,18.5610974696,18.6603666667,False
0,24750,554,18.570888994,18.6603666667,False
0,24751,554,18.5976181362,18.6603666667,False
0,24752,555,18.5793759334,18.6937,False
0,24753,555,18.6569322024,18.6937,False
0,24754,555,18.6026660629,18.6937,False
0,24755,555,18.6144116467,18.6937,False
0,24756,555,18.6102242008,18.6937,False
0,24757,555,18.5906589667,18.6937,False
0,24758,555,18.6248517692,18.6937,False
0,24759,555,18.6689058114,18.6937,False
0,24760,555,18.6348976196,18.6937,False
0,24761,555,18.640249957,18.6937,False
0,24762,555,18.6041934435,18.6937,False
0,24763,556,18.6467279914,18.7270333333,False
0,24764,556,18.6208227259,18.7270333333,False
0,24765,556,18.6355994909,18.7270333333,False
0,24766,556,18.6560298134,18.7270333333,False
0,24767,556,18.6397778605,18.7270333333,False
0,24768,556,18.659463527,18.7270333333,False
0,24769,556,18.6529256625,18.7270333333,False
0,24770,557,18.6799224687,18.7603666667,False
0,24771,557,18.6476600802,18.7603666667,False
0,24772,557,18.6868273256,18.7603666667,False
0,24773,557,18.6762533986,18.7603666667,False
0,24774,558,18.7433671946,18.7937,False
0,24775,558,18.7394971899,18.7937,False
0,24776,558,18.7026338596,18.7937,False
0,24777,558,18.7097990702,18.7937,False
0,24778,559,18.7262353186,18.8270333333,False
0,24779,559,18.7377996195,18.8270333333,False
0,24780,559,18.7694277061,18.8270333333,False
0,24781,559,18.7576184238,18.8270333333,False
0,24782,559,18.761493071,18.8270333333,False
0,24783,559,18.7857249587,18.8270333333,False
0,24784,559,18.7898884607,18.8270333333,False
0,24785,559,18.7194465098,18.8270333333,False
0,24786,559,18.7676242056,18.8270333333,False
0,24787,559,18.7439241915,18.8270333333,False
0,24788,559,18.7970125515,18.8270333333,False
0,24789,559,18.7609579914,18.8270333333,False
0,24790,559,18.7618181634,18.8270333333,False
0,24791,559,18.7459636023,18.8270333333,False
0,24792,559,18.7392976709,18.8270333333,False
0,24793,559,18.7434432377,18.8270333333,False
0,24794,559,18.7343772769,18.8270333333,False
0,24795,559,18.761359531,18.8270333333,False
0,24796,559,18.7408900113,18.8270333333,False
0,24797,559,18.7404492952,18.8270333333,False
0,24798,559,18.7791350879,18.8270333333,False
0,24799,559,18.7689024599,18.8270333333,False
0,24800,559,18.7306179446,18.8270333333,False
0,24801,559,18.7367883876,18.8270333333,False
0,24802,559,18.780851235,18.8270333333,False
0,24803,559,18.7736350174,18.8270333333,False
0,24804,559,18.756714992,18.8270333333,False
0,24805,559,18.7514630133,18.8270333333,False
0,24806,559,18.742373934,18.8270333333,False
0,24807,559,18.7875168806,18.8270333333,False
0,24808,559,18.766202022,18.8270333333,False
0,24809,559,18.7710435976,18.8270333333,False
0,24810,559,18.7224464263,18.8270333333,False
0,24811,559,18.7783902107,18.8270333333,False
0,24812,559,18.7477486838,18.8270333333,False
0,24813,559,18.723770441,18.8270333333,False
0,24814,559,18.7503359823,18.8270333333,False
0,24815,559,18.7523295652,18.8270333333,False
0,24816,559,18.794934431,18.8270333333,False
0,24817,559,18.7571927194,18.8270333333,False
0,24818,559,18.7280020993,18.8270333333,False
0,24819,559,18.7869393315,18.8270333333,False
0,24820,559,18.7758427809,18.8270333333,False
0,24821,559,18.7768668234,18.8270333333,False
0,24822,559,18.7161434119,18.8270333333,False
0,24823,559,18.7317600511,18.8270333333,False
0,24824,559,18.7736402606,18.8270333333,False
0,24825,559,18.7789605201,18.8270333333,False
0,24826,559,18.7796818031,18.8270333333,False
0,24827,559,18.7733317561,18.8270333333,False
0,24828,559,18.7908660104,18.8270333333,False
0,24829,559,18.7252808751,18.8270333333,False
0,24830,559,18.7482579545,18.8270333333,False
0,24831,559,18.7644689181,18.8270333333,False
0,24832,559,18.7903203495,18.8270333333,False
0,24833,559,18.7798601338,18.8270333333,False
0,24834,559,18.7723635742,18.8270333333,False
0,24835,559,18.7278952518,18.8270333333,False
0,24836,559,18.7382059904,18.8270333333,False
0,24837,559,18.7565391342,18.8270333333,False
0,24838,559,18.749449555,18.8270333333,False
0,24839,559,18.7545126675,18.8270333333,False
0,24840,559,18.7672061074,18.8270333333,False
0,24841,559,18.7654719852,18.8270333333,False
0,24842,559,18.7892719531,18.8270333333,False
0,24843,559,18.7632266422,18.8270333333,False
0,24844,559,18.7705863243,18.8270333333,False
0,24845,559,18.7565349356,18.8270333333,False
0,24846,559,18.8138076722,18.8270333333,False
0,24847,559,18.7927607916,18.8270333333,False
0,24848,559,18.7912308575,18.8270333333,False
0,24849,559,18.7620448504,18.8270333333,False
0,24850,559,18.7676562052,18.8270333333,False
0,24851,559,18.7383957908,18.8270333333,False
0,24852,559,18.7898456644,18.8270333333,False
0,24853,559,18.7426503997,18.8270333333,False
0,24854,559,18.7274152291,18.8270333333,False
0,24855,559,18.7469754322,18.8270333333,False
0,24856,559,18.7687939868,18.8270333333,False
0,24857,559,18.7604314461,18.8270333333,False
0,24858,559,18.7707160133,18.8270333333,False
0,24859,559,18.7369363649,18.8270333333,False
0,24860,559,18.7431745744,18.8270333333,False
0,24861,559,18.7655894952,18.8270333333,False
0,24862,560,18.7773697727,18.8603666667,False
0,24863,560,18.7540001203,18.8603666667,False
0,24864,560,18.79996,18.8603666667,False
0,24865,560,18.7580099426,18.8603666667,False
0,24866,560,18.7974161426,18.8603666667,False
0,24867,560,18.8005984274,18.8603666667,False
0,24868,560,18.7675908266,18.8603666667,False
0,24869,560,18.7341031246,18.8603666667,False
0,24870,560,18.796175435,18.8603666667,False
0,24871,560,18.7766166657,18.8603666667,False
0,24872,560,18.8072428899,18.8603666667,False
0,24873,560,18.8133724059,18.8603666667,False
0,24874,560,18.7761297808,18.8603666667,False
0,24875,561,18.8152800518,18.8937,False
0,24876,561,18.8354342724,18.8937,False
0,24877,561,18.8751661966,18.8937,False
0,24878,561,18.8573023583,18.8937,False
0,24879,561,18.8216083596,18.8937,False
0,24880,561,18.8243617308,18.8937,False
0,24881,562,18.8544032158,18.9270333333,False
0,24882,562,18.9234470936,18.9270333333,False
0,24883,562,18.7978653679,18.9270333333,False
0,24884,562,18.8539175539,18.9270333333,False
0,24885,563,18.8744191945,18.9603666667,False
0,24886,563,18.8836581174,18.9603666667,False
0,24887,563,18.8619803582,18.9603666667,False
0,24888,563,18.9159415173,18.9603666667,False
0,24889,563,18.9156964261,18.9603666667,False
0,24890,563,18.8982546572,18.9603666667,False
0,24891,563,18.9299696627,18.9603666667,False
0,24892,563,18.8813855106,18.9603666667,False
0,24893,563,18.8986594141,18.9603666667,False
0,24894,563,18.8436859761,18.9603666667,False
0,24895,564,18.8966239086,18.9937,False
0,24896,564,18.8826291609,18.9937,False
0,24897,564,18.8966068112,18.9937,False
0,24898,564,18.9437106427,18.9937,False
0,24899,564,18.9005456804,18.9937,False
0,24900,564,18.9385545812,18.9937,False
0,24901,564,18.9065874973,18.9937,False
0,24902,564,18.9080433099,18.9937,False
0,24903,564,18.9548244818,18.9937,False
0,24904,564,18.8597291407,18.9937,False
0,24905,564,18.9180665887,18.9937,False
0,24906,564,18.9175211909,18.9937,False
0,24907,564,18.9503521111,18.9937,False
0,24908,564,18.9196063066,18.9937,False
0,24909,564,18.9492534236,18.9937,False
0,24910,564,18.9031927298,18.9937,False
0,24911,564,18.9035876546,18.9937,False
0,24912,564,18.8750869898,18.9937,False
0,24913,564,18.9126366174,18.9937,False
0,24914,564,18.9207067292,18.9937,False
0,24915,564,18.9102643464,18.9937,False
0,24916,564,18.985266129,18.9937,False
0,24917,564,18.9571938808,18.9937,False
0,24918,564,18.9467099907,18.9937,False
0,24919,564,18.9298871383,18.9937,False
0,24920,564,18.9098936847,18.9937,False
0,24921,564,18.9199295709,18.9937,False
0,24922,564,18.9678268332,18.9937,False
0,24923,564,18.9219018456,18.9937,False
0,24924,564,18.9013485844,18.9937,False
0,24925,564,18.9275383343,18.9937,False
0,24926,564,18.9348769655,18.9937,False
0,24927,564,18.918108232,18.9937,False
0,24928,564,18.9291752685,18.9937,False
0,24929,564,18.9648093114,18.9937,False
0,24930,564,18.9284214659,18.9937,False
0,24931,564,18.9312685276,18.9937,False
0,24932,564,18.9255908351,18.9937,False
0,24933,564,18.9099578763,18.9937,False
0,24934,564,18.9249349955,18.9937,False
0,24935,564,18.9163612704,18.9937,False
0,24936,564,18.917721486,18.9937,False
0,24937,564,18.9295497989,18.9937,False
0,24938,564,18.933745939,18.9937,False
0,24939,564,18.9141417711,18.9937,False
0,24940,564,18.9270186953,18.9937,False
0,24941,564,18.9133134723,18.9937,False
0,24942,564,18.940584007,18.9937,False
0,24943,564,18.9459829657,18.9937,False
0,24944,564,18.9283256886,18.9937,False
0,24945,564,18.9111173036,18.9937,False
0,24946,564,18.914412418,18.9937,False
0,24947,564,18.9242285193,18.9937,False
0,24948,564,18.9511668123,18.9937,False
0,24949,564,18.8913653103,18.9937,False
0,24950,564,18.9287790632,18.9937,False
0,24951,564,18.8946805195,18.9937,False
0,24952,564,18.922085162,18.9937,False
0,24953,564,18.9246956529,18.9937,False
0,24954,564,18.9617297644,18.9937,False
0,24955,564,18.9263705244,18.9937,False
0,24956,564,18.9148291722,18.9937,False
0,24957,564,18.95770755,18.9937,False
0,24958,564,18.9100488811,18.9937,False
0,24959,564,18.9020676438,18.9937,False
0,24960,564,18.927226373,18.9937,False
0,24961,564,18.9541967027,18.9937,False
0,24962,564,18.9283117008,18.9937,False
0,24963,564,18.9158038232,18.9937,False
0,24964,564,18.9795637994,18.9937,False
0,24965,564,18.9224854473,18.9937,False
0,24966,564,18.9211503482,18.9937,False
0,24967,564,18.9146884229,18.9937,False
0,24968,564,18.8962281057,18.9937,False
0,24969,564,18.9066697895,18.9937,False
0,24970,564,18.9555505888,18.9937,False
0,24971,564,18.9927409841,18.9937,False
0,24972,564,18.9443041637,18.9937,False
0,24973,564,18.9229266985,18.9937,False
0,24974,564,18.9302475304,18.9937,False
0,24975,564,18.9798089566,18.9937,False
0,24976,564,18.9372080415,18.9937,False
0,24977,564,18.9550656505,18.9937,False
0,24978,564,18.9642492965,18.9937,False
0,24979,564,18.9081228017,18.9937,False
0,24980,564,18.9729584177,18.9937,False
0,24981,564,18.89949478,18.9937,False
0,24982,564,18.8986140555,18.9937,False
0,24983,564,18.9033839899,18.9937,False
0,24984,564,18.8783652186,18.9937,False
0,24985,564,18.9752114961,18.9937,False
0,24986,564,18.9251661043,18.9937,False
0,24987,565,18.9785450065,19.0270333333,False
0,24988,565,18.994895661,19.0270333333,False
0,24989,565,18.9241886659,19.0270333333,False
0,24990,565,18.9776250649,19.0270333333,False
0,24991,565,18.9225885376,19.0270333333,False
0,24992,565,18.9827028289,19.0270333333,False
0,24993,565,18.9678490659,19.0270333333,False
0,24994,565,18.9829109318,19.0270333333,False
0,24995,565,18.9467797113,19.0270333333,False
0,24996,565,18.9219111803,19.0270333333,False
0,24997,565,18.9376603915,19.0270333333,False
0,24998,565,18.9594734355,19.0270333333,False
0,24999,565,18.9652599574,19.0270333333,False
0,25000,566,18.9781630115,19.0603666667,False
0,25001,566,18.955137231,19.0603666667,False
0,25002,566,18.9718983379,19.0603666667,False
0,25003,566,19.0262853897,19.0603666667,False
0,25004,566,18.9346051246,19.0603666667,False
0,25005,567,19.0170000543,19.0937,False
0,25006,567,19.0520756842,19.0937,False
0,25007,568,19.0831213009,19.1270333333,False
0,25008,568,19.0550260759,19.1270333333,False
0,25009,569,19.155447861,19.1603666667,False
0,25010,569,19.0908830612,19.1603666667,False
0,25011,569,19.0432500022,19.1603666667,False
0,25012,569,19.0821583363,19.1603666667,False
0,25013,569,19.0727011913,19.1603666667,False
0,25014,569,19.0715314907,19.1603666667,False
0,25015,569,19.1040625177,19.1603666667,False
0,25016,569,19.0716741025,19.1603666667,False
0,25017,569,19.0559321073,19.1603666667,False
0,25018,569,19.0963300996,19.1603666667,False
0,25019,569,19.0918410565,19.1603666667,False
0,25020,569,19.0937976775,19.1603666667,False
0,25021,569,19.1314001179,19.1603666667,False
0,25022,569,19.1074585749,19.1603666667,False
0,25023,569,19.0870294546,19.1603666667,False
0,25024,569,19.0881023832,19.1603666667,False
0,25025,569,19.0851747064,19.1603666667,False
0,25026,569,19.0776705711,19.1603666667,False
0,25027,569,19.1138538098,19.1603666667,False
0,25028,569,19.1104548091,19.1603666667,False
0,25029,569,19.0386185657,19.1603666667,False
0,25030,569,19.1069016553,19.1603666667,False
0,25031,569,19.077009806,19.1603666667,False
0,25032,569,19.0929219691,19.1603666667,False
0,25033,569,19.0814118975,19.1603666667,False
0,25034,569,19.0450509214,19.1603666667,False
0,25035,569,19.0899182752,19.1603666667,False
0,25036,569,19.0944986468,19.1603666667,False
0,25037,569,19.1107095859,19.1603666667,False
0,25038,569,19.1087538603,19.1603666667,False
0,25039,569,19.0387199263,19.1603666667,False
0,25040,569,19.0645022054,19.1603666667,False
0,25041,569,19.0691388529,19.1603666667,False
0,25042,569,19.1037235223,19.1603666667,False
0,25043,569,19.1015249651,19.1603666667,False
0,25044,569,19.0771399795,19.1603666667,False
0,25045,569,19.1070507695,19.1603666667,False
0,25046,569,19.0686948253,19.1603666667,False
0,25047,569,19.0585952664,19.1603666667,False
0,25048,569,19.075585117,19.1603666667,False
0,25049,569,19.0905947047,19.1603666667,False
0,25050,569,19.0750631632,19.1603666667,False
0,25051,569,19.0737127091,19.1603666667,False
0,25052,569,19.1157727409,19.1603666667,False
0,25053,569,19.1281337145,19.1603666667,False
0,25054,569,19.1067604232,19.1603666667,False
0,25055,569,19.0921453848,19.1603666667,False
0,25056,569,19.0800273778,19.1603666667,False
0,25057,569,19.0413169619,19.1603666667,False
0,25058,569,19.1089831518,19.1603666667,False
0,25059,569,19.0955540048,19.1603666667,False
0,25060,569,19.1098424958,19.1603666667,False
0,25061,569,19.0987538278,19.1603666667,False
0,25062,569,19.0895447179,19.1603666667,False
0,25063,569,19.1165429532,19.1603666667,False
0,25064,569,19.0603767454,19.1603666667,False
0,25065,569,19.1109536732,19.1603666667,False
0,25066,569,19.096082975,19.1603666667,False
0,25067,569,19.1132015825,19.1603666667,False
0,25068,569,19.1285846315,19.1603666667,False
0,25069,569,19.0854982842,19.1603666667,False
0,25070,569,19.096556009,19.1603666667,False
0,25071,569,19.0701746747,19.1603666667,False
0,25072,569,19.1210050325,19.1603666667,False
0,25073,569,19.1034350073,19.1603666667,False
0,25074,569,19.0932546401,19.1603666667,False
0,25075,569,19.1116447826,19.1603666667,False
0,25076,569,19.1009165381,19.1603666667,False
0,25077,569,19.0816792099,19.1603666667,False
0,25078,569,19.1090119646,19.1603666667,False
0,25079,569,19.0715421934,19.1603666667,False
0,25080,569,19.1208565736,19.1603666667,False
0,25081,569,19.089248104,19.1603666667,False
0,25082,569,19.1033378979,19.1603666667,False
0,25083,569,19.0646950591,19.1603666667,False
0,25084,569,19.1092069993,19.1603666667,False
0,25085,569,19.1000366687,19.1603666667,False
0,25086,569,19.0765777823,19.1603666667,False
0,25087,569,19.0878502721,19.1603666667,False
0,25088,569,19.1370692572,19.1603666667,False
0,25089,569,19.1074888897,19.1603666667,False
0,25090,569,19.1205259849,19.1603666667,False
0,25091,569,19.0997912207,19.1603666667,False
0,25092,569,19.0717144009,19.1603666667,False
0,25093,569,19.0671326491,19.1603666667,False
0,25094,569,19.099432931,19.1603666667,False
0,25095,569,19.1575170086,19.1603666667,False
0,25096,569,19.1321510069,19.1603666667,False
0,25097,569,19.1166969698,19.1603666667,False
0,25098,569,19.096974537,19.1603666667,False
0,25099,569,19.0571103168,19.1603666667,False
0,25100,569,19.0479770621,19.1603666667,False
0,25101,569,19.0907867483,19.1603666667,False
0,25102,569,19.0981340498,19.1603666667,False
0,25103,569,19.0789011281,19.1603666667,False
0,25104,569,19.0970509756,19.1603666667,False
0,25105,569,19.0296357182,19.1603666667,False
0,25106,569,19.1083968423,19.1603666667,False
0,25107,569,19.1263816246,19.1603666667,False
0,25108,569,19.1593058357,19.1603666667,False
0,25109,569,19.0474528886,19.1603666667,False
0,25110,569,19.0913702671,19.1603666667,False
0,25111,569,19.0655100097,19.1603666667,False
0,25112,569,19.0792274948,19.1603666667,False
0,25113,569,19.0779683942,19.1603666667,False
0,25114,569,19.0898095941,19.1603666667,False
0,25115,570,19.1227607797,19.1937,False
0,25116,570,19.1072001316,19.1937,False
0,25117,570,19.0949032904,19.1937,False
0,25118,570,19.0778247277,19.1937,False
0,25119,571,19.1377591852,19.2270333333,False
0,25120,571,19.1474990083,19.2270333333,False
0,25121,572,19.1820357457,19.2603666667,False
0,25122,572,19.2203000211,19.2603666667,False
0,25123,573,19.2396670864,19.2937,False
0,25124,573,19.2525081964,19.2937,False
0,25125,574,19.2709216969,19.3270333333,False
0,25126,574,19.2567723717,19.3270333333,False
0,25127,574,19.2388707118,19.3270333333,False
0,25128,574,19.2848245873,19.3270333333,False
0,25129,574,19.2870888346,19.3270333333,False
0,25130,574,19.2124522133,19.3270333333,False
0,25131,574,19.3028631711,19.3270333333,False
0,25132,574,19.2723744525,19.3270333333,False
0,25133,574,19.2697764922,19.3270333333,False
0,25134,574,19.2833900129,19.3270333333,False
0,25135,574,19.2658755118,19.3270333333,False
0,25136,574,19.3282649672,19.3270333333,True
0,25137,574,19.2458843115,19.3270333333,False
0,25138,574,19.246549676,19.3270333333,False
0,25139,574,19.2266234315,19.3270333333,False
0,25140,574,19.291825215,19.3270333333,False
0,25141,574,19.2954678831,19.3270333333,False
0,25142,574,19.2926170575,19.3270333333,False
0,25143,574,19.211506446,19.3270333333,False
0,25144,574,19.2501795748,19.3270333333,False
0,25145,574,19.2619022711,19.3270333333,False
0,25146,574,19.2605025265,19.3270333333,False
0,25147,574,19.2890668555,19.3270333333,False
0,25148,574,19.2577730891,19.3270333333,False
0,25149,574,19.2395917799,19.3270333333,False
0,25150,574,19.2862815149,19.3270333333,False
0,25151,574,19.2669474854,19.3270333333,False
0,25152,574,19.2564532502,19.3270333333,False
0,25153,574,19.2862701579,19.3270333333,False
0,25154,574,19.2339810341,19.3270333333,False
0,25155,574,19.2724459906,19.3270333333,False
0,25156,574,19.2691974086,19.3270333333,False
0,25157,574,19.2811204849,19.3270333333,False
0,25158,574,19.2797333376,19.3270333333,False
0,25159,574,19.2401141776,19.3270333333,False
0,25160,574,19.2567455969,19.3270333333,False
0,25161,574,19.2499728332,19.3270333333,False
0,25162,574,19.2594879,19.3270333333,False
0,25163,574,19.2363772709,19.3270333333,False
0,25164,574,19.2842269525,19.3270333333,False
0,25165,574,19.2763198323,19.3270333333,False
0,25166,574,19.2296059839,19.3270333333,False
0,25167,574,19.2583338755,19.3270333333,False
0,25168,574,19.2865963542,19.3270333333,False
0,25169,574,19.2774421321,19.3270333333,False
0,25170,574,19.2533714141,19.3270333333,False
0,25171,574,19.247910714,19.3270333333,False
0,25172,574,19.2252574784,19.3270333333,False
0,25173,574,19.2382690561,19.3270333333,False
0,25174,574,19.2835044372,19.3270333333,False
0,25175,574,19.2792573774,19.3270333333,False
0,25176,574,19.2779463204,19.3270333333,False
0,25177,574,19.2841543057,19.3270333333,False
0,25178,574,19.2522404805,19.3270333333,False
0,25179,574,19.2729021413,19.3270333333,False
0,25180,574,19.2415626387,19.3270333333,False
0,25181,574,19.2881369712,19.3270333333,False
0,25182,574,19.2196066621,19.3270333333,False
0,25183,574,19.2386886342,19.3270333333,False
0,25184,574,19.2926102481,19.3270333333,False
0,25185,574,19.2514872035,19.3270333333,False
0,25186,574,19.2531615421,19.3270333333,False
0,25187,574,19.2644140345,19.3270333333,False
0,25188,574,19.2507967014,19.3270333333,False
0,25189,574,19.2418030499,19.3270333333,False
0,25190,574,19.2628391368,19.3270333333,False
0,25191,574,19.2506700656,19.3270333333,False
0,25192,574,19.2686152178,19.3270333333,False
0,25193,574,19.2204811939,19.3270333333,False
0,25194,574,19.2354816336,19.3270333333,False
0,25195,574,19.2304574935,19.3270333333,False
0,25196,574,19.2888575294,19.3270333333,False
0,25197,574,19.2346767401,19.3270333333,False
0,25198,574,19.2569975645,19.3270333333,False
0,25199,574,19.2365501109,19.3270333333,False
0,25200,574,19.2590593517,19.3270333333,False
0,25201,574,19.2627613113,19.3270333333,False
0,25202,574,19.2309126398,19.3270333333,False
0,25203,574,19.2661592945,19.3270333333,False
0,25204,574,19.2387018807,19.3270333333,False
0,25205,574,19.2653038035,19.3270333333,False
0,25206,574,19.2204168241,19.3270333333,False
0,25207,574,19.2463504403,19.3270333333,False
0,25208,574,19.2455171889,19.3270333333,False
0,25209,574,19.262936119,19.3270333333,False
0,25210,574,19.2494746221,19.3270333333,False
0,25211,574,19.2580810723,19.3270333333,False
0,25212,574,19.2547586919,19.3270333333,False
0,25213,574,19.2695367372,19.3270333333,False
0,25214,574,19.2582747823,19.3270333333,False
0,25215,574,19.2879993371,19.3270333333,False
0,25216,574,19.2580640633,19.3270333333,False
0,25217,574,19.2452420368,19.3270333333,False
0,25218,574,19.2538154628,19.3270333333,False
0,25219,574,19.265758691,19.3270333333,False
0,25220,574,19.2884135242,19.3270333333,False
0,25221,574,19.2565488479,19.3270333333,False
0,25222,574,19.2351554454,19.3270333333,False
0,25223,574,19.2702265536,19.3270333333,False
0,25224,574,19.2100015078,19.3270333333,False
0,25225,574,19.2789663118,19.3270333333,False
0,25226,574,19.2686065527,19.3270333333,False
0,25227,574,19.2590728635,19.3270333333,False
0,25228,574,19.2428805609,19.3270333333,False
0,25229,574,19.2415657825,19.3270333333,False
0,25230,574,19.2219142449,19.3270333333,False
0,25231,575,19.2916054253,19.3603666667,False
0,25232,575,19.2999921295,19.3603666667,False
0,25233,575,19.2918909834,19.3603666667,False
0,25234,575,19.3077740726,19.3603666667,False
0,25235,575,19.3240751922,19.3603666667,False
0,25236,576,19.3309013603,19.3937,False
0,25237,576,19.3245496745,19.3937,False
0,25238,576,19.3320018439,19.3937,False
0,25239,577,19.3783227595,19.4270333333,False
0,25240,577,19.324755329,19.4270333333,False
0,25241,578,19.3432126742,19.4603666667,False
0,25242,578,19.4068186767,19.4603666667,False
0,25243,579,19.4513283584,19.4937,False
0,25244,579,19.409407407,19.4937,False
0,25245,579,19.4363254451,19.4937,False
0,25246,579,19.4221822469,19.4937,False
0,25247,579,19.3919986916,19.4937,False
0,25248,579,19.4116400925,19.4937,False
0,25249,579,19.39888091,19.4937,False
0,25250,579,19.4572834934,19.4937,False
0,25251,579,19.4376587272,19.4937,False
0,25252,579,19.4369814487,19.4937,False
0,25253,579,19.3599793019,19.4937,False
0,25254,579,19.4837070757,19.4937,False
0,25255,579,19.4041468806,19.4937,False
0,25256,579,19.4370183197,19.4937,False
0,25257,579,19.4151736103,19.4937,False
0,25258,579,19.4362913477,19.4937,False
0,25259,579,19.4144947366,19.4937,False
0,25260,579,19.4237860669,19.4937,False
0,25261,579,19.395927228,19.4937,False
0,25262,579,19.4223290082,19.4937,False
0,25263,579,19.4400776089,19.4937,False
0,25264,579,19.383772653,19.4937,False
0,25265,579,19.4329519631,19.4937,False
0,25266,579,19.4356253163,19.4937,False
0,25267,579,19.4611481334,19.4937,False
0,25268,579,19.3964805057,19.4937,False
0,25269,579,19.4236408253,19.4937,False
0,25270,579,19.4350058742,19.4937,False
0,25271,579,19.3595758097,19.4937,False
0,25272,579,19.4481136439,19.4937,False
0,25273,579,19.4092603218,19.4937,False
0,25274,579,19.4287743435,19.4937,False
0,25275,579,19.4049058876,19.4937,False
0,25276,579,19.4088411759,19.4937,False
0,25277,579,19.4259112918,19.4937,False
0,25278,579,19.4201206353,19.4937,False
0,25279,579,19.4007606044,19.4937,False
0,25280,579,19.4304445711,19.4937,False
0,25281,579,19.4388277135,19.4937,False
0,25282,579,19.3935093835,19.4937,False
0,25283,579,19.408767657,19.4937,False
0,25284,579,19.4193019718,19.4937,False
0,25285,579,19.4582479202,19.4937,False
0,25286,579,19.4537698146,19.4937,False
0,25287,579,19.4339951757,19.4937,False
0,25288,579,19.4105920975,19.4937,False
0,25289,579,19.4258140252,19.4937,False
0,25290,579,19.3886367416,19.4937,False
0,25291,579,19.3959125942,19.4937,False
0,25292,579,19.4096257542,19.4937,False
0,25293,579,19.4210725402,19.4937,False
0,25294,579,19.424531233,19.4937,False
0,25295,579,19.4077022941,19.4937,False
0,25296,579,19.4143940219,19.4937,False
0,25297,579,19.4219667013,19.4937,False
0,25298,579,19.4094938849,19.4937,False
0,25299,579,19.4857015391,19.4937,False
0,25300,579,19.4151596795,19.4937,False
0,25301,579,19.4414665943,19.4937,False
0,25302,579,19.4173639993,19.4937,False
0,25303,579,19.4461945107,19.4937,False
0,25304,579,19.4597189394,19.4937,False
0,25305,579,19.4112428346,19.4937,False
0,25306,579,19.4247597025,19.4937,False
0,25307,579,19.4388601416,19.4937,False
0,25308,579,19.432323506,19.4937,False
0,25309,579,19.4106365279,19.4937,False
0,25310,579,19.4125789166,19.4937,False
0,25311,579,19.4020247277,19.4937,False
0,25312,579,19.4524980024,19.4937,False
0,25313,579,19.4504476303,19.4937,False
0,25314,579,19.3593660119,19.4937,False
0,25315,579,19.4121906086,19.4937,False
0,25316,579,19.4577250168,19.4937,False
0,25317,579,19.4401374411,19.4937,False
0,25318,579,19.4330883807,19.4937,False
0,25319,579,19.4214929429,19.4937,False
0,25320,579,19.4072740539,19.4937,False
0,25321,579,19.4146993669,19.4937,False
0,25322,579,19.4402996265,19.4937,False
0,25323,579,19.3797162728,19.4937,False
0,25324,579,19.4322100729,19.4937,False
0,25325,579,19.462075755,19.4937,False
0,25326,579,19.4733037888,19.4937,False
0,25327,579,19.3915463305,19.4937,False
0,25328,579,19.3984595537,19.4937,False
0,25329,579,19.3848761715,19.4937,False
0,25330,579,19.43626834,19.4937,False
0,25331,579,19.4522032689,19.4937,False
0,25332,579,19.4469265227,19.4937,False
0,25333,579,19.3816637815,19.4937,False
0,25334,579,19.4522528141,19.4937,False
0,25335,579,19.4055342058,19.4937,False
0,25336,579,19.4626862491,19.4937,False
0,25337,579,19.4109042701,19.4937,False
0,25338,579,19.4034621266,19.4937,False
0,25339,579,19.4414705242,19.4937,False
0,25340,579,19.4458163526,19.4937,False
0,25341,579,19.4259313312,19.4937,False
0,25342,579,19.4475434864,19.4937,False
0,25343,579,19.4121390948,19.4937,False
0,25344,579,19.4802355607,19.4937,False
0,25345,579,19.4386308185,19.4937,False
0,25346,579,19.4548327753,19.4937,False
0,25347,579,19.3786657815,19.4937,False
0,25348,580,19.4778841535,19.5270333333,False
0,25349,580,19.467385254,19.5270333333,False
0,25350,580,19.4752604329,19.5270333333,False
0,25351,580,19.4946693482,19.5270333333,False
0,25352,580,19.3978206957,19.5270333333,False
0,25353,581,19.4804365481,19.5603666667,False
0,25354,581,19.4768026248,19.5603666667,False
0,25355,581,19.4740694382,19.5603666667,False
0,25356,582,19.5158786714,19.5937,False
0,25357,582,19.5597265056,19.5937,False
0,25358,583,19.6191376857,19.6270333333,False
0,25359,583,19.5458297185,19.6270333333,False
0,25360,584,19.5736542593,19.6603666667,False
0,25361,584,19.6369609939,19.6603666667,False
0,25362,584,19.5836540466,19.6603666667,False
0,25363,584,19.5623111685,19.6603666667,False
0,25364,584,19.5654543067,19.6603666667,False
0,25365,584,19.551663658,19.6603666667,False
0,25366,584,19.6286711915,19.6603666667,False
0,25367,584,19.5841534205,19.6603666667,False
0,25368,584,19.5812491064,19.6603666667,False
0,25369,584,19.5486213448,19.6603666667,False
0,25370,584,19.6279483957,19.6603666667,False
0,25371,584,19.6071417757,19.6603666667,False
0,25372,584,19.5910065023,19.6603666667,False
0,25373,584,19.5719163128,19.6603666667,False
0,25374,584,19.5975559447,19.6603666667,False
0,25375,584,19.6545222102,19.6603666667,False
0,25376,584,19.5924127314,19.6603666667,False
0,25377,584,19.6027485567,19.6603666667,False
0,25378,584,19.5980021804,19.6603666667,False
0,25379,584,19.5495013917,19.6603666667,False
0,25380,584,19.5490932023,19.6603666667,False
0,25381,584,19.581616007,19.6603666667,False
0,25382,584,19.5735787338,19.6603666667,False
0,25383,584,19.5937755401,19.6603666667,False
0,25384,584,19.5795350218,19.6603666667,False
0,25385,584,19.6130462215,19.6603666667,False
0,25386,584,19.611466933,19.6603666667,False
0,25387,584,19.5449174177,19.6603666667,False
0,25388,584,19.5983329752,19.6603666667,False
0,25389,584,19.5955943928,19.6603666667,False
0,25390,584,19.6033255878,19.6603666667,False
0,25391,584,19.5879497692,19.6603666667,False
0,25392,584,19.5681216265,19.6603666667,False
0,25393,584,19.5634309951,19.6603666667,False
0,25394,584,19.6037088205,19.6603666667,False
0,25395,584,19.6104609634,19.6603666667,False
0,25396,584,19.5784429968,19.6603666667,False
0,25397,584,19.5780697182,19.6603666667,False
0,25398,584,19.6204072052,19.6603666667,False
0,25399,584,19.5991989687,19.6603666667,False
0,25400,584,19.5640753594,19.6603666667,False
0,25401,584,19.6046284273,19.6603666667,False
0,25402,584,19.5744334494,19.6603666667,False
0,25403,584,19.580960084,19.6603666667,False
0,25404,584,19.5807575558,19.6603666667,False
0,25405,584,19.5739133353,19.6603666667,False
0,25406,584,19.5901141428,19.6603666667,False
0,25407,584,19.6221407546,19.6603666667,False
0,25408,584,19.6212183907,19.6603666667,False
0,25409,584,19.5646250325,19.6603666667,False
0,25410,584,19.5544141446,19.6603666667,False
0,25411,584,19.6497830284,19.6603666667,False
0,25412,584,19.6191352804,19.6603666667,False
0,25413,584,19.6069995589,19.6603666667,False
0,25414,584,19.5688861326,19.6603666667,False
0,25415,584,19.615132987,19.6603666667,False
0,25416,584,19.5557705246,19.6603666667,False
0,25417,584,19.5727672092,19.6603666667,False
0,25418,584,19.5820954606,19.6603666667,False
0,25419,584,19.5898441966,19.6603666667,False
0,25420,584,19.5541831811,19.6603666667,False
0,25421,584,19.5683506557,19.6603666667,False
0,25422,584,19.557960779,19.6603666667,False
0,25423,584,19.5840014345,19.6603666667,False
0,25424,584,19.5495078377,19.6603666667,False
0,25425,584,19.5590934889,19.6603666667,False
0,25426,584,19.6411224072,19.6603666667,False
0,25427,584,19.5634613065,19.6603666667,False
0,25428,584,19.6024180655,19.6603666667,False
0,25429,584,19.5863198306,19.6603666667,False
0,25430,584,19.577192734,19.6603666667,False
0,25431,584,19.598836591,19.6603666667,False
0,25432,584,19.5738104477,19.6603666667,False
0,25433,584,19.5852124857,19.6603666667,False
0,25434,584,19.5615031648,19.6603666667,False
0,25435,584,19.5881786627,19.6603666667,False
0,25436,584,19.5875004151,19.6603666667,False
0,25437,584,19.5584223428,19.6603666667,False
0,25438,584,19.5699341017,19.6603666667,False
0,25439,584,19.6300289912,19.6603666667,False
0,25440,584,19.6094412936,19.6603666667,False
0,25441,584,19.5594582385,19.6603666667,False
0,25442,584,19.6267969015,19.6603666667,False
0,25443,584,19.5897463227,19.6603666667,False
0,25444,584,19.5573093613,19.6603666667,False
0,25445,584,19.6193306415,19.6603666667,False
0,25446,584,19.5807180686,19.6603666667,False
0,25447,584,19.5607146355,19.6603666667,False
0,25448,584,19.5860173105,19.6603666667,False
0,25449,584,19.6104543183,19.6603666667,False
0,25450,584,19.6488506288,19.6603666667,False
0,25451,584,19.6491823846,19.6603666667,False
0,25452,584,19.5627677663,19.6603666667,False
0,25453,584,19.5982210314,19.6603666667,False
0,25454,584,19.6185886668,19.6603666667,False
0,25455,584,19.5644938336,19.6603666667,False
0,25456,584,19.5929534806,19.6603666667,False
0,25457,584,19.6242694144,19.6603666667,False
0,25458,584,19.5481654263,19.6603666667,False
0,25459,584,19.6143882434,19.6603666667,False
0,25460,584,19.5688116003,19.6603666667,False
0,25461,584,19.5384052205,19.6603666667,False
0,25462,584,19.6168509292,19.6603666667,False
0,25463,584,19.6053135044,19.6603666667,False
0,25464,584,19.5437942457,19.6603666667,False
0,25465,584,19.6283303198,19.6603666667,False
0,25466,585,19.5987217977,19.6937,False
0,25467,585,19.6312654407,19.6937,False
0,25468,585,19.6194067656,19.6937,False
0,25469,585,19.5695867846,19.6937,False
0,25470,586,19.6962391059,19.7270333333,False
0,25471,586,19.6182699222,19.7270333333,False
0,25472,587,19.6810452337,19.7603666667,False
0,25473,587,19.6586188839,19.7603666667,False
0,25474,588,19.6618764334,19.7937,False
0,25475,588,19.7683733876,19.7937,False
0,25476,589,19.7686411805,19.8270333333,False
0,25477,589,19.8023065484,19.8270333333,False
0,25478,589,19.7613124583,19.8270333333,False
0,25479,589,19.7586742902,19.8270333333,False
0,25480,589,19.7738452719,19.8270333333,False
0,25481,589,19.7260374252,19.8270333333,False
0,25482,589,19.7869063577,19.8270333333,False
0,25483,589,19.7763497021,19.8270333333,False
0,25484,589,19.7376246662,19.8270333333,False
0,25485,589,19.7396978143,19.8270333333,False
0,25486,589,19.7714765776,19.8270333333,False
0,25487,589,19.796444452,19.8270333333,False
0,25488,589,19.7962757535,19.8270333333,False
0,25489,589,19.7570844071,19.8270333333,False
0,25490,589,19.7875774023,19.8270333333,False
0,25491,589,19.7709966401,19.8270333333,False
0,25492,589,19.7732681965,19.8270333333,False
0,25493,589,19.8020543928,19.8270333333,False
0,25494,589,19.7216525414,19.8270333333,False
0,25495,589,19.7337471128,19.8270333333,False
0,25496,589,19.7658049951,19.8270333333,False
0,25497,589,19.7067884035,19.8270333333,False
0,25498,589,19.7955273007,19.8270333333,False
0,25499,589,19.7380361714,19.8270333333,False
0,25500,589,19.7410049411,19.8270333333,False
0,25501,589,19.7316989964,19.8270333333,False
0,25502,589,19.7363044153,19.8270333333,False
0,25503,589,19.8105011993,19.8270333333,False
0,25504,589,19.762775829,19.8270333333,False
0,25505,589,19.7238271055,19.8270333333,False
0,25506,589,19.722948192,19.8270333333,False
0,25507,589,19.7846589818,19.8270333333,False
0,25508,589,19.7733086629,19.8270333333,False
0,25509,589,19.6947235459,19.8270333333,False
0,25510,589,19.7565575934,19.8270333333,False
0,25511,589,19.7547290058,19.8270333333,False
0,25512,589,19.788302251,19.8270333333,False
0,25513,589,19.7420928243,19.8270333333,False
0,25514,589,19.7041744083,19.8270333333,False
0,25515,589,19.7695581675,19.8270333333,False
0,25516,589,19.7665134058,19.8270333333,False
0,25517,589,19.7324748825,19.8270333333,False
0,25518,589,19.7614864853,19.8270333333,False
0,25519,589,19.7480684819,19.8270333333,False
0,25520,589,19.7638817082,19.8270333333,False
0,25521,589,19.7707717607,19.8270333333,False
0,25522,589,19.766588888,19.8270333333,False
0,25523,589,19.7547450812,19.8270333333,False
0,25524,589,19.759183225,19.8270333333,False
0,25525,589,19.7553605128,19.8270333333,False
0,25526,589,19.7565168621,19.8270333333,False
0,25527,589,19.7369349994,19.8270333333,False
0,25528,589,19.7340883314,19.8270333333,False
0,25529,589,19.745571304,19.8270333333,False
0,25530,589,19.7923048216,19.8270333333,False
0,25531,589,19.7619454058,19.8270333333,False
0,25532,589,19.7559630267,19.8270333333,False
0,25533,589,19.752321647,19.8270333333,False
0,25534,589,19.7571657163,19.8270333333,False
0,25535,589,19.7781575996,19.8270333333,False
0,25536,589,19.7298088418,19.8270333333,False
0,25537,589,19.7637760044,19.8270333333,False
0,25538,589,19.7217106211,19.8270333333,False
0,25539,589,19.7673445185,19.8270333333,False
0,25540,589,19.7729626676,19.8270333333,False
0,25541,589,19.7445755426,19.8270333333,False
0,25542,589,19.7555145054,19.8270333333,False
0,25543,589,19.733305997,19.8270333333,False
0,25544,589,19.7480832085,19.8270333333,False
0,25545,589,19.7491267328,19.8270333333,False
0,25546,589,19.7630204319,19.8270333333,False
0,25547,589,19.7551617337,19.8270333333,False
0,25548,589,19.7842237272,19.8270333333,False
0,25549,589,19.7441638795,19.8270333333,False
0,25550,589,19.7928875061,19.8270333333,False
0,25551,589,19.7248430851,19.8270333333,False
0,25552,589,19.7535019462,19.8270333333,False
0,25553,589,19.7604794347,19.8270333333,False
0,25554,589,19.7654024268,19.8270333333,False
0,25555,589,19.7576839889,19.8270333333,False
0,25556,589,19.75128157,19.8270333333,False
0,25557,589,19.7776774147,19.8270333333,False
0,25558,589,19.7326767687,19.8270333333,False
0,25559,589,19.7485628118,19.8270333333,False
0,25560,589,19.7420378943,19.8270333333,False
0,25561,589,19.7531381513,19.8270333333,False
0,25562,589,19.7178748048,19.8270333333,False
0,25563,589,19.7548231563,19.8270333333,False
0,25564,589,19.7494813147,19.8270333333,False
0,25565,589,19.7561803097,19.8270333333,False
0,25566,589,19.7653551739,19.8270333333,False
0,25567,589,19.7728103444,19.8270333333,False
0,25568,589,19.7140888522,19.8270333333,False
0,25569,589,19.7250716168,19.8270333333,False
0,25570,589,19.7350608578,19.8270333333,False
0,25571,589,19.8010948052,19.8270333333,False
0,25572,589,19.7483995358,19.8270333333,False
0,25573,589,19.7148640099,19.8270333333,False
0,25574,589,19.7553247748,19.8270333333,False
0,25575,590,19.7756106033,19.8603666667,False
0,25576,590,19.7875607324,19.8603666667,False
0,25577,590,19.7581609317,19.8603666667,False
0,25578,590,19.8028368401,19.8603666667,False
0,25579,590,19.7936975794,19.8603666667,False
0,25580,590,19.7622837287,19.8603666667,False
0,25581,590,19.7841288221,19.8603666667,False
0,25582,590,19.776365559,19.8603666667,False
0,25583,590,19.7843954375,19.8603666667,False
0,25584,590,19.8198162207,19.8603666667,False
0,25585,590,19.8296962436,19.8603666667,False
0,25586,591,19.7732757993,19.8937,False
0,25587,591,19.804224996,19.8937,False
0,25588,592,19.8608807167,19.9270333333,False
0,25589,592,19.8333439056,19.9270333333,False
0,25590,592,19.8668023865,19.9270333333,False
0,25591,592,19.8692157194,19.9270333333,False
0,25592,593,19.8524712654,19.9603666667,False
0,25593,593,19.9346660598,19.9603666667,False
0,25594,593,19.9168506723,19.9603666667,False
0,25595,593,19.9167154674,19.9603666667,False
0,25596,593,19.895472988,19.9603666667,False
0,25597,593,19.9065722443,19.9603666667,False
0,25598,593,19.8958533218,19.9603666667,False
0,25599,593,19.8840304555,19.9603666667,False
0,25600,593,19.9069032463,19.9603666667,False
0,25601,594,19.9651393291,19.9937,False
0,25602,594,19.9315017964,19.9937,False
0,25603,594,19.9073236102,19.9937,False
0,25604,594,19.9756360201,19.9937,False
0,25605,594,19.9239329837,19.9937,False
0,25606,594,19.936302533,19.9937,False
0,25607,594,19.9199725257,19.9937,False
0,25608,594,19.8982397177,19.9937,False
0,25609,594,19.8965954777,19.9937,False
0,25610,594,19.9659872734,19.9937,False
0,25611,594,19.901883229,19.9937,False
0,25612,594,19.9055695117,19.9937,False
0,25613,594,19.9246372464,19.9937,False
0,25614,594,19.923932106,19.9937,False
0,25615,594,19.9297632265,19.9937,False
0,25616,594,19.9192405856,19.9937,False
0,25617,594,19.9968579227,19.9937,True
0,25618,594,19.907363326,19.9937,False
0,25619,594,19.9630149835,19.9937,False
0,25620,594,19.9260714183,19.9937,False
0,25621,594,19.9050529538,19.9937,False
0,25622,594,19.945606796,19.9937,False
0,25623,594,19.9550991228,19.9937,False
0,25624,594,19.9369662791,19.9937,False
0,25625,594,19.9246112378,19.9937,False
0,25626,594,19.9511089417,19.9937,False
0,25627,594,19.9165361603,19.9937,False
0,25628,594,19.9475925104,19.9937,False
0,25629,594,19.9433876369,19.9937,False
0,25630,594,19.9117149254,19.9937,False
0,25631,594,19.9484645815,19.9937,False
0,25632,594,19.9368412988,19.9937,False
0,25633,594,19.936598087,19.9937,False
0,25634,594,19.9178527112,19.9937,False
0,25635,594,19.9273551075,19.9937,False
0,25636,594,19.9452075908,19.9937,False
0,25637,594,19.9052428858,19.9937,False
0,25638,594,19.9207120563,19.9937,False
0,25639,594,19.9378749845,19.9937,False
0,25640,594,19.9079860393,19.9937,False
0,25641,594,19.8996031798,19.9937,False
0,25642,594,19.9189332282,19.9937,False
0,25643,594,19.9386854375,19.9937,False
0,25644,594,19.9638674884,19.9937,False
0,25645,594,19.9210104521,19.9937,False
0,25646,594,19.9179052034,19.9937,False
0,25647,594,19.9571800366,19.9937,False
0,25648,594,19.8879287759,19.9937,False
0,25649,594,19.9269598622,19.9937,False
0,25650,594,19.9245270241,19.9937,False
0,25651,594,19.8991343685,19.9937,False
0,25652,594,19.9003083497,19.9937,False
0,25653,594,19.9089314968,19.9937,False
0,25654,594,19.9711378645,19.9937,False
0,25655,594,19.9454861967,19.9937,False
0,25656,594,19.9442488012,19.9937,False
0,25657,594,19.9301008599,19.9937,False
0,25658,594,19.8939233763,19.9937,False
0,25659,594,19.8791491429,19.9937,False
0,25660,594,19.9435610495,19.9937,False
0,25661,594,19.9269522241,19.9937,False
0,25662,594,19.9550542832,19.9937,False
0,25663,594,19.8939005689,19.9937,False
0,25664,594,19.9063058714,19.9937,False
0,25665,594,19.9386262547,19.9937,False
0,25666,594,19.9009070423,19.9937,False
0,25667,594,19.898410565,19.9937,False
0,25668,594,19.9410493602,19.9937,False
0,25669,594,19.9039978039,19.9937,False
0,25670,594,19.9205510221,19.9937,False
0,25671,594,19.9230201437,19.9937,False
0,25672,594,19.9082580749,19.9937,False
0,25673,594,19.9413950209,19.9937,False
0,25674,594,19.906864539,19.9937,False
0,25675,594,19.9291643062,19.9937,False
0,25676,594,19.9280231971,19.9937,False
0,25677,594,19.8785464173,19.9937,False
0,25678,594,19.9099376877,19.9937,False
0,25679,594,19.9454501255,19.9937,False
0,25680,594,19.8985665591,19.9937,False
0,25681,594,19.9155992996,19.9937,False
0,25682,594,19.9282348585,19.9937,False
0,25683,594,19.8906472995,19.9937,False
0,25684,594,19.90183992,19.9937,False
0,25685,594,19.8977787706,19.9937,False
0,25686,594,19.8686193553,19.9937,False
0,25687,594,19.930012569,19.9937,False
0,25688,594,19.962618351,19.9937,False
0,25689,594,19.9267399471,19.9937,False
0,25690,594,19.8908386878,19.9937,False
0,25691,594,19.9416298015,19.9937,False
0,25692,594,19.9271600608,19.9937,False
0,25693,594,19.9608675401,19.9937,False
0,25694,594,19.8946545619,19.9937,False
0,25695,594,19.9158056979,19.9937,False
0,25696,594,19.909293187,19.9937,False
0,25697,595,19.9519150934,20.0270333333,False
0,25698,595,19.9592902836,20.0270333333,False
0,25699,595,19.9285649771,20.0270333333,False
0,25700,595,19.967424886,20.0270333333,False
0,25701,595,19.9187558818,20.0270333333,False
0,25702,595,19.9505511184,20.0270333333,False
0,25703,595,19.9945820733,20.0270333333,False
0,25704,595,19.945335679,20.0270333333,False
0,25705,595,19.9896831624,20.0270333333,False
0,25706,595,19.9650288143,20.0270333333,False
0,25707,595,19.9305549039,20.0270333333,False
0,25708,595,19.9328278227,20.0270333333,False
0,25709,595,19.9650452606,20.0270333333,False
0,25710,595,19.9401687411,20.0270333333,False
0,25711,595,19.9127906054,20.0270333333,False
0,25712,596,19.9615282174,20.0603666667,False
0,25713,596,20.0060122199,20.0603666667,False
0,25714,596,19.9920907567,20.0603666667,False
0,25715,596,19.9828702867,20.0603666667,False
0,25716,596,19.9957333233,20.0603666667,False
0,25717,596,19.9693382519,20.0603666667,False
0,25718,596,20.0613988705,20.0603666667,True
0,25719,597,20.0396252824,20.0937,False
0,25720,597,20.0076750827,20.0937,False
0,25721,597,20.0809616803,20.0937,False
0,25722,598,20.0746640372,20.1270333333,False
0,25723,598,20.0505681541,20.1270333333,False
0,25724,598,20.0435588401,20.1270333333,False
0,25725,598,20.0714387023,20.1270333333,False
0,25726,599,20.0652057183,20.1603666667,False
0,25727,599,20.1198286667,20.1603666667,False
0,25728,599,20.0924249831,20.1603666667,False
0,25729,599,20.1438222418,20.1603666667,False
0,25730,599,20.0678001334,20.1603666667,False
0,25731,599,20.0766998492,20.1603666667,False
0,25732,599,20.1085598553,20.1603666667,False
0,25733,599,20.1113623101,20.1603666667,False
0,25734,599,20.0788245756,20.1603666667,False
0,25735,599,20.1034594566,20.1603666667,False
0,25736,599,20.1163678228,20.1603666667,False
0,25737,599,20.0751896968,20.1603666667,False
0,25738,599,20.0983485854,20.1603666667,False
0,25739,599,20.0880533099,20.1603666667,False
0,25740,599,20.1269348798,20.1603666667,False
0,25741,599,20.1350208744,20.1603666667,False
0,25742,599,20.0799463046,20.1603666667,False
0,25743,599,20.1064010231,20.1603666667,False
0,25744,599,20.1060500334,20.1603666667,False
0,25745,599,20.0741750265,20.1603666667,False
0,25746,599,20.0732740275,20.1603666667,False
0,25747,599,20.0837941591,20.1603666667,False
0,25748,599,20.0762576074,20.1603666667,False
0,25749,599,20.1267653285,20.1603666667,False
0,25750,599,20.0863965486,20.1603666667,False
0,25751,599,20.0974947055,20.1603666667,False
0,25752,599,20.0691993274,20.1603666667,False
0,25753,599,20.0730623146,20.1603666667,False
0,25754,599,20.1505346334,20.1603666667,False
0,25755,599,20.1246574812,20.1603666667,False
0,25756,599,20.117165925,20.1603666667,False
0,25757,599,20.0626464048,20.1603666667,False
0,25758,599,20.0881368047,20.1603666667,False
0,25759,599,20.0795189939,20.1603666667,False
0,25760,599,20.1325293063,20.1603666667,False
0,25761,599,20.0862635038,20.1603666667,False
0,25762,599,20.0701183505,20.1603666667,False
0,25763,599,20.1002910759,20.1603666667,False
0,25764,599,20.1271359236,20.1603666667,False
0,25765,599,20.1004960445,20.1603666667,False
0,25766,599,20.0624836711,20.1603666667,False
0,25767,599,20.0820761377,20.1603666667,False
0,25768,599,20.0676620995,20.1603666667,False
0,25769,599,20.1001834896,20.1603666667,False
0,25770,599,20.0481451992,20.1603666667,False
0,25771,599,20.0711834676,20.1603666667,False
0,25772,599,20.0445638479,20.1603666667,False
0,25773,599,20.072735417,20.1603666667,False
0,25774,599,20.1017469708,20.1603666667,False
0,25775,599,20.1045187585,20.1603666667,False
0,25776,599,20.0745706017,20.1603666667,False
0,25777,599,20.0428419934,20.1603666667,False
0,25778,599,20.1236961082,20.1603666667,False
0,25779,599,20.0981297964,20.1603666667,False
0,25780,599,20.0705534152,20.1603666667,False
0,25781,599,20.0650649463,20.1603666667,False
0,25782,599,20.1259086023,20.1603666667,False
0,25783,599,20.0786396282,20.1603666667,False
0,25784,599,20.1193083579,20.1603666667,False
0,25785,599,20.0454402669,20.1603666667,False
0,25786,599,20.0640380544,20.1603666667,False
0,25787,599,20.076882181,20.1603666667,False
0,25788,599,20.0972775955,20.1603666667,False
0,25789,599,20.1453703864,20.1603666667,False
0,25790,599,20.0946761719,20.1603666667,False
0,25791,599,20.1060162239,20.1603666667,False
0,25792,599,20.115169553,20.1603666667,False
0,25793,599,20.1167446048,20.1603666667,False
0,25794,599,20.1046500609,20.1603666667,False
0,25795,599,20.0804451148,20.1603666667,False
0,25796,599,20.0537336567,20.1603666667,False
0,25797,599,20.1387833901,20.1603666667,False
0,25798,599,20.0603514337,20.1603666667,False
0,25799,599,20.0912984067,20.1603666667,False
0,25800,599,20.0926381604,20.1603666667,False
0,25801,599,20.0759418232,20.1603666667,False
0,25802,599,20.1286379946,20.1603666667,False
0,25803,599,20.0496646569,20.1603666667,False
0,25804,599,20.1293687867,20.1603666667,False
0,25805,599,20.1319133688,20.1603666667,False
0,25806,599,20.0998074089,20.1603666667,False
0,25807,599,20.0794786292,20.1603666667,False
0,25808,599,20.0504295852,20.1603666667,False
0,25809,599,20.0963729018,20.1603666667,False
0,25810,599,20.1013865772,20.1603666667,False
0,25811,599,20.1185169111,20.1603666667,False
0,25812,599,20.0823278397,20.1603666667,False
0,25813,599,20.0783951649,20.1603666667,False
0,25814,599,20.0746865323,20.1603666667,False
0,25815,599,20.0923745291,20.1603666667,False
0,25816,599,20.1014212728,20.1603666667,False
0,25817,599,20.0874754155,20.1603666667,False
0,25818,599,20.0970832174,20.1603666667,False
0,25819,599,20.0760503564,20.1603666667,False
0,25820,599,20.0968790207,20.1603666667,False
0,25821,599,20.1082583196,20.1603666667,False
0,25822,599,20.0656289353,20.1603666667,False
0,25823,599,20.0661236929,20.1603666667,False
0,25824,599,20.0677855222,20.1603666667,False
0,25825,600,20.1720079371,20.1937,False
0,25826,600,20.1247818239,20.1937,False
0,25827,600,20.1210498645,20.1937,False
0,25828,600,20.1341696205,20.1937,False
0,25829,600,20.1364801888,20.1937,False
0,25830,600,20.097952453,20.1937,False
0,25831,600,20.121117463,20.1937,False
0,25832,600,20.1156433719,20.1937,False
0,25833,600,20.1180133904,20.1937,False
0,25834,600,20.0854514453,20.1937,False
0,25835,600,20.1556630208,20.1937,False
0,25836,600,20.1173200831,20.1937,False
0,25837,601,20.1588113663,20.2270333333,False
0,25838,601,20.1356156642,20.2270333333,False
0,25839,601,20.1471883782,20.2270333333,False
0,25840,601,20.2136117722,20.2270333333,False
0,25841,601,20.1521952106,20.2270333333,False
0,25842,602,20.1991915105,20.2603666667,False
0,25843,602,20.1706157969,20.2603666667,False
0,25844,602,20.1936656262,20.2603666667,False
0,25845,602,20.196411762,20.2603666667,False
0,25846,603,20.215254149,20.2937,False
0,25847,603,20.2220304885,20.2937,False
0,25848,603,20.1923080399,20.2937,False
0,25849,603,20.2382752312,20.2937,False
0,25850,603,20.2118777375,20.2937,False
0,25851,604,20.2229764418,20.3270333333,False
0,25852,604,20.2917278374,20.3270333333,False
0,25853,604,20.2436121435,20.3270333333,False
0,25854,604,20.2576668701,20.3270333333,False
0,25855,604,20.2467527152,20.3270333333,False
0,25856,604,20.3044976085,20.3270333333,False
0,25857,604,20.2859106643,20.3270333333,False
0,25858,604,20.2401633955,20.3270333333,False
0,25859,604,20.2596604226,20.3270333333,False
0,25860,604,20.2472231966,20.3270333333,False
0,25861,604,20.2769514157,20.3270333333,False
0,25862,604,20.2480247118,20.3270333333,False
0,25863,604,20.2805395562,20.3270333333,False
0,25864,604,20.2678869825,20.3270333333,False
0,25865,604,20.2745486407,20.3270333333,False
0,25866,604,20.2481320032,20.3270333333,False
0,25867,604,20.2663819804,20.3270333333,False
0,25868,604,20.2918959812,20.3270333333,False
0,25869,604,20.2640184813,20.3270333333,False
0,25870,604,20.295027055,20.3270333333,False
0,25871,604,20.2280974895,20.3270333333,False
0,25872,604,20.2555848323,20.3270333333,False
0,25873,604,20.2453538975,20.3270333333,False
0,25874,604,20.26231991,20.3270333333,False
0,25875,604,20.2919061847,20.3270333333,False
0,25876,604,20.2426376134,20.3270333333,False
0,25877,604,20.2308173321,20.3270333333,False
0,25878,604,20.2674297246,20.3270333333,False
0,25879,604,20.2716835428,20.3270333333,False
0,25880,604,20.2473630081,20.3270333333,False
0,25881,604,20.2684562728,20.3270333333,False
0,25882,604,20.2299996347,20.3270333333,False
0,25883,604,20.2867562763,20.3270333333,False
0,25884,604,20.2724849712,20.3270333333,False
0,25885,604,20.269665611,20.3270333333,False
0,25886,604,20.2685869319,20.3270333333,False
0,25887,604,20.2529000985,20.3270333333,False
0,25888,604,20.2747558688,20.3270333333,False
0,25889,604,20.2328548528,20.3270333333,False
0,25890,604,20.2206477214,20.3270333333,False
0,25891,604,20.293621314,20.3270333333,False
0,25892,604,20.2431438925,20.3270333333,False
0,25893,604,20.2731337451,20.3270333333,False
0,25894,604,20.3124301858,20.3270333333,False
0,25895,604,20.2438796244,20.3270333333,False
0,25896,604,20.2576582998,20.3270333333,False
0,25897,604,20.2360317125,20.3270333333,False
0,25898,604,20.2801117065,20.3270333333,False
0,25899,604,20.2491190086,20.3270333333,False
0,25900,604,20.2697294688,20.3270333333,False
0,25901,604,20.2662341677,20.3270333333,False
0,25902,604,20.2417321961,20.3270333333,False
0,25903,604,20.2133240851,20.3270333333,False
0,25904,604,20.2580322738,20.3270333333,False
0,25905,604,20.279010801,20.3270333333,False
0,25906,604,20.2930193979,20.3270333333,False
0,25907,604,20.2626680318,20.3270333333,False
0,25908,604,20.2452243499,20.3270333333,False
0,25909,604,20.2591720825,20.3270333333,False
0,25910,604,20.2578205418,20.3270333333,False
0,25911,604,20.2573198051,20.3270333333,False
0,25912,604,20.2778433071,20.3270333333,False
0,25913,604,20.2402216319,20.3270333333,False
0,25914,604,20.2242198942,20.3270333333,False
0,25915,604,20.2611544126,20.3270333333,False
0,25916,604,20.2615740226,20.3270333333,False
0,25917,604,20.2511373717,20.3270333333,False
0,25918,604,20.2542811895,20.3270333333,False
0,25919,604,20.2388461984,20.3270333333,False
0,25920,604,20.2738530396,20.3270333333,False
0,25921,604,20.288483021,20.3270333333,False
0,25922,604,20.2748373372,20.3270333333,False
0,25923,604,20.2316541387,20.3270333333,False
0,25924,604,20.2164200719,20.3270333333,False
0,25925,604,20.2227785368,20.3270333333,False
0,25926,604,20.2527522963,20.3270333333,False
0,25927,604,20.2604996734,20.3270333333,False
0,25928,604,20.2511322514,20.3270333333,False
0,25929,604,20.2864943525,20.3270333333,False
0,25930,604,20.2714370797,20.3270333333,False
0,25931,604,20.2809344125,20.3270333333,False
0,25932,604,20.2618211323,20.3270333333,False
0,25933,604,20.2492656739,20.3270333333,False
0,25934,604,20.2961724763,20.3270333333,False
0,25935,604,20.2656742455,20.3270333333,False
0,25936,604,20.1919460604,20.3270333333,False
0,25937,604,20.2399393792,20.3270333333,False
0,25938,604,20.2595777312,20.3270333333,False
0,25939,604,20.2236599597,20.3270333333,False
0,25940,604,20.3031003722,20.3270333333,False
0,25941,604,20.2870746753,20.3270333333,False
0,25942,604,20.2583006424,20.3270333333,False
0,25943,604,20.250340929,20.3270333333,False
0,25944,604,20.2715315391,20.3270333333,False
0,25945,604,20.1904340637,20.3270333333,False
0,25946,604,20.280216188,20.3270333333,False
0,25947,604,20.2765085017,20.3270333333,False
0,25948,604,20.271541635,20.3270333333,False
0,25949,604,20.2784097447,20.3270333333,False
0,25950,604,20.2678439506,20.3270333333,False
0,25951,604,20.234463316,20.3270333333,False
0,25952,604,20.2269065687,20.3270333333,False
0,25953,604,20.2436086451,20.3270333333,False
0,25954,604,20.2248741912,20.3270333333,False
0,25955,604,20.2201449117,20.3270333333,False
0,25956,604,20.2670732359,20.3270333333,False
0,25957,604,20.2773911109,20.3270333333,False
0,25958,605,20.2816675556,20.3603666667,False
0,25959,605,20.2390956918,20.3603666667,False
0,25960,605,20.2844767294,20.3603666667,False
0,25961,605,20.2888530226,20.3603666667,False
0,25962,605,20.297524771,20.3603666667,False
0,25963,605,20.2971898963,20.3603666667,False
0,25964,605,20.2715046444,20.3603666667,False
0,25965,606,20.2992605306,20.3937,False
0,25966,606,20.3410847263,20.3937,False
0,25967,606,20.3194551301,20.3937,False
0,25968,606,20.3094066629,20.3937,False
0,25969,606,20.3039869646,20.3937,False
0,25970,606,20.3206657296,20.3937,False
0,25971,606,20.295745627,20.3937,False
0,25972,607,20.3262646894,20.4270333333,False
0,25973,607,20.3515627466,20.4270333333,False
0,25974,608,20.3953190643,20.4603666667,False
0,25975,608,20.4126463956,20.4603666667,False
0,25976,609,20.421881867,20.4937,False
0,25977,609,20.4396391399,20.4937,False
0,25978,609,20.4444734201,20.4937,False
0,25979,609,20.4241108146,20.4937,False
0,25980,609,20.4144662547,20.4937,False
0,25981,609,20.3960423616,20.4937,False
0,25982,609,20.4212908182,20.4937,False
0,25983,609,20.43335263,20.4937,False
0,25984,609,20.3925614492,20.4937,False
0,25985,609,20.4059446813,20.4937,False
0,25986,609,20.3737357762,20.4937,False
0,25987,609,20.3867091959,20.4937,False
0,25988,609,20.4260856298,20.4937,False
0,25989,609,20.4149886097,20.4937,False
0,25990,609,20.4568163896,20.4937,False
0,25991,609,20.3915786759,20.4937,False
0,25992,609,20.4020045643,20.4937,False
0,25993,609,20.4327237641,20.4937,False
0,25994,609,20.4528825886,20.4937,False
0,25995,609,20.4364281615,20.4937,False
0,25996,609,20.4172581869,20.4937,False
0,25997,609,20.4180401106,20.4937,False
0,25998,609,20.4563621973,20.4937,False
0,25999,609,20.4504614671,20.4937,False
0,26000,609,20.3807131251,20.4937,False
0,26001,609,20.4938526853,20.4937,True
0,26002,609,20.4118326762,20.4937,False
0,26003,609,20.4177451408,20.4937,False
0,26004,609,20.4105502833,20.4937,False
0,26005,609,20.4291149584,20.4937,False
0,26006,609,20.4778488709,20.4937,False
0,26007,609,20.4802874178,20.4937,False
0,26008,609,20.4374313711,20.4937,False
0,26009,609,20.4101514466,20.4937,False
0,26010,609,20.4231886255,20.4937,False
0,26011,609,20.4456691971,20.4937,False
0,26012,609,20.4476962321,20.4937,False
0,26013,609,20.4665320505,20.4937,False
0,26014,609,20.436663533,20.4937,False
0,26015,609,20.4639014792,20.4937,False
0,26016,609,20.4315966353,20.4937,False
0,26017,609,20.4241307678,20.4937,False
0,26018,609,20.443731681,20.4937,False
0,26019,609,20.4378966849,20.4937,False
0,26020,609,20.4527418842,20.4937,False
0,26021,609,20.4469980314,20.4937,False
0,26022,609,20.461617176,20.4937,False
0,26023,609,20.4502580231,20.4937,False
0,26024,609,20.426544826,20.4937,False
0,26025,609,20.4300025018,20.4937,False
0,26026,609,20.4182851856,20.4937,False
0,26027,609,20.4328827009,20.4937,False
0,26028,609,20.4621477524,20.4937,False
0,26029,609,20.4913654116,20.4937,False
0,26030,609,20.4440974063,20.4937,False
0,26031,609,20.3908523631,20.4937,False
0,26032,609,20.4094650618,20.4937,False
0,26033,609,20.4488270354,20.4937,False
0,26034,609,20.404031522,20.4937,False
0,26035,609,20.4157044392,20.4937,False
0,26036,609,20.4083483424,20.4937,False
0,26037,609,20.4271748766,20.4937,False
0,26038,609,20.3879662358,20.4937,False
0,26039,609,20.4217870833,20.4937,False
0,26040,609,20.4104019447,20.4937,False
0,26041,609,20.4276233335,20.4937,False
0,26042,609,20.3845696829,20.4937,False
0,26043,609,20.4028657163,20.4937,False
0,26044,609,20.4466537012,20.4937,False
0,26045,609,20.4393963478,20.4937,False
0,26046,609,20.3992079209,20.4937,False
0,26047,609,20.4247192226,20.4937,False
0,26048,609,20.4318739796,20.4937,False
0,26049,609,20.430992431,20.4937,False
0,26050,609,20.3965805312,20.4937,False
0,26051,609,20.475899838,20.4937,False
0,26052,609,20.4056708053,20.4937,False
0,26053,609,20.3929526199,20.4937,False
0,26054,609,20.4876056858,20.4937,False
0,26055,609,20.4292618371,20.4937,False
0,26056,609,20.4264518845,20.4937,False
0,26057,609,20.4251475905,20.4937,False
0,26058,609,20.3851936241,20.4937,False
0,26059,609,20.4365878958,20.4937,False
0,26060,609,20.4181716984,20.4937,False
0,26061,609,20.4730160546,20.4937,False
0,26062,609,20.4499546784,20.4937,False
0,26063,609,20.3996879574,20.4937,False
0,26064,609,20.4587192118,20.4937,False
0,26065,609,20.4585340202,20.4937,False
0,26066,609,20.4297329731,20.4937,False
0,26067,609,20.4479015386,20.4937,False
0,26068,609,20.4103530528,20.4937,False
0,26069,609,20.3750463701,20.4937,False
0,26070,609,20.4543834333,20.4937,False
0,26071,609,20.4410085042,20.4937,False
0,26072,609,20.4252207696,20.4937,False
0,26073,609,20.4160457629,20.4937,False
0,26074,609,20.4193278322,20.4937,False
0,26075,609,20.4282200646,20.4937,False
0,26076,610,20.4548178089,20.5270333333,False
0,26077,610,20.4755364237,20.5270333333,False
0,26078,610,20.4755328675,20.5270333333,False
0,26079,610,20.4763177504,20.5270333333,False
0,26080,610,20.4383749355,20.5270333333,False
0,26081,610,20.4515172847,20.5270333333,False
0,26082,610,20.4418522679,20.5270333333,False
0,26083,610,20.4529563217,20.5270333333,False
0,26084,610,20.4897006764,20.5270333333,False
0,26085,610,20.4969925871,20.5270333333,False
0,26086,610,20.5015194272,20.5270333333,False
0,26087,610,20.478081745,20.5270333333,False
0,26088,610,20.4798779326,20.5270333333,False
0,26089,610,20.4560959274,20.5270333333,False
0,26090,610,20.4432253939,20.5270333333,False
0,26091,611,20.4892552082,20.5603666667,False
0,26092,611,20.4907191836,20.5603666667,False
0,26093,611,20.455807477,20.5603666667,False
0,26094,611,20.4768831984,20.5603666667,False
0,26095,611,20.4837630088,20.5603666667,False
0,26096,611,20.4981919512,20.5603666667,False
0,26097,611,20.4249730067,20.5603666667,False
0,26098,611,20.5006912369,20.5603666667,False
0,26099,612,20.5454649008,20.5937,False
0,26100,612,20.5622890113,20.5937,False
0,26101,612,20.4921230577,20.5937,False
0,26102,613,20.5561268233,20.6270333333,False
0,26103,613,20.5860459931,20.6270333333,False
0,26104,613,20.5661416701,20.6270333333,False
0,26105,613,20.571731623,20.6270333333,False
0,26106,613,20.5239622366,20.6270333333,False
0,26107,613,20.6130386671,20.6270333333,False
0,26108,613,20.5768110504,20.6270333333,False
0,26109,613,20.5505144697,20.6270333333,False
0,26110,613,20.5682310853,20.6270333333,False
0,26111,613,20.5847181186,20.6270333333,False
0,26112,614,20.5711624802,20.6603666667,False
0,26113,614,20.5679560822,20.6603666667,False
0,26114,614,20.5860920625,20.6603666667,False
0,26115,614,20.5901636706,20.6603666667,False
0,26116,614,20.6018839916,20.6603666667,False
0,26117,614,20.5618327413,20.6603666667,False
0,26118,614,20.598095,20.6603666667,False
0,26119,614,20.5577273769,20.6603666667,False
0,26120,614,20.5562254018,20.6603666667,False
0,26121,614,20.5743878756,20.6603666667,False
0,26122,614,20.557023142,20.6603666667,False
0,26123,614,20.5536711493,20.6603666667,False
0,26124,614,20.5480095216,20.6603666667,False
0,26125,614,20.5995292478,20.6603666667,False
0,26126,614,20.5968662779,20.6603666667,False
0,26127,614,20.5941141685,20.6603666667,False
0,26128,614,20.5978769494,20.6603666667,False
0,26129,614,20.6218943802,20.6603666667,False
0,26130,614,20.6231480368,20.6603666667,False
0,26131,614,20.6168192991,20.6603666667,False
0,26132,614,20.5863067141,20.6603666667,False
0,26133,614,20.5867214648,20.6603666667,False
0,26134,614,20.5661842012,20.6603666667,False
0,26135,614,20.5814179024,20.6603666667,False
0,26136,614,20.5610830882,20.6603666667,False
0,26137,614,20.572466111,20.6603666667,False
0,26138,614,20.5966835363,20.6603666667,False
0,26139,614,20.5651698001,20.6603666667,False
0,26140,614,20.5650738432,20.6603666667,False
0,26141,614,20.6005633217,20.6603666667,False
0,26142,614,20.6032399215,20.6603666667,False
0,26143,614,20.604342185,20.6603666667,False
0,26144,614,20.5776718288,20.6603666667,False
0,26145,614,20.5884559751,20.6603666667,False
0,26146,614,20.5562644606,20.6603666667,False
0,26147,614,20.6142810715,20.6603666667,False
0,26148,614,20.5610978717,20.6603666667,False
0,26149,614,20.5717378059,20.6603666667,False
0,26150,614,20.588818357,20.6603666667,False
0,26151,614,20.6316556823,20.6603666667,False
0,26152,614,20.5600108614,20.6603666667,False
0,26153,614,20.6254049203,20.6603666667,False
0,26154,614,20.606822248,20.6603666667,False
0,26155,614,20.5775345225,20.6603666667,False
0,26156,614,20.6160533625,20.6603666667,False
0,26157,614,20.6488485318,20.6603666667,False
0,26158,614,20.5518161457,20.6603666667,False
0,26159,614,20.6152322066,20.6603666667,False
0,26160,614,20.5548758356,20.6603666667,False
0,26161,614,20.5988173547,20.6603666667,False
0,26162,614,20.5774442631,20.6603666667,False
0,26163,614,20.5892757644,20.6603666667,False
0,26164,614,20.6013317049,20.6603666667,False
0,26165,614,20.6157353227,20.6603666667,False
0,26166,614,20.5857336779,20.6603666667,False
0,26167,614,20.5927612876,20.6603666667,False
0,26168,614,20.5691128133,20.6603666667,False
0,26169,614,20.5792930723,20.6603666667,False
0,26170,614,20.6126336252,20.6603666667,False
0,26171,614,20.6000905761,20.6603666667,False
0,26172,614,20.6015837752,20.6603666667,False
0,26173,614,20.543068793,20.6603666667,False
0,26174,614,20.5875551755,20.6603666667,False
0,26175,614,20.591096714,20.6603666667,False
0,26176,614,20.5885495395,20.6603666667,False
0,26177,614,20.5912320435,20.6603666667,False
0,26178,614,20.5514742826,20.6603666667,False
0,26179,614,20.5991547966,20.6603666667,False
0,26180,614,20.6017021233,20.6603666667,False
0,26181,614,20.5796744302,20.6603666667,False
0,26182,614,20.6171338216,20.6603666667,False
0,26183,614,20.5928261272,20.6603666667,False
0,26184,614,20.5747735877,20.6603666667,False
0,26185,614,20.6198820729,20.6603666667,False
0,26186,614,20.5561893304,20.6603666667,False
0,26187,614,20.6040597932,20.6603666667,False
0,26188,614,20.5874383273,20.6603666667,False
0,26189,614,20.5738810685,20.6603666667,False
0,26190,614,20.6134023032,20.6603666667,False
0,26191,614,20.5676547074,20.6603666667,False
0,26192,614,20.6059031486,20.6603666667,False
0,26193,614,20.5625707956,20.6603666667,False
0,26194,614,20.5637875639,20.6603666667,False
0,26195,614,20.5799491625,20.6603666667,False
0,26196,614,20.5954413747,20.6603666667,False
0,26197,615,20.6338823449,20.6937,False
0,26198,615,20.6176489843,20.6937,False
0,26199,615,20.6807090494,20.6937,False
0,26200,615,20.6024016799,20.6937,False
0,26201,615,20.5946415507,20.6937,False
0,26202,615,20.6207985021,20.6937,False
0,26203,615,20.6661925421,20.6937,False
0,26204,615,20.6441015996,20.6937,False
0,26205,615,20.6455771036,20.6937,False
0,26206,615,20.6141033125,20.6937,False
0,26207,615,20.6199623856,20.6937,False
0,26208,615,20.6835753251,20.6937,False
0,26209,615,20.6069648971,20.6937,False
0,26210,615,20.6079762697,20.6937,False
0,26211,615,20.6044509656,20.6937,False
0,26212,615,20.6367420964,20.6937,False
0,26213,616,20.6448308712,20.7270333333,False
0,26214,616,20.623888724,20.7270333333,False
0,26215,616,20.6656477367,20.7270333333,False
0,26216,616,20.6621710143,20.7270333333,False
0,26217,616,20.6349169202,20.7270333333,False
0,26218,617,20.7025361765,20.7603666667,False
0,26219,617,20.6924582746,20.7603666667,False
0,26220,617,20.6814552545,20.7603666667,False
0,26221,617,20.7005116663,20.7603666667,False
0,26222,617,20.6608712125,20.7603666667,False
0,26223,617,20.711698823,20.7603666667,False
0,26224,618,20.7092921016,20.7937,False
0,26225,618,20.7049721411,20.7937,False
0,26226,619,20.7696495099,20.8270333333,False
0,26227,619,20.7511820085,20.8270333333,False
0,26228,619,20.7636569501,20.8270333333,False
0,26229,619,20.7572330429,20.8270333333,False
0,26230,619,20.7365882207,20.8270333333,False
0,26231,619,20.73344966,20.8270333333,False
0,26232,619,20.7459283913,20.8270333333,False
0,26233,619,20.7638528502,20.8270333333,False
0,26234,619,20.7951422628,20.8270333333,False
0,26235,619,20.7677537542,20.8270333333,False
0,26236,619,20.7386834701,20.8270333333,False
0,26237,619,20.7122802327,20.8270333333,False
0,26238,619,20.7142449197,20.8270333333,False
0,26239,619,20.7993809114,20.8270333333,False
0,26240,619,20.7665815165,20.8270333333,False
0,26241,619,20.746319165,20.8270333333,False
0,26242,619,20.7092416844,20.8270333333,False
0,26243,619,20.7671357383,20.8270333333,False
0,26244,619,20.8011103416,20.8270333333,False
0,26245,619,20.7364012066,20.8270333333,False
0,26246,619,20.7674742759,20.8270333333,False
0,26247,619,20.7093124763,20.8270333333,False
0,26248,619,20.742728847,20.8270333333,False
0,26249,619,20.7419740057,20.8270333333,False
0,26250,619,20.746048608,20.8270333333,False
0,26251,619,20.7277153765,20.8270333333,False
0,26252,619,20.762400706,20.8270333333,False
0,26253,619,20.7565226864,20.8270333333,False
0,26254,619,20.7832179377,20.8270333333,False
0,26255,619,20.7127062634,20.8270333333,False
0,26256,619,20.7463756807,20.8270333333,False
0,26257,619,20.7819523827,20.8270333333,False
0,26258,619,20.7697883789,20.8270333333,False
0,26259,619,20.7683003897,20.8270333333,False
0,26260,619,20.6958961415,20.8270333333,False
0,26261,619,20.7047853667,20.8270333333,False
0,26262,619,20.7582040452,20.8270333333,False
0,26263,619,20.7245538161,20.8270333333,False
0,26264,619,20.7580671203,20.8270333333,False
0,26265,619,20.747822086,20.8270333333,False
0,26266,619,20.802509998,20.8270333333,False
0,26267,619,20.7392912618,20.8270333333,False
0,26268,619,20.7767185093,20.8270333333,False
0,26269,619,20.7961650933,20.8270333333,False
0,26270,619,20.7355879053,20.8270333333,False
0,26271,619,20.7354219151,20.8270333333,False
0,26272,619,20.7291179662,20.8270333333,False
0,26273,619,20.7218183213,20.8270333333,False
0,26274,619,20.7510623997,20.8270333333,False
0,26275,619,20.7337090265,20.8270333333,False
0,26276,619,20.7600572577,20.8270333333,False
0,26277,619,20.7863126268,20.8270333333,False
0,26278,619,20.7540625952,20.8270333333,False
0,26279,619,20.7422124068,20.8270333333,False
0,26280,619,20.7856917511,20.8270333333,False
0,26281,619,20.7891903144,20.8270333333,False
0,26282,619,20.77663906,20.8270333333,False
0,26283,619,20.716387945,20.8270333333,False
0,26284,619,20.7762455998,20.8270333333,False
0,26285,619,20.7401945932,20.8270333333,False
0,26286,619,20.7638333213,20.8270333333,False
0,26287,619,20.7251812736,20.8270333333,False
0,26288,619,20.759251277,20.8270333333,False
0,26289,619,20.7707225343,20.8270333333,False
0,26290,619,20.7892420249,20.8270333333,False
0,26291,619,20.7669916861,20.8270333333,False
0,26292,619,20.7748221964,20.8270333333,False
0,26293,619,20.7753232658,20.8270333333,False
0,26294,619,20.7345572061,20.8270333333,False
0,26295,619,20.7782346499,20.8270333333,False
0,26296,619,20.7756387598,20.8270333333,False
0,26297,619,20.7222887305,20.8270333333,False
0,26298,619,20.6884404979,20.8270333333,False
0,26299,619,20.774796707,20.8270333333,False
0,26300,619,20.762192305,20.8270333333,False
0,26301,619,20.7617240861,20.8270333333,False
0,26302,619,20.7949834781,20.8270333333,False
0,26303,619,20.7435271322,20.8270333333,False
0,26304,619,20.721913455,20.8270333333,False
0,26305,619,20.7427821565,20.8270333333,False
0,26306,619,20.768248937,20.8270333333,False
0,26307,619,20.7097802112,20.8270333333,False
0,26308,619,20.7857049726,20.8270333333,False
0,26309,619,20.7265452053,20.8270333333,False
0,26310,619,20.7754416655,20.8270333333,False
0,26311,619,20.7837394101,20.8270333333,False
0,26312,619,20.7541510304,20.8270333333,False
0,26313,619,20.7557224104,20.8270333333,False
0,26314,619,20.7821961707,20.8270333333,False
0,26315,619,20.7518106911,20.8270333333,False
0,26316,619,20.7765037131,20.8270333333,False
0,26317,619,20.7832172548,20.8270333333,False
0,26318,619,20.7859239951,20.8270333333,False
0,26319,619,20.7492104846,20.8270333333,False
0,26320,619,20.7515164221,20.8270333333,False
0,26321,619,20.7140189727,20.8270333333,False
0,26322,619,20.7617783214,20.8270333333,False
0,26323,619,20.7281744156,20.8270333333,False
0,26324,619,20.7267532938,20.8270333333,False
0,26325,619,20.785472889,20.8270333333,False
0,26326,620,20.822945001,20.8603666667,False
0,26327,620,20.818433293,20.8603666667,False
0,26328,620,20.8229700137,20.8603666667,False
0,26329,620,20.7887177469,20.8603666667,False
0,26330,620,20.7671277635,20.8603666667,False
0,26331,621,20.8278462221,20.8937,False
0,26332,621,20.8409919536,20.8937,False
0,26333,622,20.8392691538,20.9270333333,False
0,26334,622,20.8157781707,20.9270333333,False
0,26335,623,20.8724187738,20.9603666667,False
0,26336,623,20.9166325522,20.9603666667,False
0,26337,624,20.9499992962,20.9937,False
0,26338,624,20.9346268163,20.9937,False
0,26339,624,20.8980242453,20.9937,False
0,26340,624,20.9050227488,20.9937,False
0,26341,624,20.9486385987,20.9937,False
0,26342,624,20.8958961546,20.9937,False
0,26343,624,20.9132807537,20.9937,False
0,26344,624,20.8930340762,20.9937,False
0,26345,624,20.9213316157,20.9937,False
0,26346,624,20.9108098864,20.9937,False
0,26347,624,20.9422535448,20.9937,False
0,26348,624,20.8858925177,20.9937,False
0,26349,624,20.8837072439,20.9937,False
0,26350,624,20.9387841856,20.9937,False
0,26351,624,20.9433237597,20.9937,False
0,26352,624,20.9299487544,20.9937,False
0,26353,624,20.877037994,20.9937,False
0,26354,624,20.9116833748,20.9937,False
0,26355,624,20.8869873132,20.9937,False
0,26356,624,20.9238080068,20.9937,False
0,26357,624,20.9545104502,20.9937,False
0,26358,624,20.9624241005,20.9937,False
0,26359,624,20.9741080376,20.9937,False
0,26360,624,20.9531826726,20.9937,False
0,26361,624,20.9259495137,20.9937,False
0,26362,624,20.9470540568,20.9937,False
0,26363,624,20.9344851412,20.9937,False
0,26364,624,20.9096616017,20.9937,False
0,26365,624,20.9339009227,20.9937,False
0,26366,624,20.9337326849,20.9937,False
0,26367,624,20.9196742184,20.9937,False
0,26368,624,20.911305777,20.9937,False
0,26369,624,20.9216997814,20.9937,False
0,26370,624,20.9109623635,20.9937,False
0,26371,624,20.9669626495,20.9937,False
0,26372,624,20.9281914829,20.9937,False
0,26373,624,20.9227718557,20.9937,False
0,26374,624,20.9214554021,20.9937,False
0,26375,624,20.9701735641,20.9937,False
0,26376,624,20.9108042897,20.9937,False
0,26377,624,20.9053716114,20.9937,False
0,26378,624,20.9222715732,20.9937,False
0,26379,624,20.9217982088,20.9937,False
0,26380,624,20.9298699648,20.9937,False
0,26381,624,20.9447109256,20.9937,False
0,26382,624,20.9314512094,20.9937,False
0,26383,624,20.9403903113,20.9937,False
0,26384,624,20.9312367815,20.9937,False
0,26385,624,20.9198945657,20.9937,False
0,26386,624,20.9300932142,20.9937,False
0,26387,624,20.8953927062,20.9937,False
0,26388,624,20.905644382,20.9937,False
0,26389,624,20.9091489071,20.9937,False
0,26390,624,20.90322223,20.9937,False
0,26391,624,20.9412246879,20.9937,False
0,26392,624,20.9578500967,20.9937,False
0,26393,624,20.92234834,20.9937,False
0,26394,624,20.8973018354,20.9937,False
0,26395,624,20.9606912827,20.9937,False
0,26396,624,20.9373449184,20.9937,False
0,26397,624,20.9182352813,20.9937,False
0,26398,624,20.9307649775,20.9937,False
0,26399,624,20.8766437838,20.9937,False
0,26400,624,20.9650662761,20.9937,False
0,26401,624,20.9197889073,20.9937,False
0,26402,624,20.9444948577,20.9937,False
0,26403,624,20.9041028209,20.9937,False
0,26404,624,20.9235720536,20.9937,False
0,26405,624,20.9167942466,20.9937,False
0,26406,624,20.9146776584,20.9937,False
0,26407,624,20.9356541018,20.9937,False
0,26408,624,20.9271248913,20.9937,False
0,26409,624,20.9211005451,20.9937,False
0,26410,624,20.9076101818,20.9937,False
0,26411,624,20.9322729983,20.9937,False
0,26412,624,20.9513126343,20.9937,False
0,26413,624,20.9249213421,20.9937,False
0,26414,624,20.9561166723,20.9937,False
0,26415,624,20.9438200769,20.9937,False
0,26416,624,20.927897521,20.9937,False
0,26417,624,20.8888859789,20.9937,False
0,26418,624,20.8951259893,20.9937,False
0,26419,624,20.9451104,20.9937,False
0,26420,624,20.9349250282,20.9937,False
0,26421,624,20.8953732874,20.9937,False
0,26422,624,20.9461384389,20.9937,False
0,26423,624,20.9458751199,20.9937,False
0,26424,624,20.9081464576,20.9937,False
0,26425,624,20.9666236777,20.9937,False
0,26426,624,20.9548745523,20.9937,False
0,26427,624,20.9426999007,20.9937,False
0,26428,624,20.9803971675,20.9937,False
0,26429,624,20.9067900591,20.9937,False
0,26430,624,20.8838010357,20.9937,False
0,26431,624,20.9229267715,20.9937,False
0,26432,624,20.9250975389,20.9937,False
0,26433,624,20.9633650433,20.9937,False
0,26434,624,20.914474874,20.9937,False
0,26435,624,20.878658441,20.9937,False
0,26436,625,20.9650102356,21.0270333333,False
0,26437,625,20.9795391951,21.0270333333,False
0,26438,625,20.9972857259,21.0270333333,False
0,26439,625,20.9477249643,21.0270333333,False
0,26440,625,20.9455508458,21.0270333333,False
0,26441,626,20.9837468959,21.0603666667,False
0,26442,626,20.9890097465,21.0603666667,False
0,26443,627,21.0129893624,21.0937,False
0,26444,627,21.0012237206,21.0937,False
0,26445,627,21.0221810035,21.0937,False
0,26446,627,20.9921219393,21.0937,False
0,26447,627,21.0395993617,21.0937,False
0,26448,627,21.0178624405,21.0937,False
0,26449,627,21.0828491959,21.0937,False
0,26450,628,21.0659241476,21.1270333333,False
0,26451,628,21.0730640611,21.1270333333,False
0,26452,629,21.0853446225,21.1603666667,False
0,26453,629,21.0971421606,21.1603666667,False
0,26454,629,21.134461679,21.1603666667,False
0,26455,629,21.1037207384,21.1603666667,False
0,26456,629,21.1334953758,21.1603666667,False
0,26457,629,21.0771419743,21.1603666667,False
0,26458,629,21.1211181112,21.1603666667,False
0,26459,629,21.1126521226,21.1603666667,False
0,26460,629,21.1087154248,21.1603666667,False
0,26461,629,21.0877516164,21.1603666667,False
0,26462,629,21.0828616735,21.1603666667,False
0,26463,629,21.0405692176,21.1603666667,False
0,26464,629,21.1036361117,21.1603666667,False
0,26465,629,21.0888160276,21.1603666667,False
0,26466,629,21.0503684012,21.1603666667,False
0,26467,629,21.0890830783,21.1603666667,False
0,26468,629,21.1164113609,21.1603666667,False
0,26469,629,21.0879405836,21.1603666667,False
0,26470,629,21.1319485039,21.1603666667,False
0,26471,629,21.1109769058,21.1603666667,False
0,26472,629,21.0927860041,21.1603666667,False
0,26473,629,21.0800459687,21.1603666667,False
0,26474,629,21.1091607746,21.1603666667,False
0,26475,629,21.0722754795,21.1603666667,False
0,26476,629,21.1034376384,21.1603666667,False
0,26477,629,21.0932661395,21.1603666667,False
0,26478,629,21.0647848877,21.1603666667,False
0,26479,629,21.1433042173,21.1603666667,False
0,26480,629,21.0828229927,21.1603666667,False
0,26481,629,21.0713952377,21.1603666667,False
0,26482,629,21.0646865829,21.1603666667,False
0,26483,629,21.1179777511,21.1603666667,False
0,26484,629,21.1169108151,21.1603666667,False
0,26485,629,21.0782590361,21.1603666667,False
0,26486,629,21.1387509935,21.1603666667,False
0,26487,629,21.0341839753,21.1603666667,False
0,26488,629,21.1006091369,21.1603666667,False
0,26489,629,21.0988541704,21.1603666667,False
0,26490,629,21.0821334494,21.1603666667,False
0,26491,629,21.1247465412,21.1603666667,False
0,26492,629,21.0999921938,21.1603666667,False
0,26493,629,21.0785332325,21.1603666667,False
0,26494,629,21.1463209243,21.1603666667,False
0,26495,629,21.0660095499,21.1603666667,False
0,26496,629,21.1108752503,21.1603666667,False
0,26497,629,21.0519212122,21.1603666667,False
0,26498,629,21.1218356562,21.1603666667,False
0,26499,629,21.1070726173,21.1603666667,False
0,26500,629,21.0967543606,21.1603666667,False
0,26501,629,21.0680846795,21.1603666667,False
0,26502,629,21.0594252301,21.1603666667,False
0,26503,629,21.0605905723,21.1603666667,False
0,26504,629,21.0993505226,21.1603666667,False
0,26505,629,21.125732217,21.1603666667,False
0,26506,629,21.1551261753,21.1603666667,False
0,26507,629,21.048655498,21.1603666667,False
0,26508,629,21.1056848676,21.1603666667,False
0,26509,629,21.0554024534,21.1603666667,False
0,26510,629,21.1100106318,21.1603666667,False
0,26511,629,21.0738573591,21.1603666667,False
0,26512,629,21.1297904823,21.1603666667,False
0,26513,629,21.0508103023,21.1603666667,False
0,26514,629,21.138848715,21.1603666667,False
0,26515,629,21.0905988819,21.1603666667,False
0,26516,629,21.0877783037,21.1603666667,False
0,26517,629,21.1388293022,21.1603666667,False
0,26518,629,21.1095049064,21.1603666667,False
0,26519,629,21.0673137105,21.1603666667,False
0,26520,629,21.0878472176,21.1603666667,False
0,26521,629,21.1037807845,21.1603666667,False
0,26522,629,21.0745226441,21.1603666667,False
0,26523,629,21.0336437777,21.1603666667,False
0,26524,629,21.0602235777,21.1603666667,False
0,26525,629,21.1188750172,21.1603666667,False
0,26526,629,21.0878067321,21.1603666667,False
0,26527,629,21.0875881666,21.1603666667,False
0,26528,629,21.1094911085,21.1603666667,False
0,26529,629,21.0567810537,21.1603666667,False
0,26530,629,21.0674826548,21.1603666667,False
0,26531,629,21.1001490758,21.1603666667,False
0,26532,629,21.1036844088,21.1603666667,False
0,26533,629,21.0901340669,21.1603666667,False
0,26534,629,21.0959629816,21.1603666667,False
0,26535,629,21.0355782899,21.1603666667,False
0,26536,629,21.0921574336,21.1603666667,False
0,26537,629,21.0948554077,21.1603666667,False
0,26538,629,21.0557118951,21.1603666667,False
0,26539,629,21.0718851169,21.1603666667,False
0,26540,629,21.0811159106,21.1603666667,False
0,26541,629,21.1251580832,21.1603666667,False
0,26542,629,21.0687284355,21.1603666667,False
0,26543,629,21.1018592474,21.1603666667,False
0,26544,629,21.0659552133,21.1603666667,False
0,26545,629,21.0520067993,21.1603666667,False
0,26546,629,21.0874102882,21.1603666667,False
0,26547,629,21.0647735176,21.1603666667,False
0,26548,629,21.0814681725,21.1603666667,False
0,26549,629,21.0814573373,21.1603666667,False
0,26550,629,21.1069576639,21.1603666667,False
0,26551,630,21.0776083747,21.1937,False
0,26552,630,21.1386316953,21.1937,False
0,26553,630,21.1047403514,21.1937,False
0,26554,630,21.1221820058,21.1937,False
0,26555,630,21.1784132108,21.1937,False
0,26556,631,21.1844745337,21.2270333333,False
0,26557,631,21.1549714634,21.2270333333,False
0,26558,631,21.1315088841,21.2270333333,False
0,26559,632,21.1513569753,21.2603666667,False
0,26560,632,21.1765122884,21.2603666667,False
0,26561,633,21.2069210148,21.2937,False
0,26562,633,21.2311789184,21.2937,False
0,26563,634,21.2367777191,21.3270333333,False
0,26564,634,21.253015481,21.3270333333,False
0,26565,634,21.2893789903,21.3270333333,False
0,26566,634,21.2388904361,21.3270333333,False
0,26567,634,21.2582860976,21.3270333333,False
0,26568,634,21.29743947,21.3270333333,False
0,26569,634,21.1914251962,21.3270333333,False
0,26570,634,21.279400824,21.3270333333,False
0,26571,634,21.3139733033,21.3270333333,False
0,26572,634,21.2537633538,21.3270333333,False
0,26573,634,21.2440013987,21.3270333333,False
0,26574,634,21.250397974,21.3270333333,False
0,26575,634,21.2274421574,21.3270333333,False
0,26576,634,21.2587655477,21.3270333333,False
0,26577,634,21.2244572034,21.3270333333,False
0,26578,634,21.2461287271,21.3270333333,False
0,26579,634,21.2856952032,21.3270333333,False
0,26580,634,21.2397633558,21.3270333333,False
0,26581,634,21.2405329086,21.3270333333,False
0,26582,634,21.2509136894,21.3270333333,False
0,26583,634,21.2240221745,21.3270333333,False
0,26584,634,21.2541059813,21.3270333333,False
0,26585,634,21.2131535516,21.3270333333,False
0,26586,634,21.2521414791,21.3270333333,False
0,26587,634,21.2378840735,21.3270333333,False
0,26588,634,21.2650645119,21.3270333333,False
0,26589,634,21.2185177427,21.3270333333,False
0,26590,634,21.2318493924,21.3270333333,False
0,26591,634,21.2583683528,21.3270333333,False
0,26592,634,21.2127553915,21.3270333333,False
0,26593,634,21.245972113,21.3270333333,False
0,26594,634,21.2349217519,21.3270333333,False
0,26595,634,21.2539851255,21.3270333333,False
0,26596,634,21.2866369139,21.3270333333,False
0,26597,634,21.2746312672,21.3270333333,False
0,26598,634,21.2717993486,21.3270333333,False
0,26599,634,21.2497432745,21.3270333333,False
0,26600,634,21.2633464326,21.3270333333,False
0,26601,634,21.2834147116,21.3270333333,False
0,26602,634,21.2621383628,21.3270333333,False
0,26603,634,21.2711449336,21.3270333333,False
0,26604,634,21.2484550148,21.3270333333,False
0,26605,634,21.3024840287,21.3270333333,False
0,26606,634,21.2582636798,21.3270333333,False
0,26607,634,21.2904400209,21.3270333333,False
0,26608,634,21.2743842089,21.3270333333,False
0,26609,634,21.2805611424,21.3270333333,False
0,26610,634,21.2499644477,21.3270333333,False
0,26611,634,21.249287617,21.3270333333,False
0,26612,634,21.2289400802,21.3270333333,False
0,26613,634,21.2697065884,21.3270333333,False
0,26614,634,21.2526727372,21.3270333333,False
0,26615,634,21.2517225027,21.3270333333,False
0,26616,634,21.2758525314,21.3270333333,False
0,26617,634,21.2464454454,21.3270333333,False
0,26618,634,21.2505749642,21.3270333333,False
0,26619,634,21.2622975656,21.3270333333,False
0,26620,634,21.2402547773,21.3270333333,False
0,26621,634,21.2412519296,21.3270333333,False
0,26622,634,21.2418916829,21.3270333333,False
0,26623,634,21.2591850468,21.3270333333,False
0,26624,634,21.2388598073,21.3270333333,False
0,26625,634,21.2518224317,21.3270333333,False
0,26626,634,21.2323412929,21.3270333333,False
0,26627,634,21.271968485,21.3270333333,False
0,26628,634,21.248146581,21.3270333333,False
0,26629,634,21.2705657607,21.3270333333,False
0,26630,634,21.2733433366,21.3270333333,False
0,26631,634,21.253617638,21.3270333333,False
0,26632,634,21.2510482053,21.3270333333,False
0,26633,634,21.2738735338,21.3270333333,False
0,26634,634,21.2073128125,21.3270333333,False
0,26635,634,21.260891238,21.3270333333,False
0,26636,634,21.2256031527,21.3270333333,False
0,26637,634,21.2778663049,21.3270333333,False
0,26638,634,21.2378721225,21.3270333333,False
0,26639,634,21.2392186306,21.3270333333,False
0,26640,634,21.2453073738,21.3270333333,False
0,26641,634,21.2862380642,21.3270333333,False
0,26642,634,21.2118688373,21.3270333333,False
0,26643,634,21.2266727798,21.3270333333,False
0,26644,634,21.2494541071,21.3270333333,False
0,26645,634,21.2783740654,21.3270333333,False
0,26646,634,21.2403674765,21.3270333333,False
0,26647,634,21.2566127458,21.3270333333,False
0,26648,634,21.2717469039,21.3270333333,False
0,26649,634,21.270048819,21.3270333333,False
0,26650,634,21.2314682392,21.3270333333,False
0,26651,634,21.2543214976,21.3270333333,False
0,26652,634,21.2741611823,21.3270333333,False
0,26653,634,21.2811670249,21.3270333333,False
0,26654,634,21.235881514,21.3270333333,False
0,26655,634,21.2876521316,21.3270333333,False
0,26656,634,21.2704451874,21.3270333333,False
0,26657,634,21.2477949806,21.3270333333,False
0,26658,634,21.2523435285,21.3270333333,False
0,26659,634,21.2437131734,21.3270333333,False
0,26660,634,21.2522893818,21.3270333333,False
0,26661,634,21.2541526117,21.3270333333,False
0,26662,634,21.2548661929,21.3270333333,False
0,26663,634,21.2566788528,21.3270333333,False
0,26664,635,21.316916833,21.3603666667,False
0,26665,635,21.2997256034,21.3603666667,False
0,26666,635,21.2556167692,21.3603666667,False
0,26667,635,21.2691580579,21.3603666667,False
0,26668,636,21.3127525355,21.3937,False
0,26669,636,21.3479976379,21.3937,False
0,26670,637,21.3364608523,21.4270333333,False
0,26671,638,21.3883881625,21.4603666667,False
0,26672,639,21.4689067057,21.4937,False
0,26673,639,21.4151116345,21.4937,False
0,26674,639,21.4159568757,21.4937,False
0,26675,639,21.4128559345,21.4937,False
0,26676,639,21.4402428053,21.4937,False
0,26677,639,21.4399097521,21.4937,False
0,26678,639,21.4057845049,21.4937,False
0,26679,639,21.373649225,21.4937,False
0,26680,639,21.4387231011,21.4937,False
0,26681,639,21.3889446134,21.4937,False
0,26682,639,21.4407949497,21.4937,False
0,26683,639,21.4042663194,21.4937,False
0,26684,639,21.4091989059,21.4937,False
0,26685,639,21.4298719236,21.4937,False
0,26686,639,21.4752816957,21.4937,False
0,26687,639,21.3847036961,21.4937,False
0,26688,639,21.4586099258,21.4937,False
0,26689,639,21.405977535,21.4937,False
0,26690,639,21.3985860276,21.4937,False
0,26691,639,21.3884554784,21.4937,False
0,26692,639,21.4385943597,21.4937,False
0,26693,639,21.3955434257,21.4937,False
0,26694,639,21.4319938114,21.4937,False
0,26695,639,21.4500408248,21.4937,False
0,26696,639,21.4509220503,21.4937,False
0,26697,639,21.4351673725,21.4937,False
0,26698,639,21.4470116128,21.4937,False
0,26699,639,21.4100300724,21.4937,False
0,26700,639,21.4418635751,21.4937,False
0,26701,639,21.3758495652,21.4937,False
0,26702,639,21.4481905625,21.4937,False
0,26703,639,21.4129501199,21.4937,False
0,26704,639,21.3927707921,21.4937,False
0,26705,639,21.4187553561,21.4937,False
0,26706,639,21.4257663454,21.4937,False
0,26707,639,21.434452056,21.4937,False
0,26708,639,21.4142944484,21.4937,False
0,26709,639,21.3867249303,21.4937,False
0,26710,639,21.4034761282,21.4937,False
0,26711,639,21.4395239853,21.4937,False
0,26712,639,21.4239027311,21.4937,False
0,26713,639,21.3971257848,21.4937,False
0,26714,639,21.4376249257,21.4937,False
0,26715,639,21.4158494539,21.4937,False
0,26716,639,21.4059574893,21.4937,False
0,26717,639,21.4245639817,21.4937,False
0,26718,639,21.4261897614,21.4937,False
0,26719,639,21.4220291717,21.4937,False
0,26720,639,21.4479755,21.4937,False
0,26721,639,21.4010633005,21.4937,False
0,26722,639,21.4079008758,21.4937,False
0,26723,639,21.4239397774,21.4937,False
0,26724,639,21.4138212491,21.4937,False
0,26725,639,21.4061390157,21.4937,False
0,26726,639,21.4232939545,21.4937,False
0,26727,639,21.4393402229,21.4937,False
0,26728,639,21.4197640721,21.4937,False
0,26729,639,21.4264742205,21.4937,False
0,26730,639,21.396628228,21.4937,False
0,26731,639,21.4190331813,21.4937,False
0,26732,639,21.3990532113,21.4937,False
0,26733,639,21.3918932197,21.4937,False
0,26734,639,21.416937414,21.4937,False
0,26735,639,21.4517322812,21.4937,False
0,26736,639,21.4289538482,21.4937,False
0,26737,639,21.4505349106,21.4937,False
0,26738,639,21.4664053677,21.4937,False
0,26739,639,21.425295812,21.4937,False
0,26740,639,21.4369742078,21.4937,False
0,26741,639,21.4209571295,21.4937,False
0,26742,639,21.4142983021,21.4937,False
0,26743,639,21.4230193826,21.4937,False
0,26744,639,21.4679408981,21.4937,False
0,26745,639,21.4120471281,21.4937,False
0,26746,639,21.4194738164,21.4937,False
0,26747,639,21.4222400823,21.4937,False
0,26748,639,21.4078540288,21.4937,False
0,26749,639,21.425038895,21.4937,False
0,26750,639,21.4705215889,21.4937,False
0,26751,639,21.3969244927,21.4937,False
0,26752,639,21.4438766867,21.4937,False
0,26753,639,21.4336630603,21.4937,False
0,26754,639,21.4747866483,21.4937,False
0,26755,639,21.4373727122,21.4937,False
0,26756,639,21.416765824,21.4937,False
0,26757,639,21.3869734203,21.4937,False
0,26758,639,21.400065207,21.4937,False
0,26759,639,21.4081741502,21.4937,False
0,26760,639,21.4442453698,21.4937,False
0,26761,639,21.4556655137,21.4937,False
0,26762,639,21.4715893576,21.4937,False
0,26763,639,21.4383704693,21.4937,False
0,26764,639,21.433316457,21.4937,False
0,26765,639,21.392393755,21.4937,False
0,26766,639,21.4191658835,21.4937,False
0,26767,639,21.4350056364,21.4937,False
0,26768,639,21.4516590724,21.4937,False
0,26769,639,21.4299581855,21.4937,False
0,26770,639,21.4475669759,21.4937,False
0,26771,639,21.4384805067,21.4937,False
0,26772,640,21.4481930807,21.5270333333,False
0,26773,640,21.4412579569,21.5270333333,False
0,26774,640,21.465292601,21.5270333333,False
0,26775,640,21.481178461,21.5270333333,False
0,26776,641,21.4989076448,21.5603666667,False
0,26777,641,21.4663238189,21.5603666667,False
0,26778,641,21.4999560349,21.5603666667,False
0,26779,642,21.5439353302,21.5937,False
0,26780,642,21.5333584533,21.5937,False
0,26781,643,21.5829513965,21.6270333333,False
0,26782,643,21.556007568,21.6270333333,False
0,26783,644,21.5902414737,21.6603666667,False
0,26784,644,21.607011872,21.6603666667,False
0,26785,644,21.5782555273,21.6603666667,False
0,26786,644,21.6035331397,21.6603666667,False
0,26787,644,21.5593746312,21.6603666667,False
0,26788,644,21.6059295146,21.6603666667,False
0,26789,644,21.5881939273,21.6603666667,False
0,26790,644,21.605234094,21.6603666667,False
0,26791,644,21.5515654612,21.6603666667,False
0,26792,644,21.5814676156,21.6603666667,False
0,26793,644,21.5885835154,21.6603666667,False
0,26794,644,21.5401538439,21.6603666667,False
0,26795,644,21.5467807783,21.6603666667,False
0,26796,644,21.6007251861,21.6603666667,False
0,26797,644,21.5600909169,21.6603666667,False
0,26798,644,21.6042682274,21.6603666667,False
0,26799,644,21.6408871016,21.6603666667,False
0,26800,644,21.6117741517,21.6603666667,False
0,26801,644,21.563834228,21.6603666667,False
0,26802,644,21.6208501557,21.6603666667,False
0,26803,644,21.6040575625,21.6603666667,False
0,26804,644,21.5723832661,21.6603666667,False
0,26805,644,21.6021497373,21.6603666667,False
0,26806,644,21.5723244382,21.6603666667,False
0,26807,644,21.6230027659,21.6603666667,False
0,26808,644,21.5841288316,21.6603666667,False
0,26809,644,21.5554038093,21.6603666667,False
0,26810,644,21.5603352152,21.6603666667,False
0,26811,644,21.5948170693,21.6603666667,False
0,26812,644,21.5797265488,21.6603666667,False
0,26813,644,21.5490250307,21.6603666667,False
0,26814,644,21.5720412542,21.6603666667,False
0,26815,644,21.5530945234,21.6603666667,False
0,26816,644,21.5688756884,21.6603666667,False
0,26817,644,21.6052364144,21.6603666667,False
0,26818,644,21.5997692094,21.6603666667,False
0,26819,644,21.5843818774,21.6603666667,False
0,26820,644,21.5925770921,21.6603666667,False
0,26821,644,21.59572946,21.6603666667,False
0,26822,644,21.5795694977,21.6603666667,False
0,26823,644,21.6206073821,21.6603666667,False
0,26824,644,21.586058724,21.6603666667,False
0,26825,644,21.5780801319,21.6603666667,False
0,26826,644,21.6218300223,21.6603666667,False
0,26827,644,21.6143792294,21.6603666667,False
0,26828,644,21.6101314489,21.6603666667,False
0,26829,644,21.5938938622,21.6603666667,False
0,26830,644,21.6105258327,21.6603666667,False
0,26831,644,21.6305677271,21.6603666667,False
0,26832,644,21.6072713625,21.6603666667,False
0,26833,644,21.6270683202,21.6603666667,False
0,26834,644,21.57434311,21.6603666667,False
0,26835,644,21.5778834564,21.6603666667,False
0,26836,644,21.6025867465,21.6603666667,False
0,26837,644,21.5719860172,21.6603666667,False
0,26838,644,21.5734592182,21.6603666667,False
0,26839,644,21.6106164826,21.6603666667,False
0,26840,644,21.6110090193,21.6603666667,False
0,26841,644,21.6023971672,21.6603666667,False
0,26842,644,21.5616239447,21.6603666667,False
0,26843,644,21.5903280167,21.6603666667,False
0,26844,644,21.6282900205,21.6603666667,False
0,26845,644,21.613479471,21.6603666667,False
0,26846,644,21.5939534039,21.6603666667,False
0,26847,644,21.6394969219,21.6603666667,False
0,26848,644,21.6070954632,21.6603666667,False
0,26849,644,21.6296614783,21.6603666667,False
0,26850,644,21.5971964396,21.6603666667,False
0,26851,644,21.5828167683,21.6603666667,False
0,26852,644,21.5622278605,21.6603666667,False
0,26853,644,21.6035597447,21.6603666667,False
0,26854,644,21.5622579771,21.6603666667,False
0,26855,644,21.5679422654,21.6603666667,False
0,26856,644,21.5773149567,21.6603666667,False
0,26857,644,21.5867081213,21.6603666667,False
0,26858,644,21.6000500153,21.6603666667,False
0,26859,644,21.6023352872,21.6603666667,False
0,26860,644,21.6029817423,21.6603666667,False
0,26861,644,21.6079186852,21.6603666667,False
0,26862,644,21.5939817371,21.6603666667,False
0,26863,644,21.592956215,21.6603666667,False
0,26864,644,21.5899743495,21.6603666667,False
0,26865,644,21.6346403893,21.6603666667,False
0,26866,644,21.5653859159,21.6603666667,False
0,26867,644,21.5556810588,21.6603666667,False
0,26868,644,21.5930857217,21.6603666667,False
0,26869,644,21.612526641,21.6603666667,False
0,26870,644,21.6203892609,21.6603666667,False
0,26871,644,21.5742576607,21.6603666667,False
0,26872,644,21.6076636895,21.6603666667,False
0,26873,644,21.617532908,21.6603666667,False
0,26874,644,21.6077891312,21.6603666667,False
0,26875,644,21.6107150776,21.6603666667,False
0,26876,644,21.5842887889,21.6603666667,False
0,26877,644,21.5874220876,21.6603666667,False
0,26878,644,21.6170811491,21.6603666667,False
0,26879,644,21.5407007884,21.6603666667,False
0,26880,644,21.5741720782,21.6603666667,False
0,26881,644,21.5857991959,21.6603666667,False
0,26882,644,21.5727558179,21.6603666667,False
0,26883,644,21.601559007,21.6603666667,False
0,26884,644,21.5961485661,21.6603666667,False
0,26885,645,21.6266087919,21.6937,False
0,26886,645,21.6331990899,21.6937,False
0,26887,646,21.7092695142,21.7270333333,False
0,26888,646,21.6429639666,21.7270333333,False
0,26889,647,21.661564462,21.7603666667,False
0,26890,648,21.7590313012,21.7937,False
0,26891,649,21.7228543473,21.8270333333,False
0,26892,649,21.7585878088,21.8270333333,False
0,26893,649,21.7774331751,21.8270333333,False
0,26894,649,21.7460224498,21.8270333333,False
0,26895,649,21.7674530264,21.8270333333,False
0,26896,649,21.798900087,21.8270333333,False
0,26897,649,21.7757168577,21.8270333333,False
0,26898,649,21.7259210992,21.8270333333,False
0,26899,649,21.7397652984,21.8270333333,False
0,26900,649,21.7562064477,21.8270333333,False
0,26901,649,21.778043337,21.8270333333,False
0,26902,649,21.7013791126,21.8270333333,False
0,26903,649,21.757163725,21.8270333333,False
0,26904,649,21.7991410161,21.8270333333,False
0,26905,649,21.7960782438,21.8270333333,False
0,26906,649,21.7835864698,21.8270333333,False
0,26907,649,21.7014851283,21.8270333333,False
0,26908,649,21.6845200657,21.8270333333,False
0,26909,649,21.7793059392,21.8270333333,False
0,26910,649,21.7227202673,21.8270333333,False
0,26911,649,21.7360045541,21.8270333333,False
0,26912,649,21.7480964442,21.8270333333,False
0,26913,649,21.7704192433,21.8270333333,False
0,26914,649,21.7855562875,21.8270333333,False
0,26915,649,21.7508428306,21.8270333333,False
0,26916,649,21.74143517,21.8270333333,False
0,26917,649,21.7184083605,21.8270333333,False
0,26918,649,21.7736851056,21.8270333333,False
0,26919,649,21.7822946459,21.8270333333,False
0,26920,649,21.745493193,21.8270333333,False
0,26921,649,21.7747335347,21.8270333333,False
0,26922,649,21.776449007,21.8270333333,False
0,26923,649,21.7212934494,21.8270333333,False
0,26924,649,21.7892076767,21.8270333333,False
0,26925,649,21.7731692738,21.8270333333,False
0,26926,649,21.7313633665,21.8270333333,False
0,26927,649,21.7428835998,21.8270333333,False
0,26928,649,21.7808914991,21.8270333333,False
0,26929,649,21.7490301643,21.8270333333,False
0,26930,649,21.7335046586,21.8270333333,False
0,26931,649,21.7185539582,21.8270333333,False
0,26932,649,21.7958050872,21.8270333333,False
0,26933,649,21.7965429166,21.8270333333,False
0,26934,649,21.7390651658,21.8270333333,False
0,26935,649,21.7736409071,21.8270333333,False
0,26936,649,21.7588947473,21.8270333333,False
0,26937,649,21.7513807966,21.8270333333,False
0,26938,649,21.7744213141,21.8270333333,False
0,26939,649,21.7678791036,21.8270333333,False
0,26940,649,21.7182750928,21.8270333333,False
0,26941,649,21.8083483831,21.8270333333,False
0,26942,649,21.7466480081,21.8270333333,False
0,26943,649,21.7627504207,21.8270333333,False
0,26944,649,21.8053955442,21.8270333333,False
0,26945,649,21.7986533959,21.8270333333,False
0,26946,649,21.80002458,21.8270333333,False
0,26947,649,21.7372743777,21.8270333333,False
0,26948,649,21.7627574821,21.8270333333,False
0,26949,649,21.7444120372,21.8270333333,False
0,26950,649,21.7161865161,21.8270333333,False
0,26951,649,21.776321035,21.8270333333,False
0,26952,649,21.7569167832,21.8270333333,False
0,26953,649,21.8042439233,21.8270333333,False
0,26954,649,21.8096483874,21.8270333333,False
0,26955,649,21.7746223902,21.8270333333,False
0,26956,649,21.7377280834,21.8270333333,False
0,26957,649,21.7534487312,21.8270333333,False
0,26958,649,21.7481191522,21.8270333333,False
0,26959,649,21.7696674106,21.8270333333,False
0,26960,649,21.7471268469,21.8270333333,False
0,26961,649,21.7143771906,21.8270333333,False
0,26962,649,21.756823244,21.8270333333,False
0,26963,649,21.7249582233,21.8270333333,False
0,26964,649,21.7767679133,21.8270333333,False
0,26965,649,21.8110656934,21.8270333333,False
0,26966,649,21.7873818245,21.8270333333,False
0,26967,649,21.754869483,21.8270333333,False
0,26968,649,21.7628871589,21.8270333333,False
0,26969,649,21.7671948918,21.8270333333,False
0,26970,649,21.7687213812,21.8270333333,False
0,26971,649,21.7438352837,21.8270333333,False
0,26972,649,21.7806248387,21.8270333333,False
0,26973,649,21.7512622474,21.8270333333,False
0,26974,649,21.7531964253,21.8270333333,False
0,26975,649,21.7577131667,21.8270333333,False
0,26976,649,21.7436515588,21.8270333333,False
0,26977,649,21.7823707746,21.8270333333,False
0,26978,649,21.7884973585,21.8270333333,False
0,26979,649,21.7457938064,21.8270333333,False
0,26980,649,21.7717115529,21.8270333333,False
0,26981,649,21.7402836139,21.8270333333,False
0,26982,649,21.7863963789,21.8270333333,False
0,26983,649,21.7192525908,21.8270333333,False
0,26984,649,21.7227367758,21.8270333333,False
0,26985,649,21.7651597695,21.8270333333,False
0,26986,649,21.7768188335,21.8270333333,False
0,26987,649,21.7440857524,21.8270333333,False
0,26988,649,21.7371411533,21.8270333333,False
0,26989,649,21.7808469139,21.8270333333,False
0,26990,649,21.7742017546,21.8270333333,False
0,26991,649,21.774186581,21.8270333333,False
0,26992,649,21.7379905183,21.8270333333,False
0,26993,650,21.7769544224,21.8603666667,False
0,26994,650,21.769980247,21.8603666667,False
0,26995,650,21.7854905587,21.8603666667,False
0,26996,651,21.8369285562,21.8937,False
0,26997,651,21.8057924096,21.8937,False
0,26998,652,21.8424923884,21.9270333333,False
0,26999,652,21.8835477643,21.9270333333,False
0,27000,653,21.8779995074,21.9603666667,False
0,27001,654,21.9309947783,21.9937,False
0,27002,654,21.9416606548,21.9937,False
0,27003,654,21.8842114841,21.9937,False
0,27004,654,21.9311461976,21.9937,False
0,27005,654,21.9401647233,21.9937,False
0,27006,654,21.9064246473,21.9937,False
0,27007,654,21.9467163875,21.9937,False
0,27008,654,21.9283894113,21.9937,False
0,27009,654,21.9418558275,21.9937,False
0,27010,654,21.9209257452,21.9937,False
0,27011,654,21.9577140791,21.9937,False
0,27012,654,21.9315571325,21.9937,False
0,27013,654,21.9146286029,21.9937,False
0,27014,654,21.9052999314,21.9937,False
0,27015,654,21.9097795822,21.9937,False
0,27016,654,21.8804449235,21.9937,False
0,27017,654,21.918223269,21.9937,False
0,27018,654,21.9321647963,21.9937,False
0,27019,654,21.9115557676,21.9937,False
0,27020,654,21.9116420873,21.9937,False
0,27021,654,21.9600013778,21.9937,False
0,27022,654,21.9110278955,21.9937,False
0,27023,654,21.8828410179,21.9937,False
0,27024,654,21.9336415721,21.9937,False
0,27025,654,21.8831771499,21.9937,False
0,27026,654,21.8879416256,21.9937,False
0,27027,654,21.9226398962,21.9937,False
0,27028,654,21.9215875255,21.9937,False
0,27029,654,21.9433281174,21.9937,False
0,27030,654,21.9031557652,21.9937,False
0,27031,654,21.9207381484,21.9937,False
0,27032,654,21.9539728023,21.9937,False
0,27033,654,21.9346554732,21.9937,False
0,27034,654,21.9451812031,21.9937,False
0,27035,654,21.9098291238,21.9937,False
0,27036,654,21.8768958052,21.9937,False
0,27037,654,21.9224678619,21.9937,False
0,27038,654,21.9421777194,21.9937,False
0,27039,654,21.9035840788,21.9937,False
0,27040,654,21.9141626264,21.9937,False
0,27041,654,21.9487467695,21.9937,False
0,27042,654,21.9260526783,21.9937,False
0,27043,654,21.8943956523,21.9937,False
0,27044,654,21.9399188212,21.9937,False
0,27045,654,21.9596765655,21.9937,False
0,27046,654,21.9275996614,21.9937,False
0,27047,654,21.930603785,21.9937,False
0,27048,654,21.903476535,21.9937,False
0,27049,654,21.8749785746,21.9937,False
0,27050,654,21.9567598331,21.9937,False
0,27051,654,21.8871401914,21.9937,False
0,27052,654,21.9635175432,21.9937,False
0,27053,654,21.8921511453,21.9937,False
0,27054,654,21.9306247884,21.9937,False
0,27055,654,21.9284070622,21.9937,False
0,27056,654,21.9333531473,21.9937,False
0,27057,654,21.9060016981,21.9937,False
0,27058,654,21.9387423357,21.9937,False
0,27059,654,21.8724470834,21.9937,False
0,27060,654,21.9445407556,21.9937,False
0,27061,654,21.8875446821,21.9937,False
0,27062,654,21.9698810274,21.9937,False
0,27063,654,21.9156581436,21.9937,False
0,27064,654,21.9614849794,21.9937,False
0,27065,654,21.9455489247,21.9937,False
0,27066,654,21.9288858528,21.9937,False
0,27067,654,21.9379787296,21.9937,False
0,27068,654,21.939054067,21.9937,False
0,27069,654,21.9136862431,21.9937,False
0,27070,654,21.9329337304,21.9937,False
0,27071,654,21.952834912,21.9937,False
0,27072,654,21.9073809133,21.9937,False
0,27073,654,21.9407628203,21.9937,False
0,27074,654,21.8421097214,21.9937,False
0,27075,654,21.9304834747,21.9937,False
0,27076,654,21.9801891962,21.9937,False
0,27077,654,21.9385789193,21.9937,False
0,27078,654,21.9251437285,21.9937,False
0,27079,654,21.9584257498,21.9937,False
0,27080,654,21.9053875182,21.9937,False
0,27081,654,21.9575946421,21.9937,False
0,27082,654,21.9032038882,21.9937,False
0,27083,654,21.9720640281,21.9937,False
0,27084,654,21.9008785276,21.9937,False
0,27085,654,21.9813334301,21.9937,False
0,27086,654,21.9137317921,21.9937,False
0,27087,654,21.935594809,21.9937,False
0,27088,654,21.9473133325,21.9937,False
0,27089,654,21.9371786779,21.9937,False
0,27090,654,21.9367793847,21.9937,False
0,27091,654,21.8971197649,21.9937,False
0,27092,654,21.9550973221,21.9937,False
0,27093,654,21.9184980755,21.9937,False
0,27094,654,21.9354920693,21.9937,False
0,27095,654,21.9674194652,21.9937,False
0,27096,654,21.9805682719,21.9937,False
0,27097,654,21.9028471618,21.9937,False
0,27098,655,21.9981089289,22.0270333333,False
0,27099,655,21.9705591886,22.0270333333,False
0,27100,655,21.9313639799,22.0270333333,False
0,27101,655,21.9733224696,22.0270333333,False
0,27102,656,21.9969009843,22.0603666667,False
0,27103,656,21.9371854094,22.0603666667,False
0,27104,657,21.952126717,22.0937,False
0,27105,658,22.0588892227,22.1270333333,False
0,27106,658,22.0498454037,22.1270333333,False
